Processed by Rodrigo Alejandro Garcia (UWA), rodrigo.garcia@uwa.edu.au
acquisition id,00000,00001,00002,00003,00004,00005,00006,00007,00008,00009,00010,00011,00012,00013,00014,00015,00016,00017,00018,00019,00020,00021,00022,00023,00024,00025,00026,00027,00028,00029,00030,00031,00032,00033,00034,00035,00036,00037,00038,00039,00040,00041,00042,00043,00044,00045,00046,00047
UTC datetime,2021-11-13T02:48:42,2021-11-13T02:48:46,2021-11-13T02:48:49,2021-11-13T02:48:53,2021-11-13T02:48:56,2021-11-13T02:48:59,2021-11-13T02:49:03,2021-11-13T02:49:06,2021-11-13T02:49:09,2021-11-13T02:49:13,2021-11-13T02:49:16,2021-11-13T02:49:19,2021-11-13T02:49:23,2021-11-13T02:49:26,2021-11-13T02:49:29,2021-11-13T02:49:33,2021-11-13T02:49:36,2021-11-13T02:49:39,2021-11-13T02:49:43,2021-11-13T02:49:46,2021-11-13T02:49:49,2021-11-13T02:49:53,2021-11-13T02:49:56,2021-11-13T02:50:00,2021-11-13T02:50:03,2021-11-13T02:50:06,2021-11-13T02:50:09,2021-11-13T02:50:13,2021-11-13T02:50:16,2021-11-13T02:50:20,2021-11-13T02:50:23,2021-11-13T02:50:26,2021-11-13T02:50:29,2021-11-13T02:50:33,2021-11-13T02:50:36,2021-11-13T02:50:39,2021-11-13T02:50:43,2021-11-13T02:50:46,2021-11-13T02:50:49,2021-11-13T02:50:53,2021-11-13T02:50:56,2021-11-13T02:50:59,2021-11-13T02:51:03,2021-11-13T02:51:06,2021-11-13T02:51:09,2021-11-13T02:51:13,2021-11-13T02:51:16,2021-11-13T02:51:19
latitude (deg. north),-32.3095767,-32.30957896666667,-32.30958066666667,-32.30958293333334,-32.30958463333334,-32.309586333333336,-32.309588600000005,-32.3095903,-32.309592,-32.30959466666667,-32.30959666666667,-32.309598666666666,-32.30960133333333,-32.309603333333335,-32.30960533333334,-32.309608000000004,-32.30961,-32.309612,-32.30961013333334,-32.309608733333334,-32.30960733333333,-32.30960546666667,-32.309604066666665,-32.3096022,-32.3096008,-32.3095994,-32.309598,-32.30959893333333,-32.309599633333335,-32.30960056666667,-32.30960126666667,-32.30960196666667,-32.30960266666666,-32.309603599999996,-32.3096043,-32.309605,-32.30960833333333,-32.30961083333333,-32.30961333333333,-32.30961666666666,-32.309619166666664,-32.309621666666665,-32.309625,-32.3096275,-32.30963,-32.3096344,-32.309637699999996,-32.309641
longitude (deg. east),115.8647213,115.86470703333333,115.86469633333334,115.86468206666667,115.86467136666667,115.86466066666667,115.8646464,115.86463570000001,115.864625,115.86460393333334,115.86458813333334,115.86457233333334,115.86455126666667,115.86453546666667,115.86451966666667,115.8644986,115.8644828,115.864467,115.8644398,115.8644194,115.864399,115.8643718,115.8643514,115.8643242,115.8643038,115.86428339999999,115.864263,115.86424819999999,115.8642371,115.8642223,115.8642112,115.8642001,115.864189,115.86417420000001,115.8641631,115.864152,115.86413493333333,115.86412213333334,115.86410933333333,115.86409226666667,115.86407946666667,115.86406666666667,115.8640496,115.8640368,115.864024,115.86401706666666,115.86401186666667,115.86400666666667

spectral units,Radiance (W m^-2 nm^-1 sr^-1)
wavelength (nm),00000,00001,00002,00003,00004,00005,00006,00007,00008,00009,00010,00011,00012,00013,00014,00015,00016,00017,00018,00019,00020,00021,00022,00023,00024,00025,00026,00027,00028,00029,00030,00031,00032,00033,00034,00035,00036,00037,00038,00039,00040,00041,00042,00043,00044,00045,00046,00047
350.0,0.000751685176510364,0.000785098935011774,0.000813928025308996,0.000786157615948468,0.000666350533720106,0.000723051023669541,0.00083709869068116,0.000845420698169619,0.000771816121414304,0.000751827785279602,0.000839545507915318,0.000935630698222667,0.000918256118893623,0.000877702899742872,0.000822213594801724,0.000738979375455529,0.000770003476645797,0.000868237460963428,0.000827488023787737,0.000763090676628053,0.000698224874213338,0.000868997478391975,0.000672118738293648,0.000827403157018125,0.00079579692101106,0.000812194833997637,0.000812228361610323,0.000783773022703826,0.000672257854603231,0.000727321312297136,0.000732418440748006,0.00082302512601018,0.00100374908652157,0.000925491738598794,0.000853055506013334,0.000897765974514186,0.000788426026701927,0.00064370350446552,0.000587265298236161,0.000706033373717219,0.000788104254752398,0.000820942979771644,0.000812555954325944,0.000926588545553386,0.000946965359617025,0.000777718087192625,0.000695103430189192,0.000765762175433338,
351.0,0.00075222400482744,0.000790097285062075,0.000809486140497029,0.000783721334300935,0.000668365275487304,0.00073954917024821,0.00084132089978084,0.000857059436384588,0.000787522876635194,0.000742641743272543,0.000856675149407238,0.000933135044761002,0.000928395893424749,0.000885519839357585,0.000825431430712342,0.000747153419069946,0.000776968779973686,0.000878948485478759,0.00084387871902436,0.000771953142248094,0.000710517051629722,0.000870703021064401,0.000676269410178065,0.000819169566966593,0.00079901289427653,0.000833014724776149,0.000817879219539464,0.000791062717325985,0.000670145964249969,0.000737016438506544,0.000718609313480556,0.000836049090139568,0.00102009763941169,0.000941014382988214,0.000861718261148781,0.000909810187295079,0.000801380898337811,0.000640971178654581,0.00058701285161078,0.000715345202479512,0.000797703862190247,0.00082030042540282,0.000824237649794668,0.000954003422521055,0.000960314238909632,0.00078304234193638,0.000712549779564142,0.000787805474828929,
352.0,0.000761738454457372,0.000801617745310068,0.000824211048893631,0.000791309750638902,0.000681776436977088,0.000753046420868486,0.000855161400977522,0.000868407601956278,0.000806004332844168,0.000746739562600851,0.000867190072312951,0.000949593028053641,0.000945106497965753,0.000906214118003845,0.000836701423395425,0.000766852172091603,0.000784848409239203,0.000898125697858632,0.000856571074109524,0.000778109184466302,0.000730877567548305,0.000888257112819701,0.000691088323947042,0.000825347437057644,0.000811324163805693,0.00085585267515853,0.000832344696391374,0.000801771355327219,0.000678924145177007,0.000759748567361385,0.00073032162617892,0.000844921160023659,0.00103334162849933,0.00095720321405679,0.000873012118972838,0.000931535148993135,0.000811800942756236,0.000653769704513252,0.000600721046794206,0.000723671750165522,0.000802116701379418,0.000835093727800995,0.000837752129882574,0.000969238812103868,0.00097879278473556,0.000793869083281606,0.000727723643649369,0.000809857447165996,
353.0,0.000779218273237348,0.000818557513412088,0.000848924450110644,0.000811256468296051,0.000699260679539293,0.000761774484999478,0.000876681238878518,0.000881690415553749,0.000816279381979257,0.000769099802710116,0.000872916774824262,0.000978518044576049,0.000959426746703684,0.000931009592022747,0.000853706675115973,0.000787969038356096,0.000795084808487445,0.000918468402232975,0.000867295078933239,0.000789444718975574,0.000748658494558185,0.00091098144184798,0.000709201267454773,0.000849597912747413,0.000829679891467094,0.00086519931210205,0.000850606535095721,0.000819548266008496,0.00069670268567279,0.000782404677011073,0.000762121169827878,0.000850990123581141,0.00104513019323349,0.000972609908785671,0.000883139029610902,0.000954208022449166,0.000820734770968556,0.000672929745633155,0.000620499718934298,0.000730774248950183,0.000811228004749864,0.000862508488353342,0.000848298368509859,0.000972248497419059,0.00100067351013422,0.000809210992883891,0.000736161251552403,0.000825783470645547,
354.0,0.000780063564889133,0.000821903813630342,0.000846480426844209,0.000822132977191359,0.000689869921188802,0.000764613156206906,0.000880030216649175,0.000895434932317585,0.00080535642337054,0.000777822511736304,0.000880507635883987,0.000979556352831423,0.000953562906943262,0.000931599352043122,0.000854679325129837,0.000791304220911115,0.00080017646541819,0.000924776599276811,0.000873455253895372,0.000802737660706043,0.000745859346352518,0.000907138455659151,0.000705759157426655,0.000856944941915572,0.000831227982416749,0.00085133989341557,0.000854257727041841,0.000838923151604831,0.000694313261192292,0.000783678027801216,0.000751977553591132,0.000849541393108666,0.00106198224239051,0.000979418633505702,0.000875078025273979,0.00095431535737589,0.000820966030005366,0.000662549224216491,0.000627066707238555,0.000725039921235293,0.000827238662168384,0.000873763870913535,0.000851992692332715,0.000980403157882392,0.00102032744325697,0.000813603634014726,0.00074139260686934,0.000836572202388197,
355.0,0.000795537838712335,0.000831672979984432,0.000858441868331283,0.000840827473439276,0.000699731230270118,0.000778475718107075,0.000886015710420907,0.000906503119040281,0.000827021547593176,0.000784973613917828,0.000893280957825482,0.000983021105639637,0.000973912770859897,0.000940522062592208,0.000874460325576365,0.00080408644862473,0.000812763755675405,0.000935378309804946,0.000884554232470691,0.000820990127976984,0.000757075846195221,0.000919728248845786,0.00072070793248713,0.000867233553435653,0.000838530191686004,0.000878951395861804,0.000868948118295521,0.00085127167403698,0.000709012208972126,0.000786413031164557,0.000761155213695019,0.000876123609486967,0.00107313063926995,0.000997616327367723,0.000895164848770946,0.000963380094617605,0.000836353457998484,0.00067202077480033,0.000644379528239369,0.000734054308850318,0.000838243751786649,0.000877092301379889,0.000871221825946122,0.000996960676275194,0.00102314911782742,0.000827602983918041,0.000748311926145107,0.00085481588030234,
356.0,0.000805635005235672,0.000842662935610861,0.000860170344822109,0.000847462855745107,0.000704513513483107,0.000785068550612777,0.000889935297891498,0.000914853299036622,0.000840752327349037,0.000792093051131815,0.00090465322136879,0.000987315084785223,0.000983082456514239,0.000949576438870281,0.000881823769304901,0.000812018639408052,0.00082294485764578,0.000938680663239211,0.00088632560800761,0.00082392682088539,0.000762705516535789,0.000929840723983943,0.000731184787582606,0.00086834083776921,0.000847065472044051,0.000887341622728854,0.000883418368175626,0.000855557387694716,0.000720464391633868,0.000782161834649742,0.000763887830544263,0.000891070172656327,0.00107669516000897,0.00101130979601294,0.00091115350369364,0.000970978522673249,0.000846163602545857,0.000683359045069665,0.000652515969704837,0.000742354721296579,0.000847315008286387,0.000884803768713027,0.00088130246149376,0.00100227619986981,0.00102113524917513,0.000835526559967548,0.000748980673961341,0.000856398139148951,
357.0,0.000806798983830959,0.00085490953642875,0.000856641971040517,0.000844117370434105,0.000703151628840715,0.000785347539931536,0.00089532375568524,0.000922303821425885,0.00083707767771557,0.000804699026048183,0.000912076095119119,0.000995562179014087,0.0009804368019104,0.000957127951551229,0.000876251433510333,0.000816219777334481,0.000829976168461144,0.000942840764764696,0.000885903427843004,0.000818544591311365,0.000760936993174255,0.000935802177991718,0.000732738466467708,0.000868458941113204,0.00085827469592914,0.000871483527589589,0.00089243333786726,0.000860337633639574,0.000723805802408606,0.000781316950451583,0.00076056329999119,0.000884664128534496,0.001082569709979,0.00102014397270977,0.000915822573006153,0.000978566356934607,0.000847428513225168,0.000690527551341802,0.000651087437290698,0.000748765480238944,0.000860075524542481,0.000899413076695055,0.000881860672961921,0.00100155989639461,0.0010296335676685,0.000836944265756756,0.000750458857510239,0.000846088223624974,
358.0,0.000823096663225442,0.000878309481777251,0.000896989193279296,0.000863983179442585,0.000732596614398062,0.000808392185717821,0.000918982841540128,0.000932549242861569,0.000858657353091985,0.000833699363283813,0.000920003629289567,0.00102094653993845,0.00102141837123781,0.000975703005678952,0.000903481326531619,0.000842161127366126,0.000847541843540967,0.00098301493562758,0.000918720616027713,0.000846887938678265,0.000779541442170739,0.000965734187047929,0.000752461317460984,0.000903481733985245,0.000884561217390001,0.000911750888917595,0.000904180284123868,0.000883510219864547,0.000741425028536469,0.00082014495274052,0.000795055937487632,0.000895207980647683,0.00111251743510365,0.00104762951377779,0.000944072788115591,0.00100786844268441,0.000865443143993616,0.000712205946911126,0.000669235247187316,0.0007756442646496,0.000882429827470332,0.000911041046492755,0.000908463203813881,0.00103276816662401,0.00106254452839494,0.000855027930811048,0.00077899283496663,0.000868127623107284,
359.0,0.000848128576762974,0.000880687381140888,0.000910244300030172,0.000875189958605915,0.000736592162866145,0.00081799557665363,0.000934361480176449,0.000948141969274729,0.000878460705280304,0.000846463197376579,0.000935627962462604,0.00103983795270324,0.0010355879785493,0.000986579456366599,0.000920518999919295,0.000856812635902315,0.000860131345689297,0.00100044638384134,0.00093163171550259,0.000863636028952897,0.000796003616414964,0.000981939258053899,0.000756640976760536,0.000922613253351301,0.000899150967597961,0.000936621392611414,0.00092651107115671,0.000897555670235306,0.000746541540138423,0.000831368612125516,0.000808031298220158,0.00091181875905022,0.00113015063107014,0.00105783506296575,0.000953023205511272,0.00101929844822735,0.000882437045220286,0.000721551070455462,0.000675690826028585,0.000782811548560858,0.000896027428098023,0.000926349719520658,0.000920645077712834,0.00105013337451965,0.00107892451342195,0.000868097238708287,0.000793092651292682,0.000884768553078175,
360.0,0.000864137546159327,0.000885803427081555,0.000916108954697847,0.000885624263901263,0.000738784437999129,0.000823358190245926,0.000947203952819109,0.000968546548392624,0.000892783515155315,0.000853482692036778,0.000952365924604237,0.00105834205169231,0.00104131945408881,0.00100960826966912,0.000934341514948756,0.000867029244545847,0.000873561890330166,0.00100925262086093,0.000945771462284029,0.000877612910699099,0.00081171712372452,0.000993884401395917,0.000763879565056413,0.000928415276575834,0.00091087375767529,0.000953321636188775,0.000945344276260585,0.000911153270862997,0.000754461623728275,0.00083625374827534,0.000814673257991672,0.000931125599890947,0.00114606856368482,0.0010699718259275,0.000959973258432001,0.00103745947126299,0.000891096715349704,0.000728412123862654,0.000683000718709081,0.000791879836469889,0.000906095723621547,0.000945181294810027,0.000927663524635136,0.00106752244755626,0.00109365116804838,0.000881889776792377,0.000799113127868623,0.000899865757673979,
361.0,0.000869176699779928,0.000913694675546139,0.000939645746257156,0.000905572611372918,0.000764818687457591,0.000841371656861156,0.000968142529018223,0.000993739813566208,0.000907257315702736,0.000870801275596023,0.000968921289313585,0.00108394864946604,0.00106579030398279,0.00105418905150145,0.000956407573539764,0.000885469606146216,0.000893898832146078,0.00103168853092939,0.000979425036348403,0.000901935913134366,0.000832407677080482,0.00101653160527349,0.000789151643402874,0.000939057616051286,0.000930961861740798,0.000977495801635087,0.000957608863245696,0.000933063798584044,0.000777453649789095,0.000860887870658189,0.000836881226859987,0.000953050213865936,0.00117534503806382,0.00110132899135351,0.00098302133847028,0.00107868248596787,0.000898828031495214,0.000746711913961917,0.000702012097463012,0.00082005001604557,0.000922962091863155,0.000967454630881548,0.000945685373153538,0.00109932443592697,0.00112288841046393,0.000904700194951147,0.000811705191154033,0.000923557206988335,
362.0,0.00089819630375132,0.000944846251513809,0.000968845561146736,0.00092653272440657,0.000805111660156399,0.000881464628037065,0.000998103525489569,0.0010226359590888,0.000933037605136633,0.000901385734323412,0.000998024945147336,0.00110625650268048,0.00110905151814222,0.0010835649445653,0.000978647847659886,0.000913326744921505,0.000911887094844133,0.00106768636032939,0.00100278330501169,0.000928881985601038,0.000858345127198845,0.00104848516639322,0.000810044817626476,0.000976987299509346,0.000952843693085015,0.00100041553378105,0.000991285312920809,0.000948272529058158,0.000797197862993926,0.000895891920663416,0.000872512406203896,0.000977899529971182,0.00121469737496227,0.00113289849832654,0.00100770068820566,0.00110429350752383,0.000937846081797034,0.000779063906520605,0.000714446301572025,0.000839626067318022,0.000952280417550355,0.000990889384411275,0.000978033407591283,0.00112688739318401,0.00115126266609877,0.00093303679022938,0.000835756363812834,0.000956140458583832,
363.0,0.000928740540985018,0.000976336072199047,0.000998454750515521,0.000957116077188402,0.000822032336145639,0.000914865173399448,0.00103195197880268,0.00104866025503725,0.000963007216341794,0.000930070993490517,0.00103580171708018,0.00113728956785053,0.00114050973206758,0.0011152516817674,0.00101238221395761,0.00095098081510514,0.000945617095567286,0.00109891430474818,0.00103600462898612,0.000957480457145721,0.000886408262886107,0.00109106488525867,0.000839494459796697,0.00101143296342343,0.000984944752417505,0.00102876406162977,0.00103081541601568,0.000980162178166211,0.000818986329250038,0.000913520227186382,0.0008968734764494,0.0010068992851302,0.00125489628408104,0.00116939342115074,0.00103870965540409,0.00113418512046337,0.00096974935149774,0.000806540658231825,0.000736726971808821,0.000872020609676838,0.000981622375547886,0.001028663944453,0.00100982852745801,0.00115528062451631,0.00119245913811028,0.000969551096204668,0.000865928886923939,0.000991687062196434,
364.0,0.000958400429226458,0.00100639637093991,0.00102735543623567,0.000994538306258619,0.000833057332783937,0.000939938356168568,0.00106069934554398,0.00107969890814275,0.000991411157883704,0.000958149903453887,0.00107108638621867,0.00117718428373337,0.0011623518075794,0.00114747113548219,0.0010461462661624,0.000989723368547857,0.000980345183052123,0.00112817098852247,0.00107148662209511,0.000986424274742603,0.000912093848455697,0.00113435625098646,0.000868551025632769,0.00104088766966015,0.00101831334177405,0.00106285698711872,0.00106522429268807,0.00101810309570283,0.000842723529785872,0.000932142196688801,0.000914694915991277,0.0010405023349449,0.00129369413480163,0.00120573560707271,0.00107636663597077,0.00116957107093185,0.00099732936359942,0.000827636162284762,0.000767023768275976,0.000901733583305031,0.00101204158272594,0.00106472650077194,0.00104334112256765,0.00119075004477054,0.00123605178669095,0.000998535193502903,0.000894110824447125,0.0010264590382576,
365.0,0.000991255510598421,0.00103478576056659,0.0010575553169474,0.00103209621738642,0.000864083296619356,0.000965266313869506,0.00108139007352293,0.00112262286711484,0.00101725209970027,0.000991272972896695,0.00109636120032519,0.00122076249681413,0.00118939520325512,0.00117589323781431,0.00107030593790114,0.00102127459831536,0.000999867101199925,0.0011638815049082,0.00109927565790713,0.00101614650338888,0.000933227885980159,0.0011679147137329,0.000887522648554295,0.00107350724283606,0.00104452134110034,0.00109913223423064,0.00109097477979958,0.00104573648422956,0.00086685357382521,0.000973998743575066,0.000939133751671761,0.00107703905086964,0.00133276148699224,0.00123873667325824,0.00111787719652057,0.00120580091606826,0.00103369890712202,0.000849160016514361,0.00079812208423391,0.000913993164431304,0.00104628852568567,0.0010834097629413,0.00108221394475549,0.00123494945000857,0.00126921909395605,0.00101024308241904,0.000915846030693501,0.0010580406524241,
366.0,0.00103341427166015,0.00106244604103267,0.0010976503835991,0.00106686039362103,0.000888798735104501,0.00099929457064718,0.00112125498708338,0.00116069347131997,0.00105950620491058,0.0010302645387128,0.00113164074718952,0.00126372510567307,0.00123641279060394,0.00121288001537323,0.00111886661034077,0.00105413410346955,0.00103166839107871,0.00120591593440622,0.00114138599019498,0.00105612375773489,0.000959311204496771,0.00119620375335217,0.000914906966499984,0.00111463957000524,0.0010855010477826,0.00113020197022706,0.00113091943785548,0.00107628351543099,0.000891767151188105,0.00100728345569223,0.000971899949945509,0.00110881880391389,0.00137941166758537,0.00128789211157709,0.00115702312905341,0.00124150910414755,0.00107510352972895,0.000885036715772003,0.000831381184980273,0.000950945890508592,0.00107507279608399,0.00111500034108758,0.00111086794640869,0.00126948743127286,0.00130557757802308,0.00104514765553176,0.000945717911235988,0.00108569255098701,
367.0,0.0010519209317863,0.00109180738218129,0.00112233217805624,0.00108929956331849,0.000904631335288286,0.00101755326613784,0.00115018419455737,0.0011880494421348,0.00108588056173176,0.00104525871574879,0.00115692871622741,0.00128284271340817,0.00126891734544188,0.00123628799337894,0.00114909315016121,0.00107806408777833,0.00106225081253797,0.00123451976105571,0.0011691099498421,0.00107715919148177,0.000977880437858403,0.00122134061530232,0.000936711963731796,0.00113825709559023,0.00110882404260337,0.00114979792851955,0.00115490681491792,0.00110046414192766,0.000906116329133511,0.00102772959508002,0.000989789376035333,0.00114066048990935,0.00141448224894702,0.00131634890567511,0.00117387913633138,0.00126659451052547,0.00109705340582877,0.00090454233577475,0.000844915106426924,0.000974985305219889,0.00109470554161817,0.00114068132825196,0.00113054108805954,0.00130167650058866,0.0013376894639805,0.00107441621366888,0.000974966562353075,0.00111196283251047,
368.0,0.00105208798777312,0.00111334479879588,0.00112769985571504,0.00110052421223372,0.000913463940378278,0.00102141953539103,0.00116315810009837,0.00120251637417823,0.00109250319655985,0.00104504218325019,0.00116864673327655,0.00128672213759273,0.00127882359083742,0.00124976062215865,0.00115623115561903,0.00108874542638659,0.00107929797377437,0.00124587141908705,0.00117872504051775,0.00108153477776796,0.000989941414445639,0.00124153110664338,0.000949655601289123,0.00114688149187714,0.00111512804869562,0.00116314354818314,0.00116345239803195,0.00111517368350178,0.000911255774553865,0.00103324244264513,0.000998377799987793,0.0011622078018263,0.00142948736902326,0.00132397131528705,0.00118044053670019,0.00128248031251132,0.00110033061355352,0.000909777591004968,0.000843799614813179,0.000982974888756871,0.00110857747495174,0.00115912756882608,0.00114440091419965,0.00132392405066639,0.00135841360315681,0.00108735356479883,0.000991297303698957,0.00113035924732685,
369.0,0.00106234918348491,0.00111495412420481,0.00112669134978205,0.00110814138315618,0.000920305668842047,0.00102803076151758,0.0011712348787114,0.00120633060578257,0.00109620194416493,0.00105980120133609,0.00117470161058009,0.00130058522336185,0.0012790069449693,0.00127069524023682,0.00116204691585153,0.00108881515916437,0.00107649073470384,0.00124895269982517,0.00118378456681967,0.00109050737228245,0.00100354547612369,0.00125297717750072,0.00095771363703534,0.00115937925875187,0.00112554628867656,0.00118012086022645,0.00117516960017383,0.00112281343899667,0.000916795106604695,0.00102742109447718,0.00101782754063606,0.00115880684461445,0.00142809213139117,0.00133501342497766,0.00120327912736684,0.00129717774689198,0.00110321142710745,0.000921007769647986,0.00084924983093515,0.000993426772765815,0.00112300633918494,0.00117896462325007,0.0011561227729544,0.00132527865935117,0.00136413343716413,0.00108894344884902,0.000986498198471963,0.00113263970706612,
370.0,0.001076819607988,0.00112501403782517,0.00113689608406276,0.00110773101914674,0.00092865334590897,0.00102919572964311,0.00116391119081527,0.00121078151278198,0.00111081707291305,0.00107190338894725,0.00117520336061716,0.00130078569054604,0.00128864019643515,0.00127938995137811,0.00117684481665492,0.00109550671186298,0.00107649189885706,0.00125678535550833,0.00118572823703289,0.00109392637386918,0.00100578123237938,0.00125478731933981,0.000958764576353133,0.00115937471855432,0.00113384309224784,0.00118334009312093,0.00117451837286353,0.00113005004823208,0.000923361338209361,0.00104047148488462,0.00102398789022118,0.00115770986303687,0.00143929675687104,0.00135505537036806,0.0012081986060366,0.00130453403107822,0.00111589767038822,0.00091385212726891,0.000856548722367734,0.000996016315184534,0.001127187628299,0.00118794909212738,0.00116233911830932,0.00134494702797383,0.0013701634015888,0.00109600625000894,0.000993606052361429,0.00114124629180878,
371.0,0.00108322233427316,0.0011235848069191,0.00114337832201272,0.00111152871977538,0.000932298949919641,0.00103484513238072,0.00116224878001958,0.00121314264833927,0.0011162095470354,0.00107937538996339,0.00117544864770025,0.00130628363694996,0.00129673769697547,0.00128731271252036,0.00118013203609735,0.00110196007881314,0.00108404248021543,0.00126457016449422,0.00119449908379465,0.00110188347753137,0.00100328912958503,0.0012595544103533,0.000952334958128631,0.00116854719817638,0.00113294925540686,0.00118726911023259,0.00117811956442893,0.00113445415627211,0.000928847643081099,0.00104729551821947,0.00101783510763198,0.00116008205804974,0.00144663488026708,0.00136375951115042,0.00121228443458676,0.00130517652723938,0.00111648393794894,0.000916625373065472,0.00086201453814283,0.00100138259585947,0.00113267102278769,0.00118759402539581,0.00116408104076982,0.00135806272737682,0.00137341639492661,0.00109942210838199,0.00100269680842757,0.00114768266212195,
372.0,0.00108271173667163,0.00111284793820232,0.00114351650699973,0.00112254207488149,0.000931757211219519,0.0010456764139235,0.00117533921729773,0.00121575151570141,0.00111007085070014,0.00108366971835494,0.00118206429760903,0.0013210658216849,0.00129940628539771,0.00129932665731758,0.00117438426241279,0.00110797956585884,0.00109713326673955,0.00127136101946235,0.00120789092034101,0.00111382128670812,0.00100554747041315,0.00126739603001624,0.000944789906498045,0.00118501298129559,0.00112843420356512,0.00119723926763982,0.00119324028491974,0.00113721867091954,0.000932006514631212,0.00104227825067937,0.00101185101084411,0.00116753473412246,0.00144754827488214,0.00136158266104758,0.00122096936684102,0.00130736723076552,0.00110917363781482,0.000933521427214146,0.000864111178088933,0.00101086311042309,0.00114245328586549,0.00118557177484035,0.00116568768862635,0.00135493732523173,0.00137489300686866,0.00109958229586482,0.00100548297632486,0.00114976754412055,
373.0,0.00109275104478002,0.00112520810216665,0.0011530356714502,0.00113230780698359,0.00093674857635051,0.0010511155705899,0.00119470548816025,0.00122862448915839,0.00111517473123968,0.00108946580439806,0.00120193895418197,0.00132859230507165,0.00130596256349236,0.00130983884446323,0.00119136529974639,0.00112377549521625,0.00110912299714983,0.00128350511658937,0.00121118070092052,0.0011168816126883,0.00102203094866127,0.00126463186461478,0.000949933659285307,0.00117891514673829,0.00114045164082199,0.00120528961997479,0.00121284183114767,0.0011453942861408,0.000934175273869187,0.00104906177148223,0.00102754810359329,0.00118510983884335,0.00146097235847265,0.00137581722810864,0.00122232653666288,0.00132643908727914,0.00113020627759397,0.000936873373575509,0.000865015317685902,0.00101428118068725,0.0011482989648357,0.00119483412709087,0.0011748377000913,0.00135269539896399,0.00138317514210939,0.00111102371010929,0.00100256188306957,0.0011568401241675,
374.0,0.00109619146678597,0.0011498904787004,0.00115798297338188,0.00114135339390486,0.000941303500439972,0.00105375074781477,0.00120002694893628,0.00124292843975127,0.00113071757368743,0.00109718041494489,0.00120702816639096,0.00132867810316384,0.0013241273118183,0.00130649411585182,0.00120885053183883,0.00112909579183906,0.00111573305912316,0.001291842199862,0.00122055446263403,0.00112956669181585,0.0010284660384059,0.00126853864639997,0.000966115563642234,0.00118359981570393,0.00116476300172508,0.00121035368647426,0.00121737504377961,0.00115803943481296,0.000943671155255288,0.00106033578049392,0.00104637246113271,0.0011958017712459,0.00146650802344084,0.00138547120150179,0.00123555958271027,0.00133362202905118,0.00113914581015706,0.000939593184739351,0.000872895412612706,0.00102099834475666,0.00115351437125355,0.00120690756011754,0.00118055765051395,0.00136658875271678,0.00139731855597347,0.00112599262502044,0.00100886868312955,0.00116451398935169,
375.0,0.0011033701011911,0.00115960568655282,0.00116483808960766,0.0011469452874735,0.00095021043671295,0.00105366378556937,0.00119783263653517,0.00124952022451907,0.00114049075637013,0.00110369280446321,0.00120979174971581,0.00133351807016879,0.00133170105982572,0.00130978168454021,0.0012132606934756,0.00112498772796243,0.00111528928391635,0.00129919650498778,0.00123218505177647,0.00113346835132688,0.00103037699591368,0.00128483737353235,0.000974387105088681,0.00119275413453579,0.00117719930130988,0.00121148070320487,0.00121977261733264,0.00116298475768417,0.000952823378611356,0.00106912036426365,0.00105352967511863,0.001200215308927,0.00147199211642146,0.00139032804872841,0.0012469362700358,0.00134229043032974,0.00114134780596942,0.000941918231546879,0.000878768099937588,0.00102165399584919,0.00115757435560226,0.0012141359038651,0.00118164345622063,0.0013823927147314,0.00140911038033664,0.00112868414726108,0.001023069024086,0.00117641757242382,
376.0,0.00111925671808422,0.00114894565194845,0.00117766333278269,0.00115107500459999,0.000964329112321138,0.0010559402871877,0.00119930470827967,0.00124970776960254,0.00113870366476476,0.00111018877942115,0.00122113968245685,0.00134750735014677,0.00132367841433734,0.00133233959786594,0.00120760535355657,0.00112264731433243,0.00111330242361873,0.00131051556672901,0.00124299898743629,0.00112589099444449,0.00103780813515186,0.00130874698515981,0.000971199187915772,0.00120149599388242,0.00117168726865202,0.00121401634532958,0.00123293988872319,0.00116045353934169,0.0009581787744537,0.00107656721957028,0.00105011695995927,0.00120427901856601,0.00148632528726012,0.00139821192715317,0.00125010078772902,0.00136016763281077,0.0011497096857056,0.000946098356507719,0.000880630454048514,0.00101789238397032,0.00116359384264797,0.0012188630644232,0.00118457875214517,0.00139033410232514,0.00141708750743419,0.00112082657869905,0.00104042270686477,0.00119243131484836,
377.0,0.00112639949657023,0.00116586603689939,0.00118742871563882,0.00116723461542279,0.000972457404714078,0.00107833580113947,0.00121204520110041,0.00126717460807413,0.00114882865455002,0.00112913548946381,0.00123030075337738,0.00135251577012241,0.00134523492306471,0.00135724258143455,0.00122615555301309,0.00114495435263962,0.00112852617166936,0.00133103725966066,0.0012606066884473,0.00115398061461747,0.00105788034852594,0.00131913996301591,0.000994373927824199,0.00122663658112288,0.00118888483848423,0.00123694876674563,0.00125632574781775,0.0011825057445094,0.000973139714915305,0.00110348430462182,0.00106943270657212,0.00121706549543887,0.00150912976823747,0.00142722029704601,0.00126961478963494,0.0013640831457451,0.00117501500062644,0.000963656522799283,0.000900093524251133,0.0010430485708639,0.00118519959505647,0.00124544790014625,0.00120902596972883,0.00140426564030349,0.00143815972842276,0.001145169720985,0.00105845998041332,0.00120212114416063,
378.0,0.00112499122042209,0.00117671058978885,0.00118650298099965,0.00116915325634181,0.000972106296103448,0.0010767929488793,0.0012249038554728,0.00127123226411641,0.00115395069587976,0.0011409530416131,0.00123654818162322,0.0013588722795248,0.00134750932920724,0.00136527710128576,0.00123774795792997,0.00116294238250703,0.00114020530600101,0.0013327591586858,0.00127035682089627,0.00116427941247821,0.0010597255313769,0.00132809777278453,0.000992705929093063,0.001233592745848,0.00120099156629294,0.00124513602349907,0.00125026400201023,0.00118681625463068,0.000975845206994563,0.00110070104710758,0.0010726397158578,0.0012193969450891,0.00152396305929869,0.00142457790207118,0.00126932340208441,0.00137078028637916,0.00116870598867536,0.000977215240709484,0.00090009078849107,0.00105648406315595,0.00118360668420792,0.00125332083553076,0.00121135532390326,0.00141419307328761,0.00144361716229469,0.0011537621030584,0.00105500116478652,0.00120022566989064,
379.0,0.00112491997424513,0.0011779076885432,0.00118181586731225,0.00116605230141431,0.000973257760051638,0.00106917764060199,0.00122904707677662,0.0012694044271484,0.00115202146116644,0.00114250485785306,0.00123843888286501,0.00136006774846464,0.0013386900536716,0.0013582578394562,0.00123925285879523,0.00117085129022598,0.00114140217192471,0.00132837577257305,0.00127244449686259,0.00115641322918236,0.00105385819915682,0.00132892851252109,0.000988886225968599,0.00122138112783432,0.00120028702076524,0.00123926403466612,0.00124338478781283,0.00117977184709162,0.000969095970503986,0.00108205736614764,0.00106874143239111,0.00121759041212499,0.00152719137258828,0.0014097843086347,0.00126163382083178,0.00137249764520675,0.00115412147715688,0.00097797263879329,0.000897422491107136,0.00105837802402675,0.00117443816270679,0.00124363543000072,0.00120095908641815,0.00141614116728306,0.001439513056539,0.00114484573714435,0.00104660319630057,0.00119318172801286,
380.0,0.00113282992970198,0.00117517740000039,0.00118065800052136,0.00117061426863074,0.000981444260105491,0.00108145456761122,0.00122114771511406,0.00127462041564286,0.00114610255695879,0.00113766093272716,0.00123487366363406,0.00135048653464764,0.00133918749634176,0.00134835334029049,0.00123734923545271,0.00117016886360943,0.00113421981222928,0.00133489957079291,0.0012704289983958,0.00114824110642076,0.00105755473487079,0.00131657812744379,0.00100902793928981,0.00120575400069356,0.00119011173956096,0.00123333930969238,0.00126557773910463,0.00117838068399578,0.000963409198448062,0.00107664568349719,0.00107522017788142,0.00122171745169908,0.00152177701238543,0.00141417945269495,0.00126698391977698,0.00136261165607721,0.00116387370508164,0.000966880354098976,0.00091251905541867,0.00105812051333487,0.00118238385766745,0.00123192684259266,0.00119842763524503,0.0014096355298534,0.00144033518154174,0.00113361096009612,0.00105277018155903,0.00119044911116362,
381.0,0.001126145478338,0.00116872449871153,0.00116594671271741,0.00115636852569878,0.00096452358411625,0.00108255003578961,0.00121295766439289,0.00126586982514709,0.00113605370279402,0.00113056774716824,0.00122272793669254,0.00134738837368786,0.00133564171846956,0.00135072914417833,0.00123699044343084,0.00115421670489013,0.00113432947546244,0.00132470449898392,0.00125665904488415,0.00115152110811323,0.00105363072361797,0.00131304992828518,0.000988104147836566,0.00121500494424254,0.00118731707334518,0.00123924913350493,0.00125156971625984,0.00116948853246868,0.000961988989729434,0.00107926479540765,0.00107507139910012,0.00121927564032376,0.00151157623622566,0.00140774226747453,0.00126714049838483,0.00137051881756634,0.00116171361878514,0.000967193976975977,0.000903527718037367,0.00104010209906846,0.00118888996075839,0.00122590456157923,0.00118800881318748,0.00139691715594381,0.00144251878373325,0.00113436428364366,0.0010451462585479,0.00119278556667268,
382.0,0.00111971539445221,0.0011632425012067,0.00116586918011308,0.00114725262392312,0.000954019837081432,0.00107355485670269,0.00120379007421434,0.00125606381334364,0.00113820272963494,0.00112921581603587,0.00121707189828157,0.00134223198983818,0.00133321934845299,0.00134733784943819,0.00123183079995215,0.00114946253597736,0.00113137473817915,0.00132081587798893,0.0012455148389563,0.00115069013554603,0.00104022596497089,0.00131074420642108,0.000977704068645835,0.00121893477626145,0.00119005760643631,0.001238445751369,0.00124358246102929,0.0011670395033434,0.000959664874244481,0.00108243990689516,0.0010724674211815,0.00121106789447367,0.00151306972838938,0.00140940968412906,0.00126585795078427,0.00136256066616625,0.00115565815940499,0.0009648721315898,0.000893559714313596,0.00103423546534032,0.00118383578956127,0.001221934100613,0.00118606013711542,0.00138504814822227,0.00143443699926138,0.00112699193414301,0.00104828469920903,0.00119476357940584,
383.0,0.00112195918336511,0.00115948263555765,0.00117426202632487,0.00114836834836751,0.00095658318605274,0.00106344884261489,0.00119907467160374,0.00125374319031835,0.00114177644718438,0.00112988741602749,0.00121438608039171,0.0013355438131839,0.0013304955791682,0.00133825978264213,0.00122446718160063,0.00115492753684521,0.00112246396020055,0.00132067827507854,0.0012441718718037,0.00115033704787493,0.0010277918772772,0.00131140125449747,0.000985707156360149,0.00121211400255561,0.00119078753050417,0.00123191345483065,0.00124793988652527,0.00116876151878387,0.000952787639107555,0.00108079623896629,0.00106978171970695,0.00120335293468088,0.0015217283507809,0.00141532137058675,0.00126252288464457,0.00135007756762207,0.00115396967157722,0.000961482524871826,0.000893375254236162,0.00103842385578901,0.00117421615868807,0.00122051720973104,0.00119239022023976,0.00137970584910363,0.00142339372541755,0.00111414818093181,0.00105612818151712,0.001197554403916,
384.0,0.00113495846744627,0.00115787622053176,0.0011684795608744,0.00115329772233963,0.000962228048592806,0.00106429727748036,0.00120608496945351,0.00126287224702537,0.0011270665563643,0.00112519739195704,0.00120538612827659,0.00133482320234179,0.00132550089620054,0.00133714289404452,0.00122397462837398,0.00115474918857217,0.00111306644976139,0.00131119124125689,0.00125337799545377,0.0011644724290818,0.00103240029420704,0.00132144207600504,0.000992305111140013,0.00120747566688806,0.00118315906729549,0.00123299076221883,0.00124968937598169,0.00116620620246977,0.000942968879826367,0.00107355206273496,0.0010694459779188,0.00120481743942946,0.00152323173824698,0.00141175487078726,0.00125620444305241,0.00136623601429164,0.00116193003486842,0.000967532803770155,0.000903213687706739,0.00103510858025402,0.00117648835293949,0.00122483959421515,0.00119719246868044,0.00138525036163628,0.00142806908115745,0.00111314095556736,0.00104918878059834,0.00120607460848987,
385.0,0.00114983506500721,0.00117444340139627,0.00117383757606149,0.00116826046723872,0.000966448220424354,0.0010699718259275,0.00121552124619484,0.00127724802587181,0.00113881123252213,0.00113510328810662,0.00122939085122198,0.0013496478786692,0.00134021299891174,0.00136028823908418,0.00123930722475052,0.00116131373215467,0.00112675502896309,0.00132592453155667,0.00126504700165242,0.00117250066250563,0.00105050543788821,0.00133228371851146,0.000999269890598953,0.0012185771483928,0.00119147612713277,0.00124205346219242,0.00126036664005369,0.00118442019447684,0.000956870906520635,0.00107508222572505,0.00108059193007648,0.00121264555491507,0.00153339712414891,0.0014234259724617,0.00125880469568074,0.00137549720238894,0.00116003199946135,0.000978071591816843,0.000912308925762773,0.00105420092586428,0.00118763488717377,0.00123416015412658,0.00120087119285017,0.00140407320577651,0.0014539051335305,0.00113026914186776,0.00105880608316511,0.00121615035459399,
386.0,0.00116823904681951,0.00120255385991186,0.00120252161286771,0.0011904111597687,0.000989811262115836,0.00108757510315627,0.00123498751781881,0.00130627548787743,0.00116784742567688,0.00116768840234727,0.00126451684627682,0.00137883785646409,0.00137666228692979,0.00140026013832539,0.00126522360369563,0.00118739472236484,0.00115436140913516,0.00136625475715846,0.00129011448007077,0.00119564973283559,0.00107681530062109,0.00135999242775142,0.00102115538902581,0.00124955561477691,0.00121846015099436,0.00126737577375025,0.00128288904670626,0.00121665885671973,0.000987364794127643,0.00109630636870861,0.00110680039506406,0.00123871222604066,0.0015653237933293,0.00144611136056483,0.00129169598221779,0.0014056337531656,0.00118231645319611,0.00100139400456101,0.000928100140299648,0.00108693598303944,0.00120953016448766,0.00125864217989147,0.0012285151751712,0.00143582024611533,0.0014870990999043,0.00115999998524785,0.00108665251173079,0.0012413754593581,
387.0,0.00119350012391806,0.00123445515055209,0.00124579691328108,0.00121633021626621,0.00102977151982486,0.00112186791375279,0.0012651130091399,0.00134515366517007,0.00120129704009742,0.00121187267359346,0.00129701988771558,0.001412941259332,0.00141908437944949,0.00144619075581431,0.00129834748804569,0.00122804974671453,0.0011883054394275,0.00141477771103382,0.0013313724193722,0.00123648927547038,0.00110626744572073,0.00140482140704989,0.00104967725928873,0.00129078747704625,0.0012587271630764,0.00130333914421499,0.00131876475643367,0.00125175889115781,0.0010210374603048,0.00113466021139175,0.00113821285776794,0.00127677957061678,0.00161284662317485,0.00147954968269914,0.00134303560480475,0.00145911716390401,0.00122854276560247,0.00103342428337783,0.000952446833252907,0.0011206193594262,0.00124219467397779,0.00129722664132714,0.00127307581715286,0.00147723581176251,0.00152078131213784,0.00119614519644529,0.00112498423550278,0.00127856922335923,
388.0,0.00122893007937819,0.00126488844398409,0.00127472414169461,0.00124369841068983,0.00105620082467794,0.00117194175254554,0.00129703420680016,0.00137303560040891,0.00122960668522865,0.00123893446289003,0.00133016111794859,0.00143649789970368,0.00143768102861941,0.00148757733404636,0.00133907829876989,0.00125947932247072,0.0012270612642169,0.00143995217513293,0.00137974263634533,0.00127229304052889,0.00113511690869927,0.00144679029472172,0.00105247180908918,0.00132035266142339,0.00130060513038188,0.00132944970391691,0.00136789062526077,0.00127869006246328,0.00104340352118015,0.00117321079596877,0.00115320249460638,0.00130096287466586,0.00165003642905504,0.00153024401515722,0.00136627967003733,0.0015036977129057,0.00125600351020694,0.00105614750646055,0.000978870550170541,0.00114419427700341,0.00128281430806965,0.00133566663134843,0.00129136443138123,0.00152203871402889,0.00155872327741235,0.00123351684305817,0.00115944445133209,0.00130528688896447,
389.0,0.00126103532966226,0.00130407081451267,0.00130390177946538,0.00128610257524997,0.00107869890052825,0.00119108520448208,0.00132854853291065,0.00141118350438774,0.00125661899801344,0.00127548433374614,0.00135982153005898,0.0014719640603289,0.00148237857501954,0.00152777822222561,0.0013741321163252,0.00128534878604114,0.00126018095761538,0.00147523474879563,0.00141566479578614,0.00129650870803744,0.00116757582873106,0.00147518643643707,0.00108372094109654,0.00135118549223989,0.00132860953453928,0.00135600822977722,0.00140520848799497,0.00130580901168287,0.00107154832221568,0.00119764998089522,0.00118962721899152,0.00134379207156599,0.00169065501540899,0.00157341815065593,0.00140368053689599,0.00153040362056345,0.00129079725593328,0.00108453596476465,0.00100470706820488,0.00117108609993011,0.00131259404588491,0.00137746380642056,0.00131775287445635,0.00154789700172842,0.00159668235573918,0.0012538650771603,0.00117892154958099,0.00134025083389133,
390.0,0.00129284430295229,0.00133813626598567,0.00133392051793635,0.00132302404381335,0.00109396805055439,0.00120852736290544,0.00135954760480672,0.00143994286190718,0.00128922774456441,0.00130882696248591,0.00138405745383352,0.00150470365770161,0.00151563412509859,0.00155155651737005,0.00140340125653893,0.00131480430718511,0.00128947338089347,0.00150826387107372,0.00143665028735995,0.00131460279226303,0.00118899811059237,0.00149706087540835,0.00112074206117541,0.00138238503132015,0.00135700288228691,0.00138716341461986,0.00142960378434509,0.00133426592219621,0.00109453208278865,0.00122445623856038,0.00122970039956272,0.00137536157853901,0.00172736309468746,0.00160724704619497,0.00144211808219552,0.00155706331133842,0.00132366351317614,0.00111036561429501,0.0010335436090827,0.00120249425526708,0.00133948749862611,0.0014068023301661,0.00134511571377516,0.00157866708468646,0.00163382547907531,0.00126965239178389,0.00119812553748488,0.00137718312907964,
391.0,0.00132475467398763,0.00135793886147439,0.00136089825537056,0.00134142034221441,0.00110542238689959,0.0012430427595973,0.00138840253930539,0.00145144201815128,0.00132477993611246,0.00132974982261658,0.00140504934825003,0.00152697833254933,0.00151807407382876,0.00155904737766832,0.00143072963692248,0.0013501065550372,0.00131723599042743,0.0015290214214474,0.00145105726551265,0.00133530178572983,0.0011951148044318,0.00152196269482374,0.00114258262328804,0.00141185557004064,0.00139090791344643,0.00142232829239219,0.00144985015504062,0.00136254704557359,0.00110583507921547,0.0012591847917065,0.00125293398741633,0.00138274941127747,0.00175677507650107,0.00163623923435807,0.00146775739267468,0.00159392633941025,0.00134645530488342,0.00112635502591729,0.00106339389458299,0.00123389274813235,0.00136777921579778,0.00141988904215395,0.0013660587137565,0.00162540806923062,0.00166910723783076,0.00129230052698404,0.00122765067499131,0.00140677846502513,
392.0,0.00134132313542068,0.00137225340586156,0.00137508509214967,0.00135726551525295,0.00113556371070445,0.0012539136223495,0.00140725378878415,0.00147960300091654,0.00133653345983475,0.00135165150277317,0.00143177167046815,0.0015622089849785,0.00154631328769028,0.0015888282796368,0.00146226119250059,0.00137484224978834,0.00133965292479843,0.00154967082198709,0.00148016063030809,0.00136738852597773,0.00120968569535762,0.00155449484009296,0.00116718793287873,0.00144030037336051,0.00139890506397933,0.00145231676287949,0.00148321781307459,0.00138573488220572,0.00111897522583604,0.00126727076712996,0.00125428463798016,0.00141578819602728,0.00179136090446264,0.00166584423277527,0.00148660538252443,0.00161961826961488,0.00136554229538888,0.00113353063352406,0.00107595103327185,0.0012523002224043,0.0013780357548967,0.00144464732147753,0.00138898380100727,0.00164941989351064,0.00169806834310293,0.00131614413112402,0.00125699199270457,0.00142149475868791,
393.0,0.00137461116537452,0.00140190147794783,0.00139517826028168,0.00138029758818448,0.00116089393850416,0.00127300445456058,0.00143185537308455,0.00150956597644836,0.00136069860309362,0.00138263707049191,0.00146178936120123,0.00159203878138214,0.00158205325715244,0.00162885955069214,0.00147967517841607,0.00140008318703622,0.0013636612566188,0.00159312330652028,0.00151165761053562,0.00139852112624794,0.00123672978952527,0.0015936695272103,0.00117740593850613,0.00146352325100452,0.00142130011226982,0.00148810003884137,0.00151528487913311,0.00141036720015109,0.00113954988773912,0.00128115748520941,0.00128009531181306,0.00144869857467711,0.00182812847197056,0.00169780710712075,0.001521838712506,0.0016598585061729,0.00140080321580172,0.00116962380707264,0.00109153194352984,0.00128290569409728,0.00140893773641437,0.00147254252806306,0.00142180605325848,0.00167644722387195,0.00173265300691128,0.0013378441799432,0.00128210836555809,0.00145104015246034,
394.0,0.00142953696195036,0.00145285378675908,0.00144188513513654,0.00142792705446482,0.00119883276056498,0.00131412921473384,0.00147533463314176,0.00155611033551395,0.00140819442458451,0.00142972311004996,0.00150926772039384,0.00163522246293724,0.00163205538410693,0.00168621609918773,0.00151447975076735,0.0014467746950686,0.00140465539880097,0.00165183295030147,0.00156079209409654,0.00144595454912633,0.00127885339315981,0.00164902640972286,0.00120491243433207,0.00150631135329604,0.00147341261617839,0.00153835094533861,0.00156189233530313,0.0014526741579175,0.00117565679829568,0.00132393627427518,0.00133280165027827,0.00149316911119968,0.00188823463395238,0.00174975569825619,0.00157660327386111,0.00171778001822531,0.00145388126838952,0.00122689502313733,0.00112934573553503,0.00133337697479874,0.00146454991772771,0.00152190576773137,0.00146928324829787,0.00172796379774809,0.00178974098525941,0.00137821515090764,0.00132411241065711,0.00150201539508998,
395.0,0.00149926589801908,0.00152257224544883,0.00152297131717205,0.00150702509563416,0.00126744597218931,0.00138011865783483,0.00154312909580767,0.00163438066374511,0.0014764218358323,0.00149640685413033,0.00158637831918895,0.00171246356330812,0.00170591194182634,0.00176839798223227,0.0015984297497198,0.00152668205555528,0.0014739369507879,0.00171466008760035,0.00164103449787945,0.00152506621088833,0.00133553484920412,0.00172742025461048,0.0012796624796465,0.00158871617168188,0.00155370414722711,0.00160780583973974,0.00164020108059049,0.00152447028085589,0.0012331175385043,0.00140179635491222,0.00140009203460068,0.00156559480819851,0.00198890990577638,0.00183603749610484,0.00164695282001048,0.00178972445428371,0.00151922169607133,0.00128516985569149,0.00119687593542039,0.00140181847382337,0.00153582508210093,0.00160692411009222,0.00153219292405993,0.00181568518746644,0.00188002875074744,0.00145227077882737,0.00140034465584904,0.00157173350453377,
396.0,0.00157199264504015,0.00160079030320048,0.00159309862647206,0.00157462502829731,0.00132623896934092,0.0014555505476892,0.00161277945153415,0.00171965570189059,0.00154689967166632,0.00157602922990918,0.00167451379820704,0.0017973268404603,0.00179276114795357,0.00185979634989053,0.00169071776326746,0.00160019216127694,0.00155537284445018,0.0018038519192487,0.00171830772887915,0.00159893173258752,0.00139901961665601,0.00180847605224699,0.00135409203357995,0.00166815600823611,0.00163220695685595,0.00168778502847999,0.00172793108504266,0.00160578393843025,0.00130951823666692,0.00146694050636142,0.00148376123979688,0.00165027205366641,0.00209836545400321,0.00193565431982279,0.00173390645068139,0.00187574326992035,0.00159187417011708,0.00134676625020802,0.00125694228336215,0.00147513672709465,0.0016150661977008,0.00168904010206461,0.00159945397172123,0.00191717722918838,0.00198266771622002,0.00151300884317607,0.00147384020965546,0.00165684893727303,
397.0,0.00167416699696332,0.00170789507683367,0.00169252464547753,0.00167376815807074,0.0014110840857029,0.00155856180936098,0.00172500219196081,0.00183661968912929,0.00164802640210837,0.00168696243781596,0.00178451288957149,0.00191258825361729,0.00190981023479253,0.00198626425117254,0.00179889053106308,0.00169222056865692,0.00165386195294559,0.00193532952107489,0.00183392409235239,0.00170244439505041,0.0014930700417608,0.0019247867166996,0.00144406501203775,0.00177737127523869,0.0017394523601979,0.00179823022335768,0.00184758473187685,0.00171343656256795,0.00139776733703911,0.00156491796951741,0.00158313836436719,0.00175127212423831,0.00223712157458067,0.00206740852445364,0.00185135460924357,0.00201176689006388,0.00169807998463511,0.00143655901774764,0.00134085083846003,0.00157675996888429,0.00172679382376373,0.00179917807690799,0.00171114865224808,0.00204807962290943,0.00212386762723327,0.0016145141562447,0.00157086784020066,0.00177786138374358,
398.0,0.00180028390605003,0.00183596962597221,0.00182119943201542,0.00180464750155807,0.00151621678378433,0.00167855736799538,0.00186602340545505,0.00197722786106169,0.0017747605452314,0.00181932479608804,0.00191471341531724,0.00205238698981702,0.00204827473498881,0.00213796715252101,0.00192541547585279,0.00181617168709636,0.00177430629264563,0.00209094677120447,0.0019780935253948,0.00183188868686557,0.00161037396173924,0.00207477854564786,0.00154750992078334,0.00191782368347049,0.00187367072794586,0.00193061213940382,0.00198754295706749,0.00184054370038211,0.0014945778530091,0.00168949016369879,0.00169154326431453,0.00187142007052898,0.00239540124312043,0.00221984880045056,0.00199211481958628,0.00217622285708785,0.00183213583659381,0.00155142077710479,0.00144597270991653,0.00170222169253975,0.00186087365727872,0.00193378911353648,0.00185029651038349,0.0022020093165338,0.00228900159709156,0.00174647872336209,0.00169071601703763,0.00192013231571764,
399.0,0.00192423537373543,0.00196032365784049,0.00195071427151561,0.00193642312660813,0.0016108937561512,0.00178899778984487,0.0019888321403414,0.00211287708953023,0.00190020864829421,0.00194539630319923,0.00205382145941257,0.00219227536581457,0.00218370417132974,0.00228318083100021,0.00206623435951769,0.00196884735487401,0.00191623088903725,0.00223375926725566,0.00210976204834878,0.00195758859626949,0.00172361033037305,0.00223155738785863,0.00165103271137923,0.00206544320099056,0.00201011775061488,0.00205881544388831,0.00211633672006428,0.00196584430523217,0.00159966084174812,0.00180159823503345,0.00180094374809414,0.00200894009321928,0.00254718284122646,0.00236427737399936,0.00213391007855535,0.00231541413813829,0.0019675032235682,0.00166838779114187,0.00154723750893027,0.0018285074038431,0.00198644609190524,0.0020666632335633,0.00196700729429722,0.00235805148258805,0.00243995035998523,0.00185827491804957,0.00181444466579705,0.00204911315813661,
400.0,0.00205601076595485,0.00209924136288464,0.00208261259831488,0.00206146901473403,0.00172584445681423,0.00191300688311458,0.00211495906114578,0.00225443532690406,0.00203346158377826,0.00206694193184376,0.00219580018892884,0.00234049628488719,0.00232728943228722,0.00243627768941224,0.00220408057793975,0.0020971114281565,0.00204123393632472,0.00238100835122168,0.00225683697499335,0.00208352156914771,0.00183785893023014,0.00238168402574956,0.0017672631656751,0.00218960479833186,0.00214404053986073,0.00219126651063561,0.0022526765242219,0.00210234755650163,0.00171558081638068,0.00192397343926132,0.00193136977031827,0.00213757227174938,0.00272789178416133,0.00252038170583546,0.00226191338151693,0.00246747327037156,0.00211126077920198,0.00178020482417196,0.00165409955661744,0.0019586740527302,0.00212075025774539,0.002207848476246,0.00209710886701941,0.00251820357516408,0.00260036624968052,0.00197582691907883,0.00195169565267861,0.00218522921204567,
401.0,0.00216406490653753,0.00221835053525865,0.00219451053999364,0.00216795667074621,0.00183254189323634,0.00202609784901142,0.0022330132778734,0.00238059950061142,0.00214439234696329,0.00217974069528282,0.00231591751798987,0.00246520410291851,0.00245826784521341,0.00257327780127525,0.00232207425870001,0.0022058542817831,0.00215565669350326,0.00250919908285141,0.00238329381681979,0.00220436276867986,0.0019372443202883,0.00251213717274368,0.00187108770478517,0.00230447133071721,0.00226693670265377,0.00231528026051819,0.00238504773005843,0.00222056685015559,0.00181627320125699,0.00203315773978829,0.00204463698901236,0.00225471355952322,0.00288695213384926,0.00266687804833055,0.00237929844297469,0.00260893348604441,0.00223542633466423,0.00187715899664909,0.00174996047280729,0.0020773580763489,0.00224008108489215,0.00233869580551982,0.00221763760782778,0.00265747169032693,0.00275396648794413,0.00208508735522628,0.00206752121448517,0.00230398285202682,
402.0,0.00224353861995041,0.00230386015027761,0.00227905344218016,0.00225401250645518,0.00191253481898457,0.00211178022436798,0.00233028177171946,0.00248068780638278,0.00222497503273189,0.00227603362873197,0.00240614078938961,0.00255571492016315,0.0025613724719733,0.00267957500182092,0.0024149059318006,0.00230308598838747,0.00225481227971613,0.00260849040932953,0.00247475598007441,0.00231076776981354,0.00201610964722931,0.00261453329585493,0.00195044442079961,0.00241146190091968,0.00236855028197169,0.0024196314625442,0.00249759783037007,0.00230664410628378,0.00189233105629683,0.00211702845990658,0.00212519359774888,0.00235561211593449,0.00300229177810252,0.00278672645799816,0.00248480658046901,0.00272442051209509,0.00232686055824161,0.00195907475426793,0.00182712101377547,0.00217454531230032,0.00233274581842124,0.00244456180371344,0.00231417501345277,0.00276497472077608,0.00288136163726449,0.00217565475031734,0.00215000892058015,0.00239794980734587,
403.0,0.002329814247787,0.0023769112303853,0.00235178950242698,0.00233083427883685,0.00197044038213789,0.00217214436270297,0.00239816401153803,0.00256308354437351,0.00230144523084164,0.00234506418928504,0.00248290435411036,0.00263483542948961,0.00263430597260594,0.00275925057940185,0.00249225925654173,0.00239113601855934,0.00231355498544872,0.00269309594295919,0.00255476380698383,0.00239044311456382,0.0020851637236774,0.00268654758110642,0.0020165138412267,0.00248881918378174,0.00243760040029883,0.00249907304532826,0.00257493532262743,0.00237390282563865,0.00196062214672565,0.00218554167076945,0.00219627423211932,0.00242966576479375,0.00310272793285549,0.00287591991946101,0.00256896507926285,0.00281924894079566,0.00239716889336705,0.00203803833574057,0.00189356913324445,0.0022504054941237,0.00240925909020007,0.00252130976878107,0.00239300238899887,0.00285254651680589,0.00296684331260622,0.00224841688759625,0.00222381972707808,0.00248862151056528,
404.0,0.00238841050304472,0.00243519968353212,0.00241211499087512,0.0023824863601476,0.0020167373586446,0.00221879105083644,0.00245020585134625,0.00262074870988727,0.00235246261581779,0.00240438641048968,0.00254710577428341,0.00269592902623117,0.00269651366397738,0.00282307318411767,0.00255079730413854,0.00243287556804717,0.0023675155825913,0.0027578251902014,0.00261092628352344,0.00244293734431267,0.00213198945857584,0.00275251618586481,0.00206172559410334,0.00254699378274381,0.00249882624484599,0.00255034933798015,0.00262654642574489,0.0024260722566396,0.0020037789363414,0.00222894479520619,0.00225346442312002,0.00248245801776648,0.00317615363746881,0.00294169224798679,0.00263280631043017,0.00287790154106915,0.00246181199327111,0.00208914722315967,0.00193922244943678,0.00231123738922179,0.00246603996492922,0.00257537350989878,0.00243914313614368,0.00291787669993937,0.00303924945183098,0.00229067029431462,0.00228227931074798,0.00255750142969191,
405.0,0.00242820079438388,0.00248240004293621,0.00245970161631703,0.00242372113279998,0.00205625174567103,0.00226135412231088,0.00249528093263507,0.00266933091916144,0.00239401450380683,0.00245156651362777,0.00260317954234779,0.00274093542248011,0.00274275126866996,0.00287537160329521,0.00259826402179897,0.00245896750129759,0.00242253392934799,0.00280769588425756,0.00265842792578042,0.00248281145468354,0.0021698884665966,0.00281147821806371,0.00209667044691741,0.00259389122948051,0.00255173398181796,0.00259180716238916,0.00267390790395439,0.00247137225233018,0.00203648791648448,0.0022683774586767,0.00230134162120521,0.0025254930369556,0.00322990538552403,0.00299667264334857,0.00268320902250707,0.00292581249959767,0.00251917215064168,0.00212886044755578,0.00197994918562472,0.00236169085837901,0.00251407525502145,0.00262503628619015,0.00247497414238751,0.00297609833069146,0.00310325180180371,0.00232087378390133,0.00233420170843601,0.00261056935414672,
406.0,0.00246551702730358,0.00252424459904432,0.00249769911170006,0.00247017084620893,0.00209306739270687,0.00230683735571802,0.0025390989612788,0.00272072991356254,0.00244096154347062,0.00248819682747126,0.00265330355614424,0.0027775326743722,0.00277443951927125,0.0029216124676168,0.00264250440523028,0.00250188680365682,0.00247493572533131,0.002850177930668,0.00270959082990885,0.00252467161044478,0.00221018586307764,0.00286071165464818,0.00213315151631832,0.00263846153393388,0.00259559461846948,0.00263961777091026,0.00272907293401659,0.00251604593358934,0.00207512662746012,0.00231825630180538,0.00234456080943346,0.00256818113848567,0.00327664776705205,0.00304981670342386,0.0027277166955173,0.00298526277765632,0.00256538880057633,0.00217510713264346,0.00202802056446671,0.00240616383962333,0.00256122602149844,0.00268014054745436,0.00252167670987546,0.00303735607303679,0.00315971951931715,0.00235757324844599,0.00238643563352525,0.00265714968554676,
407.0,0.00250713201239705,0.00256788614206016,0.00253735715523362,0.00252139684744179,0.00213335896842182,0.00235837488435209,0.00258200569078326,0.00276185688562691,0.00248163449577987,0.00253902864642441,0.00269022700376809,0.00282274978235364,0.00282639265060425,0.00297425757162273,0.00268316455185413,0.00255594775080681,0.00251492368988693,0.00289038638584316,0.00275212293490767,0.00257339584641159,0.00224093277938664,0.00290959631092846,0.00217449688352644,0.00269350712187588,0.002644925378263,0.0026907108258456,0.00277124182321131,0.00255863252095878,0.00212086760438979,0.00235508941113949,0.00238154758699238,0.00261004525236785,0.00333001464605331,0.00309538864530623,0.00276880711317062,0.00304380524903536,0.00260001490823925,0.0022232779301703,0.00206977385096252,0.00244728103280067,0.00259688566438854,0.00271978857927024,0.00257474998943508,0.00308770081028342,0.00321402074769139,0.00239923177286983,0.00243107206188142,0.00269694346934557,
408.0,0.00255858106538653,0.00262035662308335,0.00258413469418883,0.00256462255492806,0.00217901426367462,0.00240929331630468,0.00262864073738456,0.00280953687615693,0.00252690049819648,0.00258904695510864,0.00274033821187913,0.00287346169352531,0.00287935114465654,0.00303539331071079,0.0027375528588891,0.00260383426211774,0.00256051612086594,0.00294845527969301,0.00279890140518546,0.00261925510130823,0.00228513474576175,0.00295964442193508,0.00222104857675731,0.00274689588695765,0.00269994814880192,0.00274194986559451,0.00281955162063241,0.00260977284051478,0.00216673640534282,0.00240573193877935,0.00242994586005807,0.0026540495455265,0.00339175830595195,0.0031537301838398,0.00282538495957851,0.00311036291532218,0.00265392893925309,0.0022678473033011,0.00211518164724112,0.00250583607703447,0.00264111952856183,0.00277234730310738,0.00262251496315002,0.00314372684806585,0.0032795169390738,0.00244482909329236,0.0024828533641994,0.00275395042262971,
409.0,0.0026185296010226,0.00268326816149056,0.00264567113481462,0.00261187902651727,0.0022295203525573,0.00246487860567868,0.00268296292051673,0.00287193153053522,0.00257981405593455,0.00264652189798653,0.00280768354423344,0.00293568964116275,0.00293914997018874,0.00310101080685854,0.00280125788412988,0.00265193777158856,0.0026229890063405,0.00302239693701267,0.00285573792643845,0.00267286202870309,0.00234277755953372,0.00302256713621318,0.00227577425539494,0.0028084886725992,0.00276220170781016,0.0027983789332211,0.00288160284981132,0.00266901147551835,0.00221410510130227,0.00246545718982816,0.00249176332727075,0.0027095356490463,0.00347026041708887,0.0032295158598572,0.00289461156353354,0.00318387080915272,0.00272476254031062,0.00232103792950511,0.00216898042708635,0.00257637142203748,0.00270148017443717,0.00284430803731084,0.00267439638264477,0.00321538816206157,0.00335706048645079,0.002494634129107,0.00254883011803031,0.00282220635563135,
410.0,0.0026809514965862,0.00275288405828178,0.00272177811712027,0.00267993798479438,0.00228334520943463,0.00253146956674755,0.00274619134142995,0.00294889882206917,0.00263863080181181,0.00272147683426738,0.00288287829607725,0.00301184551790357,0.00301437638700008,0.003165477886796,0.00286215380765498,0.00271344231441617,0.00270368903875351,0.00309796654619277,0.00292273773811758,0.00274613057263196,0.00240266276523471,0.00310595543123782,0.00233953329734504,0.00288830208592117,0.00283004203811288,0.00286422530189157,0.00295488000847399,0.00273089576512575,0.0022664675489068,0.00251902127638459,0.00255929096601903,0.00278159417212009,0.00356779247522354,0.00331482966430485,0.00296430662274361,0.00325934821739793,0.00279551069252193,0.00239431671798229,0.0022304686717689,0.00264485739171505,0.00277530588209629,0.00292707141488791,0.00274310889653862,0.00330374133773148,0.00344001012854278,0.00254891254007816,0.00262655783444643,0.00288448831997812,
411.0,0.00273548369295895,0.00281586637720466,0.00277042388916016,0.00275043048895895,0.00234243227168918,0.00259263883344829,0.00280932057648897,0.00302339298650622,0.00269626313820481,0.00277835060842335,0.00294640613719821,0.00306558702141047,0.0030688401311636,0.00323304883204401,0.00292631145566702,0.00277743488550186,0.0027740322984755,0.00315713114105165,0.00299010006710887,0.00280967238359153,0.00245651439763606,0.00317544187419117,0.00239803525619209,0.00294398213736713,0.00288369716145098,0.00291887018829584,0.00301436777226627,0.00279503455385566,0.00231757061555982,0.00257514580152929,0.00261741783469915,0.00284052989445627,0.00364456279203296,0.00337920361198485,0.00303254229947925,0.00333770597353578,0.0028622301761061,0.00245248386636376,0.00228429352864623,0.00272473343648016,0.0028421797323972,0.0029925552662462,0.00280566629953682,0.00338442297652364,0.00351837952621281,0.00260576070286334,0.0026859303470701,0.00294298026710749,
412.0,0.00279285898432136,0.00287339487113059,0.00282104313373566,0.00281100254505873,0.00239981664344668,0.00265163346193731,0.00287297181785107,0.0030870852060616,0.00276410416699946,0.00283924490213394,0.0030163477640599,0.00312965642660856,0.0031299686525017,0.003300825599581,0.00298598827794194,0.0028341575525701,0.00283735408447683,0.0032197346445173,0.00305724190548062,0.00286836083978415,0.0025057983584702,0.00324040581472218,0.00245980941690505,0.00300642917864025,0.00294998497702181,0.00297949253581464,0.00307673658244312,0.0028543418738991,0.00237141409888864,0.00264109973795712,0.00267612677998841,0.00289500411599875,0.00371599360369146,0.0034466062206775,0.00310213444754481,0.00341562810353935,0.00292724021710455,0.00250894925557077,0.00234234589152038,0.0027957777492702,0.0029074065387249,0.00305043812841177,0.00286918715573847,0.00345807755365968,0.00359869049862027,0.00266286474652588,0.00275139370933175,0.00300990953110158,
413.0,0.00285291252657771,0.00292835175059736,0.00288386037573218,0.00286362553015351,0.00245308387093246,0.00271196174435318,0.0029358621686697,0.00314299366436899,0.0028305493760854,0.00290392059832811,0.00309066008776426,0.00320390914566815,0.00319983018562198,0.00336484448052943,0.00304140686057508,0.00288492720574141,0.00289937644265592,0.003290283260867,0.00311787868849933,0.00292541435919702,0.00255514704622328,0.00330547103658319,0.00251773139461875,0.00307668535970151,0.00302817113697529,0.00304549839347601,0.00314047560095787,0.00290833995677531,0.00242750090546906,0.00270808488130569,0.00273553025908768,0.00295223947614431,0.00378953129984438,0.0035215700045228,0.00317061319947243,0.00348854344338179,0.00299157900735736,0.00256994762457907,0.00240552402101457,0.00285604246892035,0.00296999490819871,0.00311033939942718,0.00293302722275257,0.00352521473541856,0.00367836956866086,0.00271493312902749,0.00282310834154487,0.0030823266133666,
414.0,0.00290486589074135,0.0029835132881999,0.00294626061804593,0.00292150094173849,0.00250432547181845,0.00277504301629961,0.00299429288133979,0.00320283533073962,0.0028663317207247,0.00295084016397595,0.00314800441265106,0.0032565756700933,0.00325476075522602,0.00342121860012412,0.00309977028518915,0.00293985172174871,0.00296461908146739,0.00335619645193219,0.00316200219094753,0.00297993514686823,0.00260995863936841,0.00336803449317813,0.00255241338163614,0.00312675279565156,0.00309104728512466,0.00309923361055553,0.00318700494244695,0.0029622339643538,0.00248044915497303,0.00275529664941132,0.00278568151406944,0.00301411212421954,0.00386125012300909,0.00358807831071317,0.00323105207644403,0.00355180189944804,0.00305438484065235,0.00263125356286764,0.00246332120150328,0.00292069488205016,0.00302238226868212,0.00317735620774329,0.00298801902681589,0.00358512159436941,0.00374625460244715,0.00275515369139612,0.00287781376391649,0.00314360717311502,
415.0,0.00295258150435984,0.00303125404752791,0.00298973848111928,0.0029699569568038,0.00255177658982575,0.00282485736533999,0.00304316449910402,0.00326183158904314,0.00291373860090971,0.00300649809651077,0.00319241732358933,0.00330561585724354,0.0032970376778394,0.00347627466544509,0.00315116136334836,0.00298623670823872,0.00301724323071539,0.00339897116646171,0.00321191782131791,0.00302249565720558,0.00265521975234151,0.00342615437693894,0.00260087219066918,0.00317896786145866,0.00314186001196504,0.00315223704092205,0.00323525164276361,0.00300889858044684,0.00252242037095129,0.00280467653647065,0.00282610766589642,0.00305933132767677,0.0039227232336998,0.00364840566180646,0.00329082971438766,0.00361311435699463,0.00311435363255441,0.00267677335068583,0.00251268036663532,0.00297489645890892,0.00307011697441339,0.00322784949094057,0.00303056812845171,0.0036457518581301,0.00380386505275965,0.00279423571191728,0.00293239881284535,0.00319391465745866,
416.0,0.00299376761540771,0.00307929934933782,0.00303415162488818,0.00301666255109012,0.00259216944687068,0.00287516252137721,0.00308738183230162,0.00331101310439408,0.00296539277769625,0.00305949593894184,0.00323990150354803,0.00335408747196198,0.00334179843775928,0.00352635374292731,0.00319691840559244,0.00302801677025855,0.00306641915813088,0.0034415265545249,0.00325833144597709,0.0030680641066283,0.00269529665820301,0.003480862127617,0.00264924857765436,0.00323193706572056,0.00319090276025236,0.00319458986632526,0.0032861907966435,0.00304967793636024,0.00256318552419543,0.00285479333251715,0.00287558021955192,0.00309830321930349,0.00397765915840864,0.00369906285777688,0.00334164057858288,0.00367314298637211,0.00316621409729123,0.00271876505576074,0.00256367726251483,0.00303197302855551,0.0031206114217639,0.00327845872379839,0.00307280221022666,0.00370303960517049,0.003863520687446,0.00282931141555309,0.00298676313832402,0.00324224634096026,
417.0,0.00302962330169976,0.00312864640727639,0.00308823073282838,0.0030649546533823,0.00262740370817482,0.00293137808330357,0.00313228112645447,0.00335178128443658,0.0030115784611553,0.00310169439762831,0.00329646561294794,0.00340089481323957,0.00339328916743398,0.00357010145671666,0.00323954271152616,0.00306859263218939,0.00311932084150612,0.00349519960582256,0.00329666142351925,0.00312267593108118,0.0027345409616828,0.00353035284206271,0.00268607074394822,0.00328089692629874,0.00324166333302855,0.00322686647996306,0.00333559396676719,0.0030889306217432,0.00260809529572725,0.00290120067074895,0.00293561769649386,0.00313913286663592,0.00402995618060231,0.003743851557374,0.00338229490444064,0.0037294311914593,0.00321084470488131,0.00276720686815679,0.00261993915773928,0.0030948487110436,0.00317347678355873,0.00333737209439278,0.00312017160467803,0.00375400995835662,0.00392765738070011,0.00285985902883112,0.00303924269974232,0.00329262320883572,
418.0,0.00306959822773933,0.00316185248084366,0.00312721007503569,0.00310328975319862,0.00266978750005364,0.00297383242286742,0.00318145682103932,0.00340769859030843,0.00305504584684968,0.00314333336427808,0.00334616214968264,0.00344118406064808,0.00343120936304331,0.0036138619761914,0.00327987223863602,0.00310526974499226,0.00317244906909764,0.00353607255965471,0.00334231788292527,0.00316912936978042,0.00277076684869826,0.00356510817073286,0.00272053363732994,0.00332229724153876,0.00328175653703511,0.00327672087587416,0.00337527459487319,0.00313483690842986,0.00264839292503893,0.00294139934703708,0.00296926568262279,0.00317482370883226,0.00407955050468445,0.0038028871640563,0.00342975207604468,0.00377572258003056,0.00326206465251744,0.00281975325196981,0.002669119508937,0.00313793588429689,0.00321320490911603,0.00338456709869206,0.00316112651489675,0.00380164314992726,0.00397688243538141,0.0028949782717973,0.00309133972041309,0.00333688198588789,
419.0,0.00310921925120056,0.00320420018397272,0.00316316774114966,0.00313619640655816,0.00270830444060266,0.00301194889470935,0.00322329672053456,0.00344715244136751,0.00309115136042237,0.00317686190828681,0.00339228357188404,0.00348572852090001,0.00346563919447362,0.0036529425997287,0.00332080689258873,0.00313721993006766,0.00321236159652472,0.00357711594551802,0.003378537716344,0.00320370215922594,0.00280531030148268,0.0036096281837672,0.00275697535835207,0.00335925887338817,0.00332329142838717,0.00331443245522678,0.00341548793949187,0.00317175150848925,0.00269115762785077,0.00297785014845431,0.00300347479060292,0.00321258511394262,0.00412891386076808,0.0038460164796561,0.00347560737282038,0.00382280931808054,0.0033079874701798,0.00285941525362432,0.00271392706781626,0.00318365381099284,0.0032531414180994,0.00342312175780535,0.00319593260064721,0.00384920579381287,0.00402386393398046,0.00292002060450614,0.00313330278731883,0.00337771745398641,
420.0,0.00314149586483836,0.0032473998144269,0.0032000404316932,0.00316861132159829,0.00274207000620663,0.00304812286049128,0.00325759081169963,0.00347822834737599,0.00312316883355379,0.00321046612225473,0.00343306525610387,0.00352813675999641,0.00350038311444223,0.00368946650996804,0.00335692381486297,0.00316739897243679,0.00324659841135144,0.00361554860137403,0.00341008906252682,0.00323385279625654,0.00284202233888209,0.00365609303116798,0.00279015232808888,0.00339512852951884,0.00336363282985985,0.00334510277025402,0.0034495173022151,0.00320180202834308,0.00272626336663961,0.00301453634165227,0.00304206577129662,0.00324630131945014,0.00417586509138346,0.00388233852572739,0.00351288099773228,0.00387047906406224,0.00334460265003145,0.00289291935041547,0.00275110942311585,0.00323020108044147,0.00329243415035307,0.00345825287513435,0.00322676589712501,0.00389159470796585,0.00406993459910154,0.00294464151374996,0.00317084835842252,0.00341152818873525,
421.0,0.00316468137316406,0.00327931973151863,0.00323891942389309,0.00320546282455325,0.00277492613531649,0.00308493780903518,0.00328986835666001,0.00351834995672107,0.00315750017762184,0.00325260614044964,0.00346883921884,0.00356207438744605,0.00353719829581678,0.00372708821669221,0.0033857743255794,0.00319904438219965,0.00328759849071503,0.00364843546412885,0.00344632240012288,0.00326874293386936,0.0028820086736232,0.00369254243560135,0.00281688361428678,0.00343331485055387,0.0033990447409451,0.00338181154802442,0.00347280316054821,0.00323336850851774,0.00274798925966024,0.00305535038933158,0.00308166816830635,0.00327200815081596,0.00421840883791447,0.00392773933708668,0.00354147772304714,0.00391571177169681,0.00337560405023396,0.0029318945016712,0.00278242630884051,0.0032718344591558,0.00332802603952587,0.00349669973365963,0.00325793121010065,0.00392673537135124,0.00411422550678253,0.00297917635180056,0.00321206776425242,0.00343888299539685,
422.0,0.0032017941121012,0.00331901339814067,0.00327983614988625,0.00325244897976518,0.00281705404631794,0.00313528999686241,0.00333266984671354,0.00356986373662949,0.0032031238079071,0.00329387397505343,0.00351413572207093,0.00360574247315526,0.00357758603058755,0.00376774044707417,0.00342878978699446,0.00323155079968274,0.00333882146514952,0.00369371683336794,0.00348777626641095,0.00330746849067509,0.00291338842362165,0.00373653997667134,0.00285680708475411,0.00347813661210239,0.00344196334481239,0.00342424004338682,0.0035118805244565,0.00327621959149837,0.00279045128263533,0.00310426857322454,0.00312144565396011,0.0033124047331512,0.00426264200359583,0.00397259602323174,0.00358790392056108,0.00396064901724458,0.00342544121667743,0.00297364825382829,0.00283707887865603,0.00332010420970619,0.00336741073988378,0.00354828219860792,0.00329976784996688,0.00397714087739587,0.00416227895766497,0.00300483172759414,0.00325305131264031,0.00348557229153812,
423.0,0.00323041854426265,0.00334880221635103,0.00331457681022584,0.0032846718095243,0.00284939608536661,0.00317363464273512,0.0033652656711638,0.00360676227137446,0.00323926750570536,0.00332594127394259,0.00354522559791803,0.00363869033753872,0.00361262005753815,0.00379945570603013,0.00346244894899428,0.0032604462467134,0.0033753695897758,0.00371951330453157,0.00351310661062598,0.00333775323815644,0.00293613597750664,0.00377095956355333,0.00289098243229091,0.0035158833488822,0.00347428536042571,0.00345263653434813,0.00354422745294869,0.00330578768625855,0.00282469647936523,0.00313595402985811,0.00315121538005769,0.00334566016681492,0.00429666228592396,0.00400765752419829,0.00362538592889905,0.00399596942588687,0.00346372183412313,0.00301051745191216,0.0028772740624845,0.003357769921422,0.00339861353859305,0.00358345196582377,0.00332593591883779,0.00401728786528111,0.0042012925259769,0.00302391266450286,0.00328895123675466,0.00351739721372724,
424.0,0.00324359559454024,0.00336258392781019,0.0033336051274091,0.00329709402285516,0.00286465557292104,0.00319145643152297,0.00338179455138743,0.003622489515692,0.00325596402399242,0.00334521965123713,0.00355974654667079,0.0036538802087307,0.00363273569382727,0.00381300272420049,0.00347751821391284,0.00327431340701878,0.00339456531219184,0.00372416130267084,0.00352000538259745,0.00335375196300447,0.0029509759042412,0.00378778926096857,0.00291029457002878,0.00353597011417151,0.00349215674214065,0.00346346362493932,0.00355826783925295,0.00331691722385585,0.00284049846231937,0.00314832245931029,0.00316717242822051,0.00336016435176134,0.00431280955672264,0.00402706395834684,0.00364291970618069,0.00401580194011331,0.00348343513906002,0.00303417164832354,0.00289562740363181,0.00337865739129484,0.00341504975222051,0.00359475379809737,0.00333505705930293,0.00403333129361272,0.0042211040854454,0.00303473486565053,0.00331413862295449,0.00352727714926004,
425.0,0.00324669829569757,0.00336421676911414,0.00333048193715513,0.0032999396789819,0.0028660970274359,0.00319479452446103,0.00338821089826524,0.0036257766187191,0.00325437146238983,0.00335191865451634,0.00357018085196614,0.00365532422438264,0.00363092124462128,0.00380494841374457,0.00347726093605161,0.00326188001781702,0.00340852327644825,0.00372643861919641,0.00352039188146591,0.00335549144074321,0.00295879249460995,0.00378776667639613,0.00291517283767462,0.00353339919820428,0.00350208254531026,0.00346531393006444,0.00355401495471597,0.00331934541463852,0.00284357811324298,0.00315646547824144,0.00317107606679201,0.00335500901564956,0.00430958718061447,0.00402891542762518,0.00364367687143385,0.00401822943240404,0.00349464500322938,0.00303876446560025,0.00290719885379076,0.0033860367257148,0.00341619155369699,0.00359322619624436,0.0033425462897867,0.00402446696534753,0.00421729823574424,0.00303335464559495,0.00332389865070581,0.00352882221341133,
426.0,0.00324000627733767,0.00335977273061872,0.00333127519115806,0.00329776480793953,0.00286354194395244,0.00319521478377283,0.00338717992417514,0.00362169649451971,0.00325449672527611,0.00334341498091817,0.00356911821290851,0.00364438793621957,0.00362027273513377,0.00379929575137794,0.00346865225583315,0.00325536937452853,0.00340177118778229,0.0037110703997314,0.00351883191615343,0.00334503734484315,0.00295638665556908,0.00377909885719419,0.0029165861196816,0.0035232559312135,0.00349851464852691,0.00345839117653668,0.00355043238960207,0.00331649114377797,0.00284290127456188,0.00316672679036856,0.00316650653257966,0.00334413512609899,0.00430617481470108,0.00401806645095348,0.00363856717012823,0.00400603748857975,0.00348897813819349,0.00304063176736236,0.00290782493539155,0.00338478595949709,0.00341274333186448,0.00359758897684515,0.00333645590581,0.00401580892503262,0.00421186629682779,0.00302185444161296,0.00332248862832785,0.00352481752634048,
427.0,0.00322782108560205,0.00334758311510086,0.00332054449245334,0.00328449183143675,0.00285784550942481,0.00318760634399951,0.00337635166943073,0.00360758858732879,0.00324213714338839,0.00332835875451565,0.00355298863723874,0.00362928048707545,0.00360426516272128,0.00378354964777827,0.00345470919273794,0.00324424612335861,0.00338954292237759,0.00369263999164104,0.00350519362837076,0.00333053758367896,0.00294309738092124,0.00376055995002389,0.00290656578727067,0.00351200578734279,0.00348694669082761,0.00344461249187589,0.00353646581061184,0.00330137414857745,0.00283661019057035,0.00315973139367998,0.00315413321368396,0.00332994409836829,0.004287323448807,0.00399995874613523,0.00362506555393338,0.00398962991312146,0.00347551214508712,0.00303500378504395,0.00290518277324736,0.00337633676826954,0.00340211042203009,0.00358780287206173,0.00331928348168731,0.00399618176743388,0.00419536279514432,0.00300344498828053,0.00331494817510247,0.0035110954195261,
428.0,0.00322006130591035,0.00333631900139153,0.00330228381790221,0.00326971220783889,0.00285523175261915,0.00317929382435977,0.00336472108028829,0.00359342549927533,0.00322325364686549,0.00332012120634317,0.0035342937335372,0.00362188299186528,0.00359319755807519,0.00376370921730995,0.00344459619373083,0.00323103577829897,0.00338722881861031,0.00368523807264864,0.00348656042478979,0.0033225049264729,0.00292994128540158,0.00374393630772829,0.00289226393215358,0.00350680178962648,0.00347929797135293,0.0034331891220063,0.00351765495724976,0.00328453979454935,0.00283047021366656,0.00314172613434494,0.00314388168044388,0.00331974821165204,0.00426172604784369,0.00398686435073614,0.00361286802217364,0.00398093974217772,0.00346841872669756,0.00302785518579185,0.00290889386087656,0.00337037979625165,0.00339128542691469,0.0035694744437933,0.00330415787175298,0.00397253315895796,0.00417574681341648,0.00298730889335275,0.00330907921306789,0.00349613185971975,
429.0,0.00323329539969563,0.00335028232075274,0.00331597262993455,0.00328716449439526,0.00287097762338817,0.0031984590459615,0.00337768974713981,0.00360815762542188,0.00323901115916669,0.00333575741387904,0.00354688824154437,0.00363716040737927,0.00360829941928387,0.00377911748364568,0.00345637486316264,0.00324515765532851,0.00340338912792504,0.00369559740647674,0.00349701987579465,0.00333267101086676,0.00294347596354783,0.00376088870689273,0.0029056491330266,0.00351661443710327,0.00349365826696157,0.00344263599254191,0.00352882803417742,0.00330348103307188,0.00284281652420759,0.00316049391403794,0.00315887643955648,0.00332944723777473,0.00427870359271765,0.00399978272616863,0.00363136362284422,0.0039912867359817,0.00348487566225231,0.00304419151507318,0.00292855547741055,0.00338845769874752,0.00340290693566203,0.00359268696047366,0.00331591116264462,0.00398445129394531,0.00419147918000817,0.00298994337208569,0.00331508903764188,0.00350729515776038,
430.0,0.00327331153675914,0.00339893531054258,0.00336464308202267,0.00333606638014317,0.00291407154873014,0.00324433878995478,0.00342740118503571,0.00365933519788086,0.00329049048013985,0.00338190142065287,0.00359770655632019,0.00368927977979183,0.00365555379539728,0.0038252065423876,0.00350054982118309,0.00328555260784924,0.00345491478219628,0.00373880984261632,0.00354176247492433,0.00337879499420524,0.00298186647705734,0.00381041038781405,0.00294944550842047,0.00356278847903013,0.00353956967592239,0.00348773645237088,0.00356799154542387,0.00334664597176015,0.00288391322828829,0.003209417918697,0.00320390565320849,0.00337477470748127,0.0043284916318953,0.0040481323376298,0.00368091254495084,0.00404654396697879,0.0035350238904357,0.00308631733059883,0.00297712790779769,0.00343835004605353,0.00344668701291084,0.0036439907271415,0.00335747259669006,0.00403368100523949,0.00424375478178263,0.00302489381283522,0.00336276949383318,0.00355398445390165,
431.0,0.00334264500997961,0.003477729158476,0.00344103388488293,0.00341173750348389,0.00298059894703329,0.00331615633331239,0.00350678036920726,0.00374243082478642,0.00336581282317638,0.00346008013002574,0.00368051859550178,0.00376925640739501,0.00373548874631524,0.00390408956445754,0.00357868731953204,0.00335442181676626,0.00353771355003119,0.0038161042612046,0.00361776794306934,0.00345288519747555,0.0030456914100796,0.00389435212127864,0.00301748956553638,0.00364040909335017,0.003617251990363,0.0035662658046931,0.00364165799692273,0.00341717130504549,0.00295099150389433,0.00328746763989329,0.00327249895781279,0.0034495429135859,0.00441363686695695,0.00413392623886466,0.00375947682186961,0.00413830252364278,0.00361711927689612,0.00315965409390628,0.00305251660756767,0.00351868430152535,0.0035214729141444,0.00372155499644578,0.00342935882508755,0.00411665346473455,0.00433478876948357,0.00308690476231277,0.00344656524248421,0.00363124767318368,
432.0,0.00343976356089115,0.00357911456376314,0.00353798316791654,0.00350957829505205,0.00306551367975771,0.00341327162459493,0.003606480313465,0.00385091314092278,0.00345616904087365,0.00356764416210353,0.00378697877749801,0.00386900431476533,0.00384486163966358,0.00401678448542953,0.00368606043048203,0.00345155061222613,0.00364461191929877,0.00392403546720743,0.00371936336159706,0.00354681722819805,0.00313463062047958,0.00401027081534266,0.00310282479040325,0.0037403681781143,0.00372396688908339,0.00367054180242121,0.00375103205442429,0.00351798976771533,0.00303828530013561,0.00339138112030923,0.00336001603864133,0.00354424421675503,0.00453732255846262,0.00425498792901635,0.00386526668444276,0.00425437139347196,0.00372557970695198,0.00326356757432222,0.00314940954558551,0.0036254592705518,0.00362283480353653,0.00382648757658899,0.00352908647619188,0.00422861287370324,0.00446301372721791,0.00316896406002343,0.00355298165231943,0.00373254250735044,
433.0,0.00355962361209095,0.00370694790035486,0.0036669101100415,0.00363707775250077,0.00317815109156072,0.00354320998303592,0.00373568804934621,0.00399194844067097,0.00358299561776221,0.00370080047287047,0.00392334116622806,0.00401319656521082,0.00398069620132446,0.0041643213480711,0.00381328864023089,0.0035732495598495,0.0037862341850996,0.00406461022794247,0.00384834804572165,0.00368445483036339,0.00325034209527075,0.00414690375328064,0.00321106589399278,0.0038716564886272,0.00386473815888166,0.00379918399266899,0.00388107541948557,0.0036456270609051,0.00314901885576546,0.00351411919109523,0.00348570523783565,0.00366595038212836,0.00470441626384854,0.00441255513578653,0.0040077599696815,0.00441172858700156,0.00386051717214286,0.00338207837194204,0.00327280489727855,0.00376274390146136,0.00375380949117243,0.00396746722981334,0.00365466554649174,0.00437492271885276,0.00462370039895177,0.00328374095261097,0.00368479243479669,0.00386845460161567,
434.0,0.00368522433564067,0.00383583060465753,0.00379990832880139,0.00376358185894787,0.00329580740071833,0.00367531459778547,0.00387042108923197,0.00413531064987183,0.00371329695917666,0.00383609300479293,0.00406222091987729,0.00415626587346196,0.0041249911300838,0.00431188335642219,0.0039473120123148,0.00369995459914207,0.00392539706081152,0.00420916359871626,0.00398412486538291,0.00381994270719588,0.0033678850159049,0.00429312186315656,0.00332493428140879,0.00401023821905255,0.00400517880916595,0.00393108697608113,0.00401463732123375,0.0037740864790976,0.00326526444405317,0.00364051712676883,0.0036111215595156,0.0037951220292598,0.00487289018929005,0.00456691207364202,0.00415342161431909,0.00457090139389038,0.00400547869503498,0.00350623088888824,0.00339715322479606,0.00390244834125042,0.00389054627157748,0.00411161221563816,0.00378202158026397,0.00453136721625924,0.00479178596287966,0.00339756044559181,0.00381749775260687,0.00400551175698638,
435.0,0.0038007190451026,0.00395560124889016,0.00391949573531747,0.00387881672941148,0.00340065057389438,0.00378897855989635,0.00399286951869726,0.00426266016438603,0.00383045827038586,0.00395832397043705,0.00418706377968192,0.00427878135815263,0.00425501773133874,0.00444198120385408,0.00407233694568276,0.00381373334676027,0.00404685316607356,0.00433819647878408,0.00411047320812941,0.00393351726233959,0.00347326300106943,0.00442794524133205,0.00343035883270204,0.00413694744929671,0.00412730500102043,0.00405336124822497,0.00413656374439597,0.00388922309502959,0.0033701378852129,0.00375740486197174,0.00372186326421797,0.00391292758285999,0.00502110319212079,0.00470379088073969,0.00428404752165079,0.00471117440611124,0.004134651273489,0.00362293003126979,0.00350781995803118,0.00402692053467035,0.00401438726112247,0.00423921085894108,0.00389530044049025,0.00467319926247001,0.00494358781725168,0.0034955539740622,0.00393757503479719,0.00412822188809514,
436.0,0.00389433419331908,0.00406444305554032,0.00401761801913381,0.00398447178304195,0.00348209450021386,0.00387560739181936,0.00409227656200528,0.00436651380732656,0.00392970303073525,0.00406013242900372,0.00429048947989941,0.00438103452324867,0.00435161776840687,0.00455025723204017,0.00417409790679812,0.00390250864438713,0.00415108632296324,0.00444165151566267,0.0042156707495451,0.0040250769816339,0.00356101733632386,0.00453049689531326,0.00351776927709579,0.00423919130116701,0.00422694440931082,0.00415897089987993,0.00423581013455987,0.00398599077016115,0.00345175573602319,0.00385506637394428,0.00381905073300004,0.00400541443377733,0.0051432503387332,0.00482543837279081,0.00439327443018556,0.00482711009681225,0.00422541843727231,0.00371921039186418,0.00359959644265473,0.00412828847765923,0.00411334866657853,0.00434281211346388,0.00398715073242784,0.00478154560551047,0.00506196124479175,0.00357682257890701,0.00404019374400377,0.00423347717151046,
437.0,0.00397454993799329,0.0041452650912106,0.00410212436690927,0.00406963750720024,0.00355610437691212,0.00396201480180025,0.00417650351300836,0.00445784348994493,0.00401131669059396,0.00414808141067624,0.00437668059021235,0.00447929790243506,0.00443947361782193,0.00463984627276659,0.0042590219527483,0.00398516980931163,0.00424542790278792,0.00452954461798072,0.0042954976670444,0.00410875305533409,0.00363192404620349,0.00462297443300486,0.00359288230538368,0.00432588765397668,0.00431773439049721,0.00424061203375459,0.00431655161082745,0.00406424142420292,0.00352681730873883,0.00393531890586019,0.00389933167025447,0.00408779224380851,0.00524542294442654,0.00492867780849338,0.00448351725935936,0.00493148155510426,0.00431995512917638,0.00379967666231096,0.00368068204261363,0.00421563209965825,0.00419475184753537,0.00443785125389695,0.00406925706192851,0.00487909466028214,0.00516578089445829,0.00364897539839149,0.00412811851128936,0.0043186922557652,
438.0,0.00405260687693954,0.00422062585130334,0.00418001273646951,0.00414561340585351,0.00362584134563804,0.00404652208089828,0.00425632111728191,0.00454386603087187,0.00409034779295325,0.0042293993756175,0.00445562275126576,0.00457068951800466,0.00452557066455483,0.00472617521882057,0.00433667749166489,0.00406526261940598,0.00432995799928904,0.00461481232196093,0.00437429780140519,0.00419152434915304,0.00369765749201179,0.00471411738544703,0.00366269098594785,0.00440539512783289,0.0044043161906302,0.00431669969111681,0.00439462624490261,0.00414107274264097,0.00359709491021931,0.0040152445435524,0.00397230358794332,0.00416613975539804,0.00534403650090098,0.00502192275598645,0.00456946110352874,0.00502739241346717,0.00440544774755836,0.00387093867175281,0.0037560963537544,0.00430071586742997,0.00427407072857022,0.00452568335458636,0.0041452762670815,0.00496818218380213,0.00526221608743072,0.00371791631914675,0.00421126047149301,0.00439916411414742,
439.0,0.00413513276726007,0.00430593499913812,0.00426032021641731,0.0042246151715517,0.00369859370402992,0.00412967754527926,0.00434041349217296,0.0046323062852025,0.00417364807799459,0.00431158021092415,0.00453991070389748,0.00465812487527728,0.00461582932621241,0.00482048932462931,0.00441848300397396,0.00414532329887152,0.00441282195970416,0.00470528798177838,0.0044639939442277,0.00427711056545377,0.00376870948821306,0.0048098904080689,0.00373460189439356,0.00448884721845388,0.0044932784512639,0.00440119858831167,0.00448116846382618,0.00422522891312838,0.00366866169497371,0.00410266220569611,0.00404794607311487,0.00424663303419948,0.00544995628297329,0.00511751556769013,0.00466198287904263,0.00512318685650826,0.00448599085211754,0.00394485471770167,0.0038335535209626,0.00439117662608624,0.00436111446470022,0.00461376272141933,0.00422146357595921,0.0050581181421876,0.00536099681630731,0.00378911267034709,0.00429621106013656,0.00448506744578481,
440.0,0.00422204518690705,0.00440103420987725,0.00435427855700254,0.00431620609015226,0.00378833943977952,0.00421890383586288,0.00443386705592275,0.00473163882270455,0.00425511272624135,0.00440188404172659,0.00464396830648184,0.00475451489910483,0.00471692904829979,0.00492642587050796,0.00451703183352947,0.00422856025397778,0.00451307883486152,0.00480143260210752,0.00455590197816491,0.00436603650450706,0.00385194853879511,0.00491418642923236,0.00381586654111743,0.00459029991179705,0.0045946934260428,0.00449795881286263,0.00457903370261192,0.00431190989911556,0.00375481205992401,0.00419094506651163,0.00413438677787781,0.00433642230927944,0.00556497741490602,0.00523055763915181,0.00476478971540928,0.00523481005802751,0.00459469482302666,0.0040389085188508,0.00392425945028663,0.00448861951008439,0.00445675291121006,0.00471890950575471,0.00430815340951085,0.0051693576388061,0.00547613622620702,0.00386750232428312,0.00438389787450433,0.00457696616649628,
441.0,0.00431980472058058,0.00450754538178444,0.00445806980133057,0.00442085228860378,0.00388036225922406,0.00432435004040599,0.00453660683706403,0.00484657194465399,0.00435667019337416,0.00451280269771814,0.00475575495511293,0.00486889854073524,0.00482815457507968,0.00505009293556213,0.00462285289540887,0.00432559754699469,0.00462464522570372,0.00491719739511609,0.00466370908543468,0.00447004707530141,0.00394818326458335,0.00502855656668544,0.00390890426933765,0.00470468262210488,0.00470649870112538,0.00460588047280908,0.00469149835407734,0.00441376026719809,0.00384852360002697,0.00429433165118098,0.00423074513673782,0.00444080680608749,0.00569772021844983,0.00535631319507957,0.00488084927201271,0.00536185596138239,0.00470567913725972,0.00414698151871562,0.00402137031778693,0.0045966817997396,0.00456559332087636,0.00483284890651703,0.0044075078330934,0.0052915308624506,0.00561006460338831,0.00395539589226246,0.00449587730690837,0.00468570040538907,
442.0,0.00442451704293489,0.00461893295869231,0.00456679565832019,0.00452510267496109,0.00397246284410357,0.00443414133042097,0.00464565679430962,0.00496759871020913,0.00446895556524396,0.00462943501770496,0.00486712390556932,0.00498855067417026,0.00494559714570642,0.00517521006986499,0.00473427958786488,0.00443055853247643,0.00474191177636385,0.00504010310396552,0.00477804988622665,0.00457910308614373,0.00404774444177747,0.0051479134708643,0.00400336971506476,0.00482006557285786,0.0048214471898973,0.00471573509275913,0.00480682821944356,0.00452149193733931,0.00394207425415516,0.00440447079017758,0.00433088280260563,0.00454649096354842,0.00583748240023851,0.00548769067972898,0.00500024762004614,0.00549169071018696,0.00481671886518598,0.00425154156982899,0.0041231676004827,0.00471070175990462,0.00467964541167021,0.00494809402152896,0.00451153144240379,0.00541574554517865,0.00575086707249284,0.00404483824968338,0.0046124248765409,0.00480080721899867,
443.0,0.00452799117192626,0.00472622737288475,0.00467374362051487,0.00461960956454277,0.00406313454732299,0.00453499145805836,0.00475460104644299,0.00508282426744699,0.00457582529634237,0.00473502604290843,0.00497312471270561,0.00509965652599931,0.00506179546937346,0.00528634060174227,0.00484701385721564,0.00453268829733133,0.00485711311921477,0.00515279034152627,0.00488576386123896,0.00468141864985228,0.00413986202329397,0.0052637723274529,0.00408972566947341,0.00492638256400824,0.00493270950391889,0.00481903413310647,0.00491174450144172,0.00462299771606922,0.00403097691014409,0.00450858613476157,0.00442775385454297,0.00464225932955742,0.00596946571022272,0.00561604788526893,0.00511229736730456,0.00561276357620955,0.00492854043841362,0.00434093596413732,0.00422554602846503,0.00482307933270931,0.00478854775428772,0.00505897914990783,0.00461082486435771,0.00553462281823158,0.00588402524590492,0.00412939162924886,0.00471375416964293,0.00491008395329118,
444.0,0.00461810454726219,0.00481974706053734,0.00476874550804496,0.00471952278167009,0.00414252048358321,0.00462742755189538,0.00484979199245572,0.00518549419939518,0.00466640712693334,0.00482945097610354,0.00507595762610435,0.00520392740145326,0.00516193406656384,0.00538706034421921,0.00494380062445998,0.00462050316855311,0.00495707103982568,0.00524318963289261,0.00498031824827194,0.00477793486788869,0.0042184698395431,0.00536200636997819,0.00417100125923753,0.00502495560795069,0.00504045514389873,0.00491576641798019,0.00499875098466873,0.00471546314656734,0.00412283977493644,0.00459764013066888,0.00451678968966007,0.00473844259977341,0.00608152290806174,0.00573113420978189,0.00521391769871116,0.00572775444015861,0.00503382505849004,0.00442980136722326,0.00431430386379361,0.0049250153824687,0.0048853037878871,0.00516580697149038,0.00470062810927629,0.00564502412453294,0.00599903659895062,0.00421637715771794,0.00481341127306223,0.00501471990719438,
445.0,0.00470365723595023,0.00490793120115995,0.00485790241509676,0.00481016235426068,0.00422454625368118,0.00471729412674904,0.0049412795342505,0.00528255105018616,0.00475345458835363,0.00492256600409746,0.00517153553664684,0.0053029335103929,0.00525714689865708,0.00549122225493193,0.00503432843834162,0.00470705050975084,0.00505194533616304,0.00533938128501177,0.00507196690887213,0.0048702247440815,0.00429724482819438,0.00546493241563439,0.00425143400207162,0.00511857680976391,0.00513711292296648,0.00501075945794582,0.00509005878120661,0.00480276439338923,0.0042007933370769,0.00469267787411809,0.00459983153268695,0.00483068125322461,0.0061939675360918,0.00584212364628911,0.00531474640592933,0.00583558203652501,0.00513252941891551,0.00451713334769011,0.00439600786194205,0.00501902541145682,0.00497516803443432,0.00526682753115892,0.00478830467909575,0.00575147615745664,0.00611373642459512,0.00429677497595549,0.00490728486329317,0.00510718068107963,
446.0,0.00479173753410578,0.00499968975782394,0.00494765816256404,0.00489684427157044,0.00431062234565616,0.00481097400188446,0.00503393867984414,0.00538031151518226,0.00484426273033023,0.00501787103712559,0.0052660652436316,0.0054017985239625,0.00535381538793445,0.00559845613315701,0.00512652657926083,0.0047972141765058,0.00515058077871799,0.00544416811317205,0.00516685377806425,0.00496235536411405,0.0043780067935586,0.00557483127340674,0.00433429097756743,0.00521325506269932,0.00523137860000134,0.00510502932593226,0.00518968608230352,0.00489220162853599,0.00427395850419998,0.00478875683620572,0.00468205846846104,0.00491998204961419,0.00631397264078259,0.00595209654420614,0.00542012369260192,0.00594277633354068,0.00522784423083067,0.00460606254637241,0.0044824224896729,0.00511479889973998,0.00506679154932499,0.00536642549559474,0.00487728836014867,0.00585977733135223,0.00623246096074581,0.00437173945829272,0.00500161154195666,0.00519758276641369,
447.0,0.00488743605092168,0.00510181346908212,0.00504366541281343,0.00499361706897616,0.00439588818699121,0.00491313077509403,0.00513057643547654,0.0054846010170877,0.00494215730577707,0.00511649902909994,0.00536955986171961,0.00550666591152549,0.00545584177598357,0.0057020615786314,0.0052270432934165,0.00489072781056166,0.00525905657559633,0.00554776471108198,0.00526818260550499,0.00505890650674701,0.00445783976465464,0.00568394549190998,0.0044215782545507,0.00531552359461784,0.00533778173848987,0.0051989103667438,0.00529123609885573,0.00499099446460605,0.00436204764991999,0.0048721139319241,0.00477041024714708,0.00501120323315263,0.00644013890996575,0.0060625933110714,0.00553148845210671,0.00605871621519327,0.00532600842416286,0.00470027327537537,0.00458400417119265,0.00522304838523269,0.00516858650371432,0.0054717343300581,0.00496898218989372,0.00597492698580027,0.00635299738496542,0.00444932607933879,0.00510547775775194,0.00530206970870495,
448.0,0.00499059818685055,0.00520612578839064,0.00514565221965313,0.00509540596976876,0.00448495615273714,0.00501789478585124,0.00524249579757452,0.00560269923880696,0.0050470968708396,0.00523257860913873,0.00547794438898563,0.00561852054670453,0.00557033391669393,0.00581300212070346,0.00534166395664215,0.00498614134266973,0.00537139782682061,0.00566046731546521,0.0053781233727932,0.00515914987772703,0.00455148797482252,0.00580005766823888,0.00451337546110153,0.0054248427040875,0.00544542400166392,0.00530553283169866,0.00539444712921977,0.0050940359942615,0.00445259362459183,0.00497565465047956,0.00487218936905265,0.00511640915647149,0.0065688407048583,0.00619009276852012,0.00564356241375208,0.00618384918197989,0.00544161209836602,0.00479421997442842,0.00468213902786374,0.00533326575532556,0.00527513073757291,0.00558615382760763,0.0050688567571342,0.00609302520751953,0.00648546870797873,0.00454482482746243,0.00520860124379396,0.00540700322017074,
449.0,0.0050833378918469,0.00530445575714111,0.00523966271430254,0.0051904353313148,0.00456967717036605,0.00511269271373749,0.00534125277772546,0.00570906978100538,0.00514567084610462,0.00534049794077873,0.00558037543669343,0.00572262797504663,0.0056770914234221,0.00592204742133617,0.00544655974954367,0.00507786683738232,0.00547495996579528,0.00576645135879517,0.00547956582158804,0.00525655038654804,0.00464070169255137,0.00590678211301565,0.00459951534867287,0.00552829820662737,0.0055470154620707,0.00540568167343736,0.00549251167103648,0.00518906395882368,0.00453546596691012,0.0050765024498105,0.00496097933501005,0.00521424412727356,0.00668933615088463,0.00631165318191051,0.00575120747089386,0.00630023330450058,0.0055475733242929,0.00488504627719522,0.00477306358516216,0.00543750496581197,0.00537325814366341,0.00568758137524128,0.0051592169329524,0.00620685890316963,0.00661204988136888,0.00463279895484447,0.00530797569081187,0.00550703937187791,
450.0,0.00515513494610786,0.00538687966763973,0.00531477760523558,0.00526824733242393,0.00464002229273319,0.00518985697999597,0.00541198626160622,0.0057893693447113,0.0052243578247726,0.00542194023728371,0.00566327199339867,0.00580628588795662,0.0057603414170444,0.00601582229137421,0.00552590889856219,0.00515598943457007,0.00555958366021514,0.00585154071450233,0.00555950403213501,0.00533880619332194,0.00471050757914782,0.00599184865131974,0.00467073731124401,0.00561294285580516,0.00563285034149885,0.00548518216237426,0.00557487783953547,0.00526616675779223,0.00460505252704024,0.00515575427561998,0.00502760335803032,0.00529078487306833,0.00678898021578789,0.00640982715412974,0.00584271224215627,0.00639386475086212,0.00562894949689507,0.00496405968442559,0.00484971888363361,0.00552350236102939,0.00545411417260766,0.00576626881957054,0.00523164635524154,0.00630241446197033,0.00671375822275877,0.00469884229823947,0.00539492722600698,0.0055926744826138,
451.0,0.00520783429965377,0.00544273527339101,0.00536681432276964,0.0053222537972033,0.00468646734952927,0.00524950819090009,0.0054626208730042,0.00584833649918437,0.00527270371094346,0.0054740346968174,0.00571243045851588,0.00586274405941367,0.00581473158672452,0.00607988378033042,0.00557891465723515,0.00520716421306133,0.00562024489045143,0.00590820470824838,0.00561373541131616,0.005389045458287,0.00475541269406676,0.0060522616840899,0.00472124759107828,0.00566892605274916,0.0056914035230875,0.00554141169413924,0.00562856951728463,0.00532047729939222,0.00466190744191408,0.00520764710381627,0.00508871395140886,0.00534660182893276,0.00685536349192262,0.00648037064820528,0.00590002490207553,0.00645948760211468,0.00569207686930895,0.00501648196950555,0.00490052299574018,0.00557523919269443,0.0055162045173347,0.00583173474296927,0.00529270153492689,0.00635975180193782,0.00677571631968021,0.00474826386198401,0.00545439869165421,0.0056499601341784,
452.0,0.00524643668904901,0.00547764869406819,0.00540193496271968,0.00535488035529852,0.004724589176476,0.00528610683977604,0.00550069566816092,0.00588910141959786,0.00530428579077125,0.00551241682842374,0.00575228361412883,0.00589970406144857,0.0058526829816401,0.00611984543502331,0.00561964977532625,0.00523885386064649,0.00565627124160528,0.00594931375235319,0.0056486171670258,0.00543148536235094,0.00479092355817556,0.00609642593190074,0.00475326459854841,0.00570889981463552,0.00572857027873397,0.00558243785053492,0.00566419074311852,0.00535595742985606,0.00468995654955506,0.00524071324616671,0.00512028858065605,0.0053806253708899,0.00690247118473053,0.0065248953178525,0.00594223104417324,0.00650355219841003,0.00573605438694358,0.00505399145185947,0.00493696937337518,0.00561591051518917,0.0055538872256875,0.00587774440646172,0.00532806990668178,0.00639990624040365,0.00682270200923085,0.00478088110685349,0.00548974517732859,0.0056882705539465,
453.0,0.00527745485305786,0.00550555577501655,0.00542926695197821,0.00538004003465176,0.00475472677499056,0.00531306862831116,0.00553153501823545,0.00591920409351587,0.00533061614260077,0.00554251996800303,0.0057803294621408,0.00592579739168286,0.00588283874094486,0.00615191599354148,0.00565100554376841,0.00526515115052462,0.00568771781399846,0.00597825273871422,0.00567762553691864,0.00546437781304121,0.00481890933588147,0.00613092118874192,0.00477573461830616,0.00573931820690632,0.00575799588114023,0.00561162270605564,0.00569157535210252,0.00538369920104742,0.00470775086432695,0.00526770763099194,0.00513794925063849,0.00540715688839555,0.00693811476230621,0.00655836425721645,0.00597589695826173,0.00653683533892035,0.00576827209442854,0.00508249457925558,0.00496566668152809,0.00565027631819248,0.00557998800650239,0.00591066479682922,0.00535029359161854,0.006432194262743,0.00686255190521479,0.00480365613475442,0.00551885180175304,0.00571893062442541,
454.0,0.00530881620943546,0.00554007012397051,0.00545934308320284,0.00541185867041349,0.00477970205247402,0.00534623675048351,0.00556232174858451,0.00594963459298015,0.00536253908649087,0.00557314231991768,0.00580047816038132,0.00595358898863196,0.00591434352099895,0.006191395688802,0.00567916873842478,0.00529859866946936,0.00573146948590875,0.00600335747003555,0.00571357039734721,0.00549001386389136,0.0048430091701448,0.00616399524733424,0.00480085052549839,0.00576901156455278,0.00579385971650481,0.00563685689121485,0.00572184333577752,0.00541451433673501,0.00473613198846579,0.00530032953247428,0.00516393035650253,0.00543967029079795,0.0069735455326736,0.00659801391884685,0.00600848812609911,0.00657295808196068,0.0057996422983706,0.00511068385094404,0.0049941660836339,0.00568341137841344,0.00561072025448084,0.00594216305762529,0.00537687120959163,0.00646631838753819,0.00690259085968137,0.00482775876298547,0.0055576479062438,0.00575322657823563,
455.0,0.00535251991823316,0.00558886863291264,0.00550584169104695,0.00545784970745444,0.00482082460075617,0.00539583852514625,0.00560922920703888,0.00599899794906378,0.00541203422471881,0.0056328191421926,0.00585611211135983,0.00600820779800415,0.0059613068588078,0.00624346267431974,0.00572947226464748,0.00534291751682758,0.00578150013461709,0.00605440605431795,0.00576369604095817,0.00554231461137533,0.00488240737468004,0.00621051387861371,0.00484641920775175,0.00581880519166589,0.00584731064736843,0.00568246096372604,0.00577147770673037,0.00545303011313081,0.00477822171524167,0.00534516852349043,0.00521288253366947,0.00547867594286799,0.0070353546179831,0.0066591976210475,0.0060592140071094,0.00663213199004531,0.00584571296349168,0.00516043556854129,0.0050362846814096,0.00573586160317063,0.00565928220748901,0.00599025934934616,0.00542068062350154,0.00652261916548014,0.00696238363161683,0.00487308157607913,0.00560654094442725,0.00580131774768233,
456.0,0.00540178082883358,0.0056411917321384,0.00555625092238188,0.00550729967653751,0.00486906105652452,0.00544940261170268,0.00566166406497359,0.00605934346094728,0.00546625163406134,0.00569247594103217,0.00591356446966529,0.00606070924550295,0.00601885514333844,0.00630455184727907,0.00578549969941378,0.00539446622133255,0.00583749590441585,0.00611648429185152,0.00581994047388434,0.00559451058506966,0.00493017537519336,0.00626631220802665,0.00489219650626183,0.00587557209655643,0.00590472063049674,0.00574063323438168,0.00582333793863654,0.00550500303506851,0.0048210914246738,0.00539735052734613,0.00525875203311443,0.00552638899534941,0.0071042263880372,0.00672629149630666,0.00612007454037666,0.00669471453875303,0.00590139394626021,0.00520945759490132,0.00508841359987855,0.00579276634380221,0.00571295060217381,0.00605058530345559,0.00546936225146055,0.00658474955707788,0.00702913384884596,0.00491839973255992,0.00565987126901746,0.00585607858374715,
457.0,0.0054569966159761,0.00569605827331543,0.00560785690322518,0.00555854011327028,0.00491674244403839,0.00550087820738554,0.0057142898440361,0.00612398097291589,0.00551987066864967,0.00574943516403437,0.00596547778695822,0.00611378531903028,0.00608007377013564,0.0063696876168251,0.00584078719839454,0.0054498165845871,0.00589744513854384,0.00617921352386475,0.00587636884301901,0.00564515916630626,0.00497834710404277,0.00632818089798093,0.00493745552375913,0.0059345574118197,0.00596310431137681,0.00580007443204522,0.00587563728913665,0.00556185655295849,0.00486617535352707,0.00545287830755115,0.00530030112713575,0.00558005413040519,0.00717479456216097,0.00679477676749229,0.00618532672524452,0.00675880583003163,0.00596377439796925,0.00525768706575036,0.00514180585741997,0.00585227040573955,0.00576869398355484,0.00611435016617179,0.00551820918917656,0.00664695724844933,0.00710020959377289,0.00496282521635294,0.00571352988481522,0.00591388018801808,
458.0,0.0055190296843648,0.00575627386569977,0.00566182844340801,0.00561346905305982,0.0049590109847486,0.00554920407012105,0.00576514797285199,0.00618636235594749,0.00557184824720025,0.00581246940419078,0.00601772265508771,0.00618110923096538,0.00613801740109921,0.00643334211781621,0.00589537294581532,0.00550575787201524,0.00595810962840915,0.00623573735356331,0.0059295454993844,0.00570377334952354,0.00502033205702901,0.00639230292290449,0.00498878723010421,0.00599436135962605,0.0060240407474339,0.00585078308358788,0.0059337867423892,0.00561087671667337,0.0049195415340364,0.00550820026546717,0.00534830801188946,0.00563450809568167,0.00724729103967547,0.00686446577310562,0.00624939519912004,0.00682921055704355,0.00602896278724074,0.00531400227919221,0.00518737314268947,0.00591657776385546,0.00582715170457959,0.00617223791778088,0.00556673808023334,0.0067089986987412,0.00717641366645694,0.00501397158950567,0.00576600804924965,0.00597270391881466,
459.0,0.00556752597913146,0.00581458583474159,0.00570975476875901,0.00566376000642776,0.00500820577144623,0.00560284685343504,0.00581685267388821,0.00624019745737314,0.00562196178361773,0.00586878787726164,0.00606825295835733,0.00623152358457446,0.00619729794561863,0.00649270787835121,0.0059586581774056,0.0055614011362195,0.00601421110332012,0.00628969399258494,0.00598519062623382,0.00576140871271491,0.00506537407636642,0.00645132223144174,0.00502888672053814,0.00604748260229826,0.00608062744140625,0.00590951507911086,0.00599573366343975,0.00566952070221305,0.00496391719207168,0.00556166702881455,0.00539956660941243,0.00568975601345301,0.00730972969904542,0.00692350510507822,0.00630268501117826,0.00689056143164635,0.0060824160464108,0.00536461407318711,0.005235455930233,0.00596892135217786,0.00587795581668615,0.00623309658840299,0.00561550026759505,0.00676982011646032,0.00724689057096839,0.00506084598600864,0.00582756195217371,0.00602991972118616,
460.0,0.00561260199174285,0.00586372660472989,0.00575359351933002,0.00571438809856772,0.0050514442846179,0.00565149262547493,0.0058659240603447,0.00628742901608348,0.00566814886406064,0.00591945508494973,0.00611594133079052,0.00627998681738973,0.00624554138630629,0.00655137933790684,0.00601493055000901,0.00560995796695352,0.00606585899367929,0.00634119845926762,0.0060370322316885,0.0058083301410079,0.00511111645027995,0.0065045147202909,0.00506597245112062,0.00609644548967481,0.0061301039531827,0.00596113782376051,0.00604566233232617,0.00571904750540853,0.00500338058918715,0.00560595747083426,0.0054443683475256,0.00573721248656511,0.00736897019669414,0.00697905756533146,0.00635460950434208,0.00694670667871833,0.00613167602568865,0.00541086029261351,0.00528360437601805,0.00601473357528448,0.00592895317822695,0.00628335773944855,0.00565737020224333,0.00682369340211153,0.00730855017900467,0.00510335760191083,0.00588110415264964,0.00608371756970882,
461.0,0.0056560356169939,0.00590168545022607,0.0057930932380259,0.005760183557868,0.00508212391287088,0.00568869337439537,0.00590678723528981,0.00632997648790479,0.00570730958133936,0.00596447428688407,0.00615812372416258,0.00632669683545828,0.00628091022372246,0.00660530012100935,0.00605435017496347,0.00564848585054278,0.00611030030995607,0.00638820277526975,0.00608048308640718,0.00584593415260315,0.00514769507572055,0.00655047642067075,0.005100485868752,0.00614047748968005,0.00617198413237929,0.00600002985447645,0.00608130637556314,0.00575385428965092,0.00503711821511388,0.00564087508246303,0.00547792389988899,0.0057726395316422,0.0074242795817554,0.00703132757917047,0.00640565017238259,0.00699759973213077,0.00617696298286319,0.00545193860307336,0.00532423099502921,0.00605737557634711,0.00597865274176002,0.00632049888372421,0.00569124845787883,0.00686755916103721,0.00735993357375264,0.00513861747458577,0.00591966044157743,0.00613031163811684,
462.0,0.00568624632433057,0.0059327008202672,0.00582407973706722,0.00578295905143023,0.00510421395301819,0.00571501022204757,0.00593239348381758,0.00636831764131784,0.00573543226346374,0.00600104872137308,0.0061902292072773,0.00634951237589121,0.00631569372490048,0.00664079142734408,0.00607759458944201,0.00567927025258541,0.00614088261500001,0.00642633950337768,0.00611441629007459,0.00588853331282735,0.00515853380784392,0.00658612558618188,0.00512096239253879,0.00617369404062629,0.00620787870138884,0.00603533629328012,0.00611786684021354,0.00578787783160806,0.00505635887384415,0.00567493960261345,0.00550232920795679,0.00579805159941316,0.00746377743780613,0.00707006501033902,0.00644339667633176,0.00703638466075063,0.00620725145563483,0.00548288132995367,0.00534549774602056,0.00609489297494292,0.00601253099739552,0.00635738065466285,0.00572380144149065,0.00690217362716794,0.00740059791132808,0.00515958666801453,0.00595161179080606,0.00616359803825617,
463.0,0.00571388937532902,0.00595472333952785,0.00584062002599239,0.00580036919564009,0.00512233376502991,0.00573319150134921,0.00595071166753769,0.00639001838862896,0.00575427105650306,0.00602935580536723,0.00620190659537911,0.00636627478525043,0.00633901311084628,0.00666531175374985,0.00610447628423572,0.00570156937465072,0.00616305135190487,0.00645081652328372,0.00613780645653605,0.00591563060879707,0.00517697865143418,0.00660919025540352,0.00514125265181065,0.006196363363415,0.006232556886971,0.00605478277429938,0.00613962346687913,0.0058122337795794,0.00507542351260781,0.00569194927811623,0.00551606621593237,0.00581761123612523,0.00749041512608528,0.0070992112159729,0.00647150259464979,0.00706441700458527,0.00622883252799511,0.00550332386046648,0.00535744288936257,0.00612070364877582,0.00603598868474364,0.0063862344250083,0.00574081996455789,0.00693391915410757,0.00743051711469889,0.00518109276890755,0.00597917474806309,0.00618465803563595,
464.0,0.00572596443817019,0.00596622750163078,0.00584222702309489,0.00580764468759298,0.00513057131320238,0.00574035616591573,0.00595631031319499,0.00639520259574056,0.005761937238276,0.00604179501533508,0.00620130682364106,0.00637269765138626,0.00634728139266372,0.00667457049712539,0.00611779373139143,0.00570974871516228,0.00617189565673471,0.00645853485912085,0.00614739581942558,0.00592342717573047,0.00519113149493933,0.00661366526037455,0.0051512997597456,0.006203334312886,0.00623945752158761,0.00606066174805164,0.00614600256085396,0.0058186654932797,0.00508456351235509,0.00569706643000245,0.00551932025700808,0.00582832656800747,0.00750082870945334,0.00711093097925186,0.00647977972403169,0.00707473326474428,0.00623780163004994,0.00551041634753346,0.00536521198228002,0.00613048486411572,0.00604454008862376,0.00639655720442533,0.00574400741606951,0.00694391783326864,0.00744453351944685,0.0051911766640842,0.00598868960514665,0.00619396846741438,
465.0,0.00571663118898869,0.00596712436527014,0.00583371054381132,0.00580035382881761,0.00512524461373687,0.00573518313467503,0.00594708602875471,0.00638978229835629,0.00575860589742661,0.00603643897920847,0.00619731796905398,0.00636524055153131,0.00634274771437049,0.00666861841455102,0.00610716827213764,0.00570343621075153,0.0061663924716413,0.00645112432539463,0.00614340649917722,0.0059162094257772,0.00518696941435337,0.0066017028875649,0.00514357350766659,0.00619514705613256,0.006230260245502,0.0060589206404984,0.00614109076559544,0.00580738391727209,0.00507708173245192,0.00569726945832372,0.00551359355449677,0.00582771375775337,0.00749526964500546,0.00710388040170074,0.00646736100316048,0.00706643098965287,0.00623307796195149,0.00550564145669341,0.00536908442154527,0.0061260899528861,0.00603737728670239,0.00638624327257276,0.00573856523260474,0.00692502455785871,0.00744149694219232,0.00518276682123542,0.00597571022808552,0.00619308883324265,
466.0,0.0057128956541419,0.00595779484137893,0.00582763832062483,0.00578668341040611,0.00511345500126481,0.00572105310857296,0.00593592319637537,0.00638273265212774,0.00574915576726198,0.00602796766906977,0.00618420727550983,0.00635366421192884,0.00633624568581581,0.00666335411369801,0.00610536197200418,0.00569743616506457,0.00616021268069744,0.00643696589395404,0.0061332774348557,0.00590473366901279,0.00517314951866865,0.00659753009676933,0.00513058668002486,0.006187385879457,0.00622719526290894,0.00605274038389325,0.00612772302702069,0.00579845439642668,0.00506895082071424,0.0056859478354454,0.00549968052655458,0.00581650482490659,0.00748277409002185,0.0070983562618494,0.00646481662988663,0.00705661857500672,0.00622412096709013,0.00550078973174095,0.00535551272332668,0.00612111855298281,0.00602556997910142,0.00637434562668204,0.00572393927723169,0.00691685127094388,0.00743010966107249,0.00517856050282717,0.00596945779398084,0.00618229946121573,
467.0,0.00572225684300065,0.00596128357574344,0.00583087559789419,0.00578857678920031,0.0051157153211534,0.00572270434349775,0.00594063755124807,0.006391741335392,0.00575460586696863,0.00603952864184976,0.00618061050772667,0.00635858112946153,0.00633865315467119,0.00667559960857034,0.00611493038013577,0.00570305809378624,0.00616621179506183,0.00644249841570854,0.00613943999633193,0.00591034814715385,0.00517551833763719,0.00660339090973139,0.00513236224651337,0.00620043836534023,0.00623689685016871,0.00605571176856756,0.00612990418449044,0.00580629892647266,0.00507173826918006,0.00568912550806999,0.00549976481124759,0.00582143338397145,0.00749265588819981,0.00711036706343293,0.00647577457129955,0.00706315180286765,0.00623387517407537,0.00550935976207256,0.00535696605220437,0.00612885085865855,0.00603437982499599,0.0063828332349658,0.0057284370996058,0.00692251464352012,0.00743990857154131,0.00518664019182324,0.00598047999665141,0.00619247509166598,
468.0,0.00574340065941215,0.00598212564364076,0.00584390154108405,0.00580470077693462,0.00513277994468808,0.00574274687096477,0.00595848495140672,0.00641496432945132,0.00577261252328753,0.00606795866042376,0.00619234470650554,0.00637828838080168,0.00635560508817434,0.00670215440914035,0.00613451888784766,0.00572181539610028,0.00618732767179608,0.00646702898666263,0.00616124644875526,0.00593562237918377,0.00519264256581664,0.00662152376025915,0.00514887785539031,0.00622867001220584,0.00625830423086882,0.00607376452535391,0.00615118257701397,0.00582834519445896,0.00508531462401152,0.00571031263098121,0.0055148983374238,0.00584115600213408,0.00752348965033889,0.00713773677125573,0.00649878056719899,0.0070897308178246,0.00626070471480489,0.00553130405023694,0.00537760835140944,0.0061502093449235,0.00606053415685892,0.00640970934182405,0.00574896251782775,0.00694514159113169,0.00747066596522927,0.00520467758178711,0.00600322848185897,0.0062214620411396,
469.0,0.00577152194455266,0.00601494405418634,0.00586529634892941,0.00582412024959922,0.00515614310279489,0.00577222695574164,0.00597856100648642,0.00644213194027543,0.00579267926514149,0.00609851209446788,0.00621830951422453,0.00640205526724458,0.00638820324093103,0.0067322957329452,0.00616169208660722,0.00575036415830255,0.00622094981372356,0.00649738591164351,0.0061882147565484,0.00597222708165646,0.00521118706092238,0.00665336102247238,0.00517070991918445,0.00625559780746698,0.00628722552210093,0.0061078667640686,0.00618417048826814,0.0058543486520648,0.00510475737974048,0.00574138341471553,0.00553606217727065,0.00586273008957505,0.00756030483171344,0.00717085553333163,0.00653068441897631,0.00713104056194425,0.0062914383597672,0.00555996270850301,0.00540671776980162,0.00618024868890643,0.0060880989767611,0.00644171144813299,0.00576891098171473,0.00698451651260257,0.00750807207077742,0.0052264453843236,0.00602678349241614,0.00625217380002141,
470.0,0.00582024082541466,0.0060641854070127,0.00590964173898101,0.00586598226800561,0.00519720697775483,0.00581618025898933,0.00601961370557547,0.00648642424494028,0.00584440864622593,0.00614697020500898,0.00626308191567659,0.00645013293251395,0.00643227528780699,0.0067886202596128,0.00620898045599461,0.00579654797911644,0.0062717292457819,0.00654814345762134,0.00623853644356132,0.00601818459108472,0.0052489866502583,0.00670154066756368,0.00520864641293883,0.00629836693406105,0.00633383961394429,0.00615980848670006,0.00623257830739021,0.00589451985433698,0.00514375837519765,0.00578752951696515,0.00557168666273355,0.00590815348550677,0.0076237409375608,0.00722719496116042,0.00658515561372042,0.00718350755050778,0.00633604591712356,0.00560199795290828,0.00544610572978854,0.00622800923883915,0.00613260362297297,0.00649083033204079,0.00580587657168508,0.00702708680182695,0.00756480544805527,0.00526583380997181,0.00607442855834961,0.00629973318427801,
471.0,0.00587256997823715,0.0061167860403657,0.00596101116389036,0.005916737485677,0.00523925712332129,0.00585988443344831,0.00606951164081693,0.00653923861682415,0.00589958531782031,0.00620390800759196,0.00631433026865125,0.00650413474068046,0.00648402888327837,0.00684968894347548,0.00626684911549091,0.00584664242342114,0.0063269273377955,0.00660347053781152,0.0062938779592514,0.00607075728476048,0.00529018696397543,0.00675617996603251,0.00525279669091105,0.00635079154744744,0.0063917594961822,0.00621484778821468,0.00628708628937602,0.00594521313905716,0.00518680037930608,0.00583261158317328,0.00561644230037928,0.00595726352185011,0.00768874306231737,0.00729405041784048,0.0066415136680007,0.00724432244896889,0.00638809986412525,0.00564781203866005,0.00548631511628628,0.00628145411610603,0.00618460215628147,0.00654487637802958,0.00585293211042881,0.00708643393591046,0.00763135543093085,0.00531094474717975,0.00612710183486342,0.00635419227182865,
472.0,0.00592201901599765,0.00616820435971022,0.00601040339097381,0.00596841471269727,0.00527682574465871,0.0059016584418714,0.00612031621858478,0.00659583183005452,0.00594510789960623,0.00626296550035477,0.00636492948979139,0.00655495747923851,0.00654061511158943,0.00690736155956984,0.00632623722776771,0.00589544605463743,0.00637998897582293,0.00665930053219199,0.00634635332971811,0.00612618122249842,0.00532973138615489,0.00681450590491295,0.00529757514595985,0.00640684040263295,0.00645323982462287,0.00626771152019501,0.00634119333699346,0.00600008154287934,0.00522602442651987,0.00587417930364609,0.00566335022449493,0.00600256398320198,0.0077491900883615,0.00736211938783526,0.00669430801644921,0.00731138605624437,0.00644399551674724,0.00569457653909922,0.00552859203889966,0.00633594766259193,0.00623968988656998,0.00659974198788404,0.00590223865583539,0.0071601583622396,0.00770157529041171,0.00535649340599775,0.00617716088891029,0.00640997523441911,
473.0,0.0059783379547298,0.00622602459043264,0.00606095604598522,0.00602359930053353,0.00532116089016199,0.00595736782997847,0.00617276458069682,0.00665846047922969,0.00599318789318204,0.00632428470999002,0.00641612010076642,0.0066092680208385,0.00660008611157537,0.0069746021181345,0.00638147909194231,0.00595049699768424,0.00643386645242572,0.00672882096841931,0.0064048976637423,0.00617937836796045,0.00537927867844701,0.00688350712880492,0.00534488866105676,0.00646325713023543,0.0065109939314425,0.00632640533149242,0.00639332085847855,0.00605118274688721,0.0052663660608232,0.00592840975150466,0.00570516334846616,0.00605665240436792,0.00782672222703695,0.00742981396615505,0.00676028896123171,0.00738298520445824,0.006505127530545,0.00574925448745489,0.00558771612122655,0.0063980845734477,0.00630209175869823,0.00666356133297086,0.00594779709354043,0.00722332205623388,0.0077757528051734,0.00540810544043779,0.00623557344079018,0.00646949745714664,
474.0,0.00603533582761884,0.00627394020557404,0.00610635103657842,0.00607147300615907,0.0053606410510838,0.00600270973518491,0.00621643615886569,0.00671531353145838,0.00604098057374358,0.00637929467484355,0.00646543689072132,0.00666056433692575,0.00664575770497322,0.00703554367646575,0.00642965920269489,0.00600348459556699,0.00648084795102477,0.00677610095590353,0.00645696651190519,0.00622886139899492,0.0054219882003963,0.00693936878815293,0.00538210012018681,0.00651647429913282,0.0065652565099299,0.0063749230466783,0.0064439014531672,0.00610325857996941,0.00530455214902759,0.00597962504252791,0.00574870593845844,0.00610498059540987,0.00789454765617847,0.00749147403985262,0.00681903725489974,0.00744124641641974,0.00655767507851124,0.00579748256132007,0.00563423708081245,0.00645396253094077,0.00635002413764596,0.00672264490276575,0.00599897000938654,0.00727744679898024,0.00784397684037685,0.00545329693704844,0.00628182012587786,0.00652745319530368,
475.0,0.00608513364568353,0.00631915079429746,0.00614667637273669,0.00611281488090754,0.00539940409362316,0.00604275707155466,0.00625741807743907,0.00676327152177691,0.00608326448127627,0.00642700958997011,0.00650626420974731,0.00670558772981167,0.00668892497196794,0.00708957482129335,0.00647344812750816,0.0060528414323926,0.0065295435488224,0.00681888777762651,0.00650327745825052,0.00627734186127782,0.00545976869761944,0.00698403734713793,0.00541326822713017,0.00656694499775767,0.00661284290254116,0.00642039254307747,0.00649072881788015,0.00614956812933087,0.00534202763810754,0.00602178042754531,0.00578920403495431,0.00614581909030676,0.00795075017958879,0.00754582183435559,0.00687124161049724,0.00749139627441764,0.0066070593893528,0.00584073131904006,0.0056701572611928,0.00650067394599319,0.00639022793620825,0.00677415123209357,0.00604417314752936,0.00732437707483768,0.00790410023182631,0.00549122784286737,0.00632401974871755,0.00657797604799271,
476.0,0.0061258771456778,0.00636975094676018,0.00618438050150871,0.00615103263407946,0.00544132525101304,0.00608571153134108,0.00630177464336157,0.00680559640750289,0.00611983751878142,0.00647043669596314,0.00653829565271735,0.0067455624230206,0.00674028415232897,0.00714016612619162,0.0065173888579011,0.00609898287802935,0.00658450927585363,0.00687509635463357,0.00654779467731714,0.00632680533453822,0.00549736572429538,0.00702721625566483,0.00544604100286961,0.00661551859229803,0.00665506348013878,0.0064708418212831,0.00653381226584315,0.00618787249550223,0.00537989614531398,0.00605628965422511,0.00582278799265623,0.00618358375504613,0.008002326823771,0.00759553676471114,0.00692148227244616,0.00754336081445217,0.00665869330987334,0.00588321126997471,0.0057045160792768,0.00654158461838961,0.00643433211371303,0.00682054879143834,0.00607661018148065,0.00736959604546428,0.00795859657227993,0.00552625581622124,0.00637228786945343,0.00662135798484087,
477.0,0.00617411499843001,0.00641795713454485,0.00622272444888949,0.00618590740486979,0.00547730084508657,0.0061257560737431,0.00634210091084242,0.00685581983998418,0.00616680039092898,0.00651606405153871,0.00658109411597252,0.00679175648838282,0.00678636087104678,0.00718934554606676,0.00656577059999108,0.00614191684871912,0.00662503018975258,0.00692130718380213,0.0065921931527555,0.0063725458458066,0.0055320137180388,0.00707991374656558,0.00548484921455383,0.00665908074006438,0.00670755188912153,0.00651880400255322,0.00658045103773475,0.00623704539611936,0.00541404355317354,0.00609807204455137,0.00585416983813047,0.00623006001114845,0.00806240830570459,0.0076491292566061,0.00696811359375715,0.00760131841525435,0.00670125940814614,0.00592320738360286,0.00574114359915257,0.00658824341371655,0.00648527685552835,0.0068700248375535,0.00611757300794125,0.00742609286680818,0.0080149257555604,0.00556784123182297,0.00642024446278811,0.00667513022199273,
478.0,0.00622179266065359,0.00647154171019793,0.00626640906557441,0.0062322118319571,0.00551791163161397,0.00617159577086568,0.00638447422534227,0.00691101001575589,0.00621991790831089,0.00657253712415695,0.0066318204626441,0.0068395808339119,0.00683578569442034,0.00724881375208497,0.00662079593166709,0.00618932489305735,0.00667269388213754,0.00697288615629077,0.00664779311046004,0.00642500258982182,0.0055770599283278,0.00713909277692437,0.00552853615954518,0.00671080127358437,0.00676324497908354,0.00657154386863112,0.00663291336968541,0.00628282316029072,0.00545468181371689,0.00614523561671376,0.00590210175141692,0.0062835575081408,0.00812837015837431,0.00771431997418404,0.00702479248866439,0.00766638480126858,0.00675258645787835,0.00597437983378768,0.00578532228246331,0.00664143357425928,0.0065420581959188,0.00692590139806271,0.00616455590352416,0.00748978834599257,0.00808138586580753,0.00561476266011596,0.0064741880632937,0.00673274789005518,
479.0,0.0062697040848434,0.00652560591697693,0.0063123619183898,0.00628305692225695,0.00556001765653491,0.00622130697593093,0.00642862962558866,0.00696661882102489,0.00627091340720654,0.00663236528635025,0.00668340502306819,0.00688737956807017,0.00688827922567725,0.0073138102889061,0.00667737144976854,0.00624099606648088,0.00672847731038928,0.00703053409233689,0.00670645898208022,0.00647850474342704,0.00562565820291638,0.00719618843868375,0.0055726314894855,0.00676834350451827,0.00681553175672889,0.00662476196885109,0.00668745115399361,0.00632759556174278,0.00549583649262786,0.00619259476661682,0.00595138221979141,0.00633581075817347,0.00819318182766438,0.00778062548488379,0.00708479806780815,0.00772995827719569,0.00680986512452364,0.00602815020829439,0.00583254499360919,0.00669669127091765,0.00659740529954433,0.006981510668993,0.00620961003005505,0.00755055621266365,0.00815046951174736,0.00566132273525,0.00652718683704734,0.00678820535540581,
480.0,0.00631888583302498,0.00656669586896896,0.00635066814720631,0.00631932960823178,0.00559263676404953,0.00626361183822155,0.00646812282502651,0.00701373815536499,0.00630850903689861,0.00667838007211685,0.0067236041650176,0.00693129515275359,0.00693523231893778,0.0073677022010088,0.00672422582283616,0.00628837384283543,0.00677816849201918,0.00708316219970584,0.0067488681524992,0.00651805195957422,0.00565978744998574,0.00723849888890982,0.00560868624597788,0.00681732734665275,0.00685648620128632,0.0066660875454545,0.00673397164791822,0.00637678010389209,0.00552318384870887,0.00623124791309237,0.00597231416031718,0.00637390464544296,0.00824512261897326,0.00782748591154814,0.00712924730032682,0.00777702173218131,0.00685685593634844,0.00606438750401139,0.00587117439135909,0.00674351723864675,0.00664005801081657,0.00702329445630312,0.00624141655862331,0.00759459706023335,0.00820411648601294,0.00569827016443014,0.00656499061733484,0.00683341128751636,
481.0,0.00634299591183662,0.00657921517267823,0.00636317115277052,0.0063367085531354,0.00561434449627995,0.00627223448827863,0.00648596230894327,0.00702674500644207,0.00632550800219178,0.00670296791940928,0.00673035485669971,0.00694725150242448,0.00695249019190669,0.00738970329985023,0.00674552796408534,0.00630432600155473,0.00679343612864614,0.00710421241819859,0.00676804035902023,0.00653770379722118,0.0056757559068501,0.00725511321797967,0.00561978435143828,0.00683175912126899,0.0068737156689167,0.00668004294857383,0.00675058830529451,0.00639345543459058,0.00553815346211195,0.00624827900901437,0.00598719343543053,0.00638710847124457,0.00826756376773119,0.00785076897591352,0.00714849447831512,0.00779577065259218,0.00687783909961581,0.0060835056938231,0.00588832749053836,0.00675938930362463,0.00666472408920527,0.00703887315467,0.00625742506235838,0.00761683192104101,0.00822669267654419,0.0057172691449523,0.00658348528668284,0.00685160281136632,
482.0,0.006315344478935,0.00655245687812567,0.00633210130035877,0.00630641868337989,0.00558753404766321,0.00623636087402701,0.00645524170249701,0.00699738319963217,0.00629594549536705,0.0066787893883884,0.00669117737561464,0.00691261421889067,0.00691938539966941,0.00735579244792461,0.00671387230977416,0.00627607060596347,0.00676280306652188,0.00707152858376503,0.0067383972927928,0.00651265121996403,0.00564968585968018,0.0072242827154696,0.00559188332408667,0.0067985593341291,0.00684983562678099,0.00665249582380056,0.00672187237069011,0.00636225007474422,0.00551504455506802,0.00622143456712365,0.0059576709754765,0.00635871291160584,0.00823141727596521,0.00781802646815777,0.00711732544004917,0.00776386121287942,0.00684824446216226,0.00606056768447161,0.00586308911442757,0.00672809686511755,0.00663620000705123,0.00701136933639646,0.00622782250866294,0.00758278276771307,0.00819481909275055,0.00569538865238428,0.00655686762183905,0.00681901536881924,
483.0,0.00623348820954561,0.00647955806925893,0.00625263713300228,0.00622174143791199,0.00550691457465291,0.00615584990009665,0.00636821426451206,0.00691928109154105,0.0062142526730895,0.00659803673624992,0.00660503376275301,0.00682266429066658,0.00683135725557804,0.00726196868345141,0.00662535103037953,0.00620195223018527,0.00668409466743469,0.0069811912253499,0.00665330421179533,0.00643508834764361,0.00557499378919601,0.00713864853605628,0.00552180223166943,0.00671687023714185,0.00677314214408398,0.00657700607553124,0.00664221681654453,0.0062812203541398,0.00544335832819343,0.00614456832408905,0.00587262213230133,0.00628102850168943,0.00812970381230116,0.00771995494142175,0.00702977553009987,0.00767213571816683,0.00676219491288066,0.00598652428016067,0.00579091068357229,0.00664631929248571,0.00654633902013302,0.00693121692165732,0.00614425120875239,0.00748398061841726,0.0080997571349144,0.00562557950615883,0.00647575315088034,0.00673211319372058,
484.0,0.00612540263682604,0.00635664910078049,0.00613549491390586,0.00610683718696237,0.00541345356032252,0.00604076962918043,0.00624227756634355,0.00678466120734811,0.00610287021845579,0.00647979928180575,0.00648293131962419,0.00669448310509324,0.00670287432149053,0.00712905451655388,0.00650688959285617,0.00609141867607832,0.00656332401558757,0.00685083447024226,0.00653203343972564,0.00632083276286721,0.005469283554703,0.00700984615832567,0.00541893253102899,0.00659837247803807,0.00663885474205017,0.00645566172897816,0.00651651713997126,0.00616157706826925,0.00533522944897413,0.00603269366547465,0.00576383853331208,0.00615767249837518,0.00798449106514454,0.00757990637794137,0.00690570520237088,0.0075286403298378,0.00663794204592705,0.00587538676336408,0.00568853924050927,0.00652518216520548,0.00642523309215903,0.00679763033986092,0.00602902285754681,0.00734866177663207,0.00795131642371416,0.00552250491455197,0.00635401904582977,0.00661337375640869,
485.0,0.00602157600224018,0.00624478003010154,0.00602149125188589,0.00599623797461391,0.00531342392787337,0.00593221187591553,0.00612508971244097,0.00665698200464249,0.00599854718893766,0.00636764476075768,0.00636369874700904,0.00657229404896498,0.00658325431868434,0.00700874300673604,0.00639503030106425,0.00598160130903125,0.00644508935511112,0.00673051737248898,0.00641557294875383,0.00621023355051875,0.00536887114867568,0.00688081793487072,0.00532036367803812,0.00647939881309867,0.00652187084779143,0.00634153513237834,0.00639733346179128,0.0060505336150527,0.00524070532992482,0.00592170562595129,0.005661032628268,0.00604722741991282,0.00784176215529442,0.00744324363768101,0.0067861988209188,0.00739423651248217,0.00652126735076308,0.00577496271580458,0.00558493146672845,0.00641077850013971,0.00631222268566489,0.00668266136199236,0.0059254071675241,0.00721257692202926,0.00780919892713428,0.00542462058365345,0.00624016765505075,0.00649764109402895,
486.0,0.0059644216671586,0.00618334580212832,0.00596008962020278,0.00593437161296606,0.0052562840282917,0.00587540166452527,0.00606011087074876,0.00658781500533223,0.00593961030244827,0.00630740821361542,0.00629573501646519,0.00650278897956014,0.00651920679956675,0.00694315368309617,0.00633341539651155,0.00592091307044029,0.00638092821463943,0.00666503142565489,0.00635102624073625,0.00614805379882455,0.00531133497133851,0.00680856686085463,0.0052672429010272,0.00641422951593995,0.00646011671051383,0.00628101732581854,0.00633269594982266,0.00599050568416715,0.00519107189029455,0.00585911376401782,0.00560390995815396,0.00599081302061677,0.00776207214221358,0.00736980093643069,0.00671663787215948,0.00731982616707683,0.00645850691944361,0.00572088267654181,0.00552796479314566,0.00634920084849,0.00625403877347708,0.00662286300212145,0.0058663971722126,0.00713896006345749,0.00773257669061422,0.00537285255268216,0.00618097512051463,0.00643257237970829,
487.0,0.00598461367189884,0.00619742460548878,0.00598303927108645,0.00595222460106015,0.00528053473681211,0.00589908892288804,0.00607637502253056,0.00660960376262665,0.0059534665197134,0.00633025215938687,0.00631355354562402,0.00651785358786583,0.00654047075659037,0.00696112541481853,0.00635317945852876,0.0059433369897306,0.00640531349927187,0.00668444391340017,0.00637094164267182,0.00616577686741948,0.005323501303792,0.00683222338557243,0.00528620462864637,0.00644041271880269,0.00647500483319163,0.00630232319235802,0.00635250890627503,0.00600981200113893,0.00520461332052946,0.00587875442579389,0.00562002835795283,0.00601134356111288,0.00778865348547697,0.00739981513470411,0.00673195533454418,0.00733950454741716,0.00648004468530416,0.00573656894266605,0.00555094191804528,0.00637138448655605,0.00628038169816136,0.00663859630003572,0.00587573228403926,0.00717155402526259,0.00776140578091145,0.00539337983354926,0.00620547728613019,0.00645301584154367,
488.0,0.00608058460056782,0.00630187848582864,0.00607284251600504,0.00604492891579866,0.00536562502384186,0.00599037623032928,0.00617836927995086,0.00672201905399561,0.00604661041870713,0.00643507903441787,0.00641510263085365,0.00661645969375968,0.0066419611684978,0.00707656238228083,0.00645608641207218,0.00604195520281792,0.00650758016854525,0.00679480191320181,0.00647288002073765,0.00626422557979822,0.00541122676804662,0.00693837041035295,0.00536723248660564,0.00654159765690565,0.00658625271171331,0.00639710621908307,0.00644859066233039,0.00611307518556714,0.00528914015740156,0.00597626343369484,0.00570464227348566,0.00610505416989326,0.00791700929403305,0.00751712312921882,0.00684800371527672,0.00746198231354356,0.00658179493620992,0.00583356153219938,0.00563765643164516,0.00647628726437688,0.00637726625427604,0.00674828048795462,0.00597402267158031,0.00728678936138749,0.00789633858948946,0.00547733902931213,0.00630390271544456,0.00655810860916972,
489.0,0.0062015987932682,0.00643045175820589,0.00619044387713075,0.00616481713950634,0.00547298742458224,0.00610993942245841,0.00630250666290522,0.00685805827379227,0.00616689957678318,0.00657061161473393,0.00653988169506192,0.00674666836857796,0.00677333073690534,0.00722045497968793,0.00658774143084884,0.00616406137123704,0.00663974834606051,0.00693242903798819,0.00660086562857032,0.00639012595638633,0.00552334822714329,0.00707352487370372,0.005472207441926,0.00667307293042541,0.00672144535928965,0.00651854043826461,0.00657657906413078,0.00623699091374874,0.00540026370435953,0.00609487155452371,0.00581390596926212,0.00622593844309449,0.00807573646306992,0.00767051102593541,0.00698806950822473,0.00761458370834589,0.00671258801594377,0.00594938127323985,0.00574915250763297,0.00660884333774447,0.00650299154222012,0.00688174786046147,0.00608858466148376,0.00742996577173471,0.00805422849953175,0.00558409560471773,0.00643141614273191,0.00669092265889049,
490.0,0.00630849087610841,0.00653876271098852,0.00629595061764121,0.00626738462597132,0.00556882563978434,0.00621875934302807,0.00640505040064454,0.00697030313313007,0.00627321656793356,0.00668689049780369,0.00664634676650167,0.00686278147622943,0.00688941963016987,0.00734143611043692,0.00670086266472936,0.00626854784786701,0.00676116300746799,0.00704859895631671,0.00671155285090208,0.00650037080049515,0.00561969866976142,0.00719270063564181,0.00556757859885693,0.00678860023617744,0.00683438591659069,0.00662933150306344,0.00668899854645133,0.00633762171491981,0.00549761392176151,0.00619830330833793,0.00591071043163538,0.00633231131359935,0.00821213144809008,0.00780533906072378,0.00710548646748066,0.00774499820545316,0.00682972930371761,0.00604866445064545,0.00585208181291819,0.00672418670728803,0.00661455746740103,0.00699413195252419,0.00618303287774324,0.00755469268187881,0.008186936378479,0.00568034453317523,0.00654701935127378,0.00680903671309352,
491.0,0.006376878824085,0.00660465797409415,0.00635758973658085,0.00632078666239977,0.00562928942963481,0.00628632446750999,0.0064643588848412,0.00703400699421763,0.00633913464844227,0.00674679968506098,0.00671265413984656,0.00693196291103959,0.00695740291848779,0.00741028692573309,0.00676330924034119,0.00633005890995264,0.0068421745672822,0.00711406953632832,0.00677843159064651,0.00656688679009676,0.00567519990727305,0.00726566882804036,0.00562919769436121,0.00685151293873787,0.00690426491200924,0.00670399749651551,0.00674770632758737,0.00639355881139636,0.00555241387337446,0.00626919977366924,0.00596942286938429,0.00639414321631193,0.00829528458416462,0.00787812750786543,0.00718074711039662,0.00782356224954128,0.00690373964607716,0.00611861748620868,0.00592313427478075,0.00679323635995388,0.00667815422639251,0.0070649073459208,0.00624910462647676,0.00763040734454989,0.00827625766396523,0.00574331916868687,0.00662011373788118,0.0068861898034811,
492.0,0.00642575183883309,0.00665093353018165,0.0064007481560111,0.00636467104777694,0.00567045761272311,0.00633622938767076,0.00651425216346979,0.00708282506093383,0.00638345070183277,0.00679529225453734,0.00675594760105014,0.0069775371812284,0.00699975714087486,0.00746443448588252,0.00681194476783276,0.00637146830558777,0.00688542239367962,0.0071586542762816,0.00682737911120057,0.0066138869151473,0.00571335293352604,0.00731919799000025,0.0056725493632257,0.00689503457397223,0.00695671839639544,0.00674582179635763,0.00679353764280677,0.00644457619637251,0.00559636019170284,0.00631514983251691,0.00600695749744773,0.00643849419429898,0.00834811385720968,0.00793762318789959,0.00723210489377379,0.00787322875112295,0.00695051113143563,0.00616588583216071,0.0059768739156425,0.00684373592957854,0.00672807544469833,0.00711656967177987,0.00629133684560657,0.0076919156126678,0.00833260454237461,0.00578255765140057,0.00666893692687154,0.00693117221817374,
493.0,0.00647837575525045,0.00670791324228048,0.00644959043711424,0.00642082933336496,0.00572681846097112,0.00639717932790518,0.00656850729137659,0.00714513286948204,0.0064386734738946,0.00685945572331548,0.00681096455082297,0.00702863745391369,0.00706038437783718,0.00753076700493693,0.00687381625175476,0.00642581097781658,0.00694644497707486,0.00721775321289897,0.0068837832659483,0.00666818115860224,0.00576412491500378,0.00738170789554715,0.00572067219763994,0.00695570837706327,0.00701725529506803,0.00679692160338163,0.00685110501945019,0.00650570821017027,0.0056534968316555,0.00637248251587152,0.00605723354965448,0.00649450439959764,0.00841451808810234,0.00801354181021452,0.00729506509378552,0.00794070493429899,0.00700952531769872,0.00622400874271989,0.00603927345946431,0.00690629845485091,0.00678659789264202,0.00717756478115916,0.0063453302718699,0.00776131544262171,0.00840170867741108,0.00583075871691108,0.00672886939719319,0.00698957312852144,
494.0,0.00654334481805563,0.0067814220674336,0.00651332875713706,0.00649037258699536,0.00580322602763772,0.00647631054744124,0.00663220975548029,0.0072255115956068,0.00651275552809238,0.00694091478362679,0.00688746478408575,0.00709628779441118,0.00714751053601503,0.00761328171938658,0.00695228250697255,0.00650082062929869,0.00703964894637465,0.00729825347661972,0.00695312162861228,0.00673704501241446,0.00583404116332531,0.00745975971221924,0.00578221678733826,0.00703883869573474,0.0070927394554019,0.00687082251533866,0.00692370161414146,0.0065750521607697,0.00572641007602215,0.00645087100565434,0.00612871441990137,0.00656798249110579,0.00850707292556763,0.00810820423066616,0.00737814325839281,0.00803641509264708,0.00709186727181077,0.00630089454352856,0.0061172186397016,0.00698677590116858,0.00685889925807714,0.00725543778389692,0.00642041163519025,0.00784363783895969,0.00849794503301382,0.00589837413281202,0.00681155640631914,0.00707474863156676,
495.0,0.00660636555403471,0.00683911982923746,0.00657920632511377,0.00654662121087313,0.00585630210116506,0.00654757535085082,0.00670158164575696,0.00729421572759748,0.00657417951151729,0.00700649293139577,0.00695472257211804,0.00716308690607548,0.00721175316721201,0.00768397701904178,0.00701730931177735,0.00656477408483624,0.00710750836879015,0.00736337620764971,0.00701105734333396,0.00679797679185867,0.00589353311806917,0.00752663658931851,0.00584268663078547,0.00710226967930794,0.00716249318793416,0.00693060690537095,0.00698579894378781,0.00663001323118806,0.00578703777864575,0.00651452410966158,0.00618862826377153,0.0066292891278863,0.00858752336353064,0.00818650610744953,0.0074460175819695,0.00811191741377115,0.00716165080666542,0.00636083725839853,0.00618672603741288,0.00705328956246376,0.00692701619118452,0.00732553470879793,0.00648092478513718,0.00792087148874998,0.00858250074088573,0.00595818134024739,0.00689020520076156,0.00714484322816134,
496.0,0.00665016332641244,0.006878103595227,0.00661803828552365,0.00659189792349935,0.00590040627866983,0.00659596128389239,0.00674920063465834,0.00734118418768048,0.00661686435341835,0.00705733196809888,0.00699792709201574,0.0072114416398108,0.00725812558084726,0.00772746233269572,0.00705643557012081,0.0066028805449605,0.00715712178498507,0.00740725267678499,0.00704754563048482,0.00683657638728619,0.0059322421438992,0.0075747431255877,0.00588828325271606,0.00714646279811859,0.00720454985275865,0.00697026401758194,0.00702548120170832,0.00667142169550061,0.00583162065595388,0.00656218035146594,0.00622727302834392,0.00667406897991896,0.00864397920668125,0.00824224948883057,0.00749953044578433,0.00816833507269621,0.00720643205568194,0.00640743598341942,0.00623847404494882,0.00710179377347231,0.0069684567861259,0.00737106520682573,0.0065203458070755,0.00797239318490028,0.0086341192945838,0.00599769782274961,0.00693866377696395,0.00719086499884725,
497.0,0.00666423607617617,0.00688932090997696,0.00662611145526171,0.00660841958597302,0.00592664489522576,0.00661632139235735,0.00676201609894633,0.00735133280977607,0.00663297297433019,0.0070743071846664,0.00700899586081505,0.00722294580191374,0.00727098854258657,0.00773733900859952,0.00706719886511564,0.00660920236259699,0.00717915827408433,0.00741938874125481,0.00705523649230599,0.00684551056474447,0.00594323500990868,0.00759166106581688,0.00590769620612264,0.0071585294790566,0.00721632177010179,0.00697754276916385,0.00703347893431783,0.00668489094823599,0.00585417915135622,0.00658481474965811,0.00623934203758836,0.00668976036831737,0.00865983404219151,0.00826114695519209,0.00752137275412679,0.00818720553070307,0.00722255045548081,0.00642603728920221,0.00626751966774464,0.00712339906021953,0.00697864033281803,0.00738546159118414,0.00653180852532387,0.0079888254404068,0.00864516198635101,0.00600977754220366,0.00695371115580201,0.00720535824075341,
498.0,0.00664833188056946,0.00687084347009659,0.00661192368716002,0.00658717565238476,0.0059270691126585,0.00661301193758845,0.00674226973205805,0.00732339080423117,0.00662227068096399,0.00704941060394049,0.00699020270258188,0.00719485990703106,0.00724446121603251,0.00771697983145714,0.00705422414466739,0.00658872071653605,0.00717030744999647,0.00739782815799117,0.00703503983095288,0.00682678073644638,0.00592944072559476,0.00757489446550608,0.00589945167303085,0.00713531486690044,0.007204694673419,0.0069507472217083,0.00701051112264395,0.00666414480656385,0.00585472490638494,0.00657908292487264,0.00622770981863141,0.0066721411421895,0.00863224640488625,0.00824074354022741,0.0075032445602119,0.00816154759377241,0.00721348775550723,0.00641116034239531,0.00627562263980508,0.00711591262370348,0.00696375360712409,0.00737172085791826,0.00651691481471062,0.00797348655760288,0.00862296484410763,0.00599625706672668,0.0069447229616344,0.00719024520367384,
499.0,0.00662185903638601,0.00684351846575737,0.00658863410353661,0.00656498596072197,0.00591484783217311,0.00660315388813615,0.00672205444425344,0.00730118341743946,0.00660446519032121,0.00702785281464458,0.00696106674149632,0.0071722473949194,0.00721921166405082,0.00768277095630765,0.00702493404969573,0.00656489981338382,0.00715535972267389,0.00736497202888131,0.00700547685846686,0.0067974952980876,0.00591533211991191,0.00755390897393227,0.00588648393750191,0.0071122869849205,0.00717738922685385,0.00692214630544186,0.00697945710271597,0.00664195045828819,0.00584914814680815,0.00656048068776727,0.00620913272723556,0.00664556166157126,0.00860034395009279,0.00821867026388645,0.00747912190854549,0.00813437718898058,0.00718545448035002,0.00640235468745232,0.00627453159540892,0.00709650665521622,0.00693796295672655,0.00734441122040153,0.00649803457781672,0.00795141328126192,0.00859905499964952,0.00597497448325157,0.00692766951397061,0.00716696958988905,
500.0,0.00660829897969961,0.00682566640898585,0.00657615438103676,0.00655357167124748,0.00591273233294487,0.00660284981131554,0.00670996867120266,0.00728588178753853,0.00659298244863749,0.0070160343311727,0.0069493567571044,0.00715831527486444,0.00720820482820272,0.00766114797443151,0.007007519248873,0.00654801586642861,0.00715189939364791,0.00734359258785844,0.00698072323575616,0.00678230309858918,0.00591406598687172,0.00753780221566558,0.00588264456018806,0.00710456166416407,0.00716265337541699,0.00690634502097964,0.00696152495220304,0.00662507768720388,0.00584890600293875,0.00655456073582172,0.00620234757661819,0.00663607148453593,0.00857815332710743,0.00820806529372931,0.00746909622102976,0.00812644325196743,0.00717655383050442,0.00640185549855232,0.00628545368090272,0.00708809960633516,0.00692172162234783,0.00732875661924481,0.00648611830547452,0.00794370099902153,0.00859017577022314,0.00596590945497155,0.00692541524767876,0.00715691735967994,
501.0,0.00661817425861955,0.00683295680209994,0.00658780708909035,0.00656537245959044,0.00593377742916346,0.0066288448870182,0.0067208562977612,0.00729246158152819,0.00660339137539268,0.00702620437368751,0.00696695130318403,0.00716458866372705,0.00722183519974351,0.00766858505085111,0.00701978662982583,0.00655083311721683,0.00717597454786301,0.00734892534092069,0.00697849504649639,0.00679192831739783,0.00593248987570405,0.00754479318857193,0.005902751814574,0.00712159927934408,0.0071769873611629,0.00691220443695784,0.00697010336443782,0.00662812544032931,0.00587246753275394,0.00657581724226475,0.00621890788897872,0.0066542224958539,0.00858436338603497,0.00822541769593954,0.00748591497540474,0.00814833585172892,0.00719835190102458,0.00642196601256728,0.00632267817854881,0.00710755027830601,0.00692939199507236,0.0073434142395854,0.00649755960330367,0.00796621479094028,0.00860914401710033,0.00598050188273191,0.00695140194147825,0.00717324251309037,
502.0,0.00665322272107005,0.00687757786363363,0.0066312113776803,0.00661216862499714,0.00598365440964699,0.00669597834348679,0.00677246600389481,0.00734421890228987,0.00665154866874218,0.00707440637052059,0.00701419170945883,0.00720841018483043,0.00726868119090796,0.00771327549591661,0.00706968968734145,0.006587287876755,0.00724087515845895,0.00739011820405722,0.00701707601547241,0.00682762172073126,0.00597384618595243,0.00759788602590561,0.00595994247123599,0.0071690957993269,0.00722662685438991,0.00694546941667795,0.00701197749003768,0.0066704279743135,0.00594006897881627,0.00662971194833517,0.00626479275524616,0.00669939536601305,0.00863923970609903,0.0082879550755024,0.00753652025014162,0.00820313207805157,0.00724404118955135,0.00648080231621861,0.00639444310218096,0.00716563127934933,0.00697035761550069,0.00739965541288257,0.00655045220628381,0.00802967604249716,0.00866583082824945,0.00602325098589063,0.0070115071721375,0.00722267059609294,
503.0,0.00674107484519482,0.0069681010209024,0.00671852147206664,0.00670082587748766,0.00608226843178272,0.0068039707839489,0.00686992518603802,0.00744501082226634,0.0067485747858882,0.0071764518506825,0.00711371004581451,0.00730633269995451,0.00736796855926514,0.00781237613409758,0.0071605802513659,0.00667067058384418,0.0073545603081584,0.00748726725578308,0.00710187572985888,0.00691823940724134,0.00606272090226412,0.00770569080486894,0.00605009961873293,0.00726941460743546,0.00731905037537217,0.00703534903004766,0.00710018631070852,0.00676499772816896,0.0060417321510613,0.0067302156239748,0.00635687075555325,0.00679264217615128,0.00875219888985157,0.00840332824736834,0.00763754779472947,0.00830782577395439,0.0073480112478137,0.00657969526946545,0.00651279184967279,0.00727085629478097,0.00706302653998137,0.00749815022572875,0.00664494140073657,0.0081455809995532,0.00878138840198517,0.00610533356666565,0.00712166726589203,0.00732370605692267,
504.0,0.00684806611388922,0.00707526644691825,0.00682677328586578,0.00680693099275231,0.00619633449241519,0.00693006347864866,0.00698474841192365,0.0075626689940691,0.00686416076496243,0.00729419151321054,0.00723461853340268,0.0074235163629055,0.00748747680336237,0.00793088413774967,0.00727021368220448,0.00677766464650631,0.00748771009966731,0.00760277593508363,0.00720497407019138,0.00702549563720822,0.00617213314399123,0.00782844424247742,0.00615676678717136,0.00738537404686213,0.00743746571242809,0.00714700855314732,0.00720565067604184,0.0068766912445426,0.00615939032286406,0.00684964004904032,0.00646520685404539,0.0069067720323801,0.00888920575380325,0.00853823218494654,0.00776162324473262,0.00844043865799904,0.00747418403625488,0.0066985678859055,0.00665624020621181,0.00739913014695048,0.00717778410762548,0.00761575531214476,0.00675564492121339,0.00828470196574926,0.00892507005482912,0.006207384634763,0.00725112576037645,0.00744371814653277,
505.0,0.00694355322048068,0.00717342924326658,0.00693147396668792,0.00690861651673913,0.0062995976768434,0.00705305021256208,0.00709235761314631,0.00767084071412683,0.00697075529024005,0.00739755108952522,0.0073478571139276,0.0075305481441319,0.0075988513417542,0.00803850032389164,0.00737786572426558,0.00688044028356671,0.00761296460404992,0.0077061434276402,0.00730131519958377,0.00711946375668049,0.00627598166465759,0.00793820712715387,0.00626310566440225,0.00748806167393923,0.00755741493776441,0.00724676204845309,0.00730320019647479,0.00697635486721992,0.00627576373517513,0.00696248235180974,0.00656525371596217,0.00701455678790808,0.00901733990758657,0.0086655505001545,0.00788175500929356,0.00857327319681644,0.00758973462507129,0.00681527052074671,0.00679992418736219,0.00752374716103077,0.00728640053421259,0.00773078249767423,0.00686109764501452,0.00841850508004427,0.00906399637460709,0.00630834419280291,0.00737326871603727,0.00755438301712275,
506.0,0.00701954355463386,0.00725473463535309,0.0070158326998353,0.00699829356744885,0.00639343727380037,0.00716132484376431,0.00718535063788295,0.00776456389576197,0.00705756293609738,0.00748653849586844,0.00744269508868456,0.00762310111895204,0.0076963109895587,0.00812841113656759,0.00747414398938417,0.00695358263328671,0.0077165593393147,0.00779661536216736,0.0073810969479382,0.00720467837527394,0.00636476464569569,0.00804315134882927,0.00635558739304543,0.00758061045780778,0.00764792505651712,0.00732056517153978,0.00738733867183328,0.00705928355455399,0.00637793680652976,0.00705906562507153,0.00665581878274679,0.00710238656029105,0.00911800935864449,0.00878194626420736,0.00798505917191505,0.00867974944412708,0.00768719986081123,0.0069101988337934,0.00692238658666611,0.00762256700545549,0.00737770833075047,0.00783193204551935,0.00695503829047084,0.00853120442479849,0.00917683634907007,0.00639303820207715,0.00748268188908696,0.00764998234808445,
507.0,0.00707431882619858,0.00730776553973556,0.00707594910636544,0.00706351641565561,0.00647099455818534,0.0072501297108829,0.00725423684343696,0.00783258769661188,0.00712455715984106,0.00755056878551841,0.0075167678296566,0.00768836867064238,0.00776137737557292,0.00819263886660337,0.00753870513290167,0.00700516486540437,0.00780612230300903,0.00785775575786829,0.00743731157854199,0.00726411724463105,0.00643274700269103,0.00811852794140577,0.00643068132922053,0.00764773366972804,0.00771442148834467,0.00737701449543238,0.00744251534342766,0.00712370965629816,0.00646009156480432,0.00713589554652572,0.0067247967235744,0.0071683400310576,0.00919557549059391,0.00886900536715984,0.00805937126278877,0.00876279547810555,0.0077658649533987,0.00698812259361148,0.00703118788078427,0.00770097691565752,0.00743888877332211,0.00790430046617985,0.00702336803078651,0.00862529035657644,0.0092599019408226,0.0064613102003932,0.00756627740338445,0.00772044900804758,
508.0,0.00712130358442664,0.00735409930348396,0.00713139772415161,0.00711966399103403,0.00654294900596142,0.00733246235176921,0.0073149879463017,0.0078910868614912,0.00718817347660661,0.00760584184899926,0.00758671015501022,0.00774607853963971,0.00781597010791302,0.00824491400271654,0.00759045407176018,0.00705370772629976,0.00789061654359102,0.00790760479867458,0.00748236989602447,0.00731302378699183,0.00649533001706004,0.00818125810474157,0.00649881642311811,0.00770681165158749,0.00777557166293263,0.00742808124050498,0.00749085005372763,0.00718081602826715,0.0065384921617806,0.00720538757741451,0.00678768893703818,0.00722735607996583,0.00926551688462496,0.00894529931247234,0.0081222876906395,0.00883874483406544,0.00783722661435604,0.00706365238875151,0.00713689206168056,0.00777495093643665,0.00749142561107874,0.00796641036868095,0.00708461739122868,0.00871187448501587,0.00933300703763962,0.00652141682803631,0.00764400372281671,0.00778302317485213,
509.0,0.00717696966603398,0.00741932727396488,0.00720364507287741,0.00718783866614103,0.0066238665021956,0.00742461998015642,0.0073886476457119,0.00796186551451683,0.00726484786719084,0.00767392152920365,0.00767024559900165,0.00782069284468889,0.00788913760334253,0.00830417964607477,0.007656822912395,0.00711625255644321,0.00797926355153322,0.00797061063349247,0.00753464130684733,0.00737321842461824,0.00657056132331491,0.00825742073357105,0.00657453807070851,0.00778070883825421,0.00785021483898163,0.00748515827581286,0.00755883660167456,0.00724437274038792,0.00663164164870977,0.00728340866044164,0.00686395168304443,0.00729725416749716,0.00934408418834209,0.00903517566621304,0.00819818116724491,0.00892437435686588,0.00791470985859632,0.00715073803439736,0.00725212972611189,0.00786127615720034,0.007561887614429,0.00804299023002386,0.00716268690302968,0.00880439393222332,0.0094200624153018,0.00658563198521733,0.007740275003016,0.00785900186747313,
510.0,0.00724540324881673,0.00749085424467921,0.00728010945022106,0.00726553937420249,0.00671568047255278,0.00752566568553448,0.00747441360726953,0.0080449553206563,0.00734198745340109,0.00775538617745042,0.0077569936402142,0.00790204387158155,0.00797217059880495,0.0083734979853034,0.00773400161415339,0.00718331662937999,0.00807896442711353,0.00803960580378771,0.00760483602061868,0.00744070066139102,0.00665019452571869,0.0083428593352437,0.00666481116786599,0.00786180049180985,0.0079318406060338,0.00755002023652196,0.00762781035155058,0.00731699727475643,0.00672830967232585,0.00737268989905715,0.00694341026246548,0.007378198672086,0.00942946691066027,0.00912381336092949,0.00828811246901751,0.00901140552014112,0.00799769163131714,0.00724073685705662,0.00739120133221149,0.00796060636639595,0.00763912871479988,0.00812687817960978,0.00724907778203487,0.0089093679562211,0.00952006876468658,0.00666685355827212,0.00784320663660765,0.00794067047536373,
511.0,0.00729308603331447,0.00753962900489569,0.00734642380848527,0.00732925953343511,0.00679862918332219,0.00761135574430227,0.00754527607932687,0.00810598116368055,0.0074048051610589,0.0078171044588089,0.00782433059066534,0.00796488951891661,0.00803404022008181,0.00842980574816465,0.00779444817453623,0.00723133282735944,0.00816132687032223,0.00809695012867451,0.00765437819063663,0.00749357836320996,0.00672196270897985,0.00841328594833612,0.00674306694418192,0.00792482029646635,0.00799400918185711,0.00759901711717248,0.00767901865765452,0.00737508665770292,0.00681615388020873,0.0074476501904428,0.00700774556025863,0.00744435796514153,0.00949823018163443,0.00919771753251553,0.00836406461894512,0.00908170733600855,0.00807012524455786,0.00732302526012063,0.00751747656613588,0.00803921837359667,0.00770109333097935,0.0081963250413537,0.00731898006051779,0.00899981614202261,0.00960021931678057,0.00673873815685511,0.00792505592107773,0.00800355616956949,
512.0,0.0073081930167973,0.00755740469321609,0.00738619733601809,0.00736679090186954,0.0068551329895854,0.00767199043184519,0.00758527126163244,0.00813374854624271,0.00744463223963976,0.00784278195351362,0.00786410458385944,0.00799809116870165,0.00806193705648184,0.00845469627529383,0.00782300997525454,0.00725096510723233,0.00821390654891729,0.00812545511871576,0.00766749912872911,0.00751960091292858,0.00677272351458669,0.00845166947692633,0.00679453555494547,0.00795638281852007,0.0080249235033989,0.00761916488409042,0.00770106120035052,0.00740581937134266,0.00688276998698711,0.0074932649731636,0.00704996939748526,0.00748105626553297,0.00953210331499577,0.00924264825880528,0.00840582139790058,0.00912392605096102,0.00811563525348902,0.00738320965319872,0.00761699583381414,0.00808528158813715,0.00773386750370264,0.00823713093996048,0.00736195920035243,0.00905986130237579,0.00964408740401268,0.00678419228643179,0.00797677412629128,0.00803600531071424,
513.0,0.00729955034330487,0.00755435833707452,0.00738351559266448,0.00737700657919049,0.00687257526442409,0.00771125266328454,0.00759055558592081,0.00813824869692326,0.00745830778032541,0.00783365685492754,0.00788114126771688,0.00800383929163218,0.00806048978120089,0.00843670405447483,0.00781757384538651,0.00724610267207026,0.00823961477726698,0.00811090692877769,0.00765142869204283,0.00751619599759579,0.00679011177271605,0.00844976864755154,0.00681717554107308,0.0079552074894309,0.00802685506641865,0.00760850496590137,0.00769014609977603,0.00740746827796102,0.00691693974658847,0.00750635610893369,0.00707292882725596,0.0074855275452137,0.00952012185007334,0.0092450762167573,0.00840347073972225,0.00913306139409542,0.00812029745429754,0.00740544265136123,0.00769728934392333,0.00810750387609005,0.00773240486159921,0.00824341177940369,0.00738091627135873,0.00908546801656485,0.00965145882219076,0.00679716421291232,0.00800624303519726,0.00803897809237242,
514.0,0.00725125381723046,0.00750610698014498,0.0073484480381012,0.00734497513622046,0.00686356285586953,0.00770894251763821,0.00756109692156315,0.00809153076261282,0.00742975017055869,0.00779070751741529,0.00785682629793882,0.00796875730156899,0.00801805406808853,0.0083787040784955,0.00777538120746613,0.00720364227890968,0.00821936968713999,0.00806231424212456,0.0076033640652895,0.00747031252831221,0.006775779183954,0.0084081320092082,0.00680871726945043,0.00791635364294052,0.0079877395182848,0.00755702797323465,0.00764562003314495,0.0073707727715373,0.00691838376224041,0.00749155459925532,0.00705499481409788,0.00745365815237165,0.00946706812828779,0.0092031704261899,0.00836706534028053,0.00908718537539244,0.0080973282456398,0.00739721488207579,0.00773334875702858,0.00808817986398935,0.00769483484327793,0.00821064412593842,0.00735792145133018,0.00906728766858578,0.00960472039878368,0.00677725952118635,0.00799647346138954,0.00800584070384502,
515.0,0.00718020694330335,0.00742864003404975,0.00729231024160981,0.00728702591732144,0.00683564320206642,0.00767486309632659,0.00750697590410709,0.0080164335668087,0.00737247709184885,0.00772199919447303,0.00780547456815839,0.0079052522778511,0.00794687308371067,0.00829268898814917,0.0077057215385139,0.00713279051706195,0.00817090831696987,0.00798897910863161,0.00752821564674377,0.00740036694332957,0.00674081966280937,0.0083394180983305,0.00677758548408747,0.00785025674849749,0.0079200929030776,0.0074843573383987,0.00757168559357524,0.00730634992942214,0.00689709465950727,0.00745081761851907,0.0070122410543263,0.00740113155916333,0.00938290450721979,0.00913036428391933,0.00830499175935984,0.00901092495769262,0.00804463680833578,0.00736555876210332,0.00774343591183424,0.00803800206631422,0.0076347952708602,0.00815005227923393,0.00731372367590666,0.009014374576509,0.00952959153801203,0.00673918519169092,0.00795634742826223,0.00794187560677528,
516.0,0.00711486395448446,0.00735470233485103,0.00723938690498471,0.00723502738401294,0.00680975802242756,0.00764108449220657,0.00745453126728535,0.00795065890997648,0.0073176990263164,0.00765299564227462,0.00775846373289824,0.00784353632479906,0.00787778571248055,0.00820760987699032,0.00763615779578686,0.00706306518986821,0.00812872499227524,0.00791544001549482,0.0074503505602479,0.00733808055520058,0.00671032117679715,0.00827458966523409,0.00674824742600322,0.00778574123978615,0.00785445887595415,0.00742033449932933,0.00749473040923476,0.00724352803081274,0.00687837833538651,0.00740481028333306,0.00697494298219681,0.00735444715246558,0.00929867103695869,0.00906062498688698,0.00824280083179474,0.00894453097134829,0.0079830065369606,0.00733435759320855,0.00776315666735172,0.00798923801630735,0.00757949706166983,0.00809151213616133,0.00728076696395874,0.00896130688488483,0.00946722365915775,0.00670931953936815,0.00791547540575266,0.00787444412708282,
517.0,0.00708526000380516,0.00732635660097003,0.0072323870845139,0.00723258731886745,0.006829799618572,0.00766551541164517,0.00745180109515786,0.00793177168816328,0.00731252878904343,0.00763473799452186,0.0077600902877748,0.00783064123243093,0.00786246731877327,0.00817419681698084,0.00761898513883352,0.00705079780891538,0.00813693087548018,0.00788787938654423,0.00742419017478824,0.00732131069526076,0.00672719534486532,0.00826964434236288,0.00676692696288228,0.00777533929795027,0.00783957727253437,0.00739384721964598,0.00747884530574083,0.00723529420793056,0.00690754782408476,0.00740572065114975,0.00697855278849602,0.00734454160556197,0.00927743501961231,0.00905465427786112,0.0082330796867609,0.0089300274848938,0.00797821674495935,0.00735474843531847,0.0078374994918704,0.00799879152327776,0.00756892841309309,0.00808902364224195,0.00729154841974378,0.0089790103957057,0.00946192722767591,0.00672478508204222,0.00792683288455009,0.00786384847015142,
518.0,0.00716901663690805,0.00741910189390183,0.00733849965035915,0.00734173506498337,0.00695647485554218,0.00781501922756433,0.00756736658513546,0.00804517325013876,0.00742769660428166,0.00773603143170476,0.00788596924394369,0.00794895086437464,0.0079697547480464,0.00827500410377979,0.00772712798789144,0.00714944861829281,0.00828040763735771,0.00799169205129147,0.00751637248322368,0.0074199172668159,0.00685200840234756,0.00839236378669739,0.00689668115228415,0.00789045915007591,0.00795433018356562,0.00749026518315077,0.00757953710854054,0.00733944308012724,0.00704734120517969,0.00752972951158881,0.00709538860246539,0.00745761208236218,0.00940131302922964,0.00919218920171261,0.00835846643894911,0.00906024221330881,0.00810788106173277,0.00749282306060195,0.00803936738520861,0.00814162846654654,0.00768056651577353,0.00820980779826641,0.00741482805460691,0.00914386194199324,0.00960567221045494,0.00684777088463306,0.00806928519159555,0.00798063725233078,
519.0,0.00735848303884268,0.00762117328122258,0.00755109498277307,0.00755423214286566,0.00718148937448859,0.00807558931410313,0.00779301254078746,0.00827655475586653,0.00764928944408894,0.00794987753033638,0.00812647584825754,0.00818269979208708,0.00819077156484127,0.00849570240825415,0.00794394034892321,0.00734432134777308,0.00854369066655636,0.00821285881102085,0.007716397754848,0.00762628065422177,0.00707582756876946,0.00863212253898382,0.00712387356907129,0.00811687298119068,0.00818550121039152,0.00769598642364144,0.00778454402461648,0.00754963513463736,0.00728620868176222,0.00776343746110797,0.00731519609689713,0.00768065266311169,0.00965957995504141,0.00945733580738306,0.00860455445945263,0.00932187959551811,0.008357266895473,0.00773908756673336,0.00835972465574741,0.00839956942945719,0.00790608860552311,0.008448232896626,0.0076437839306891,0.00943954568356276,0.0098881246522069,0.00706834625452757,0.00833086855709553,0.00820968579500914,
520.0,0.00759464781731367,0.00786806363612413,0.00781436823308468,0.00781599991023541,0.00745159201323986,0.00838286522775888,0.00806953851133585,0.0085539985448122,0.00791318155825138,0.0082175126299262,0.00841846317052841,0.00845925137400627,0.00846447236835957,0.00876463577151299,0.00820120982825756,0.0075781480409205,0.00885285530239344,0.008479586802423,0.00796379894018173,0.00788300763815641,0.00734457094222307,0.00892589520663023,0.00738900946453214,0.0083880377933383,0.00846405327320099,0.00794174149632454,0.00803633872419596,0.00781252793967724,0.00756693258881569,0.00803996995091438,0.00757774105295539,0.00794434547424316,0.00997999124228954,0.00977580901235342,0.00889874342828989,0.00963832810521126,0.00865466333925724,0.00803448725491762,0.00873678363859653,0.00869978498667479,0.00818243622779846,0.00874686054885387,0.00792357791215181,0.00979110319167376,0.0102336322888732,0.00733196223154664,0.00864302087575197,0.00848380103707314,
521.0,0.00779133569449186,0.0080677717924118,0.00802747160196304,0.00803797878324986,0.0076783150434494,0.00864476896822453,0.00829199329018593,0.00878571532666683,0.00813488475978374,0.00842954963445663,0.00866292417049408,0.00868650712072849,0.00868205912411213,0.00898716971278191,0.008418258279562,0.00777172390371561,0.0091119846329093,0.00869945529848337,0.00816025678068399,0.00809438526630402,0.00756866298615932,0.00916552450507879,0.00761340418830514,0.00860937125980854,0.00869184825569391,0.00814186688512564,0.00824280362576246,0.00801831018179655,0.00780805572867393,0.0082683926448226,0.00779452221468091,0.00816075038164854,0.0102382032200694,0.0100448364391923,0.00914098601788282,0.00990199111402035,0.00889706145972013,0.00827962346374989,0.00907014776021242,0.00895103253424168,0.00840298179537058,0.00899102538824081,0.00816457252949476,0.0100880246609449,0.0105149429291487,0.00755695346742868,0.00890152063220739,0.00871224142611027,
522.0,0.00793659873306751,0.00822309125214815,0.008201714605093,0.00821626931428909,0.00786544941365719,0.00886506401002407,0.00847780611366034,0.00896712578833103,0.00831805821508169,0.00859568547457457,0.00886356644332409,0.00886964146047831,0.00885722134262323,0.00916039757430553,0.00859064422547817,0.00792742520570755,0.00932584889233112,0.00887209363281727,0.00831733457744122,0.00826167594641447,0.00775634264573455,0.00935910921543837,0.00779810408130288,0.00879304297268391,0.00887352414429188,0.00830460619181395,0.00840673223137856,0.0081817926838994,0.00800963677465916,0.00845782458782196,0.00797556433826685,0.00833825580775738,0.0104425251483917,0.0102624371647835,0.00933533161878586,0.0101123610511422,0.00909700430929661,0.00848648604005575,0.0093565322458744,0.00915935728698969,0.0085852975025773,0.00919136963784695,0.00836166460067034,0.0103367101401091,0.0107461297884583,0.00774822058156133,0.00911648664623499,0.00889615435153246,
523.0,0.00803706143051386,0.00833881087601185,0.00834178924560547,0.00835366733372211,0.0080183744430542,0.00904646888375282,0.00863062217831612,0.00910339877009392,0.00846383348107338,0.00872586760669947,0.00902453903108835,0.00901418179273605,0.00899560935795307,0.00928751938045025,0.00871978420764208,0.00804704986512661,0.00949836708605289,0.00900341384112835,0.00844069849699736,0.00838858354836702,0.00791221112012863,0.00951191782951355,0.0079501261934638,0.00894090160727501,0.00901618041098118,0.00843250099569559,0.00853359326720238,0.00831238739192486,0.00817491393536329,0.00861251074820757,0.00812405534088612,0.00848025642335415,0.0106022618710995,0.0104309916496277,0.00948972813785076,0.0102752670645714,0.00925879087299109,0.00865990668535233,0.00959769450128078,0.00932879373431206,0.00873490143567324,0.00935315061360598,0.00851708091795444,0.0105398092418909,0.0109336208552122,0.00790638849139214,0.00929325539618731,0.00903856381773949,
524.0,0.00811085756868124,0.00841169524937868,0.0084336381405592,0.00845096632838249,0.0081342039629817,0.00918017607182264,0.00872673932462931,0.00920034199953079,0.00856113713234663,0.00881756283342838,0.00913941115140915,0.00911535322666168,0.00908153131604195,0.00936819799244404,0.00880488194525242,0.00812297593802214,0.00962151121348143,0.00909579079598188,0.00851809326559305,0.00847120583057404,0.00802653376013041,0.00961393304169178,0.00807374529540539,0.00903252139687538,0.00911821983754635,0.00851187016814947,0.00862140487879515,0.00840067770332098,0.00830154400318861,0.00872064474970102,0.00822540745139122,0.00857439916580915,0.0107135390862823,0.0105465361848474,0.00960467103868723,0.0103915613144636,0.00936561357229948,0.00878524873405695,0.00979034695774317,0.00945048313587904,0.00883143115788698,0.00946282222867012,0.0086318114772439,0.0106834918260574,0.0110607771202922,0.00801835581660271,0.00941978953778744,0.00913450680673122,
525.0,0.00812742114067078,0.00843046326190233,0.00846743583679199,0.00848597008734941,0.0081882169470191,0.00924262311309576,0.0087638646364212,0.00922732707113028,0.00859693344682455,0.00883769243955612,0.00918414536863565,0.00915375165641308,0.00910624302923679,0.00937864556908607,0.00882767140865326,0.00814183242619038,0.009672068990767,0.00912006106227636,0.00853451155126095,0.00849832314997911,0.00807841494679451,0.00965071562677622,0.00812855362892151,0.0090636545792222,0.00914460420608521,0.00853222701698542,0.00864191073924303,0.00842625554651022,0.00836372934281826,0.00876137055456638,0.00826830044388771,0.00860764272511005,0.0107425525784492,0.0105849970132113,0.00963845755904913,0.0104314433410764,0.00940498150885105,0.00884274393320084,0.00991321075707674,0.0094995629042387,0.00886218436062336,0.00950228236615658,0.00868650246411562,0.0107511356472969,0.0111089264973998,0.00807574763894081,0.00947447028011084,0.00916574243456125,
526.0,0.00813068170100451,0.00843659602105618,0.00848904624581337,0.00850981753319502,0.00822773203253746,0.00929277110844851,0.00878951884806156,0.00924214627593756,0.00862193666398525,0.0088447667658329,0.00921649858355522,0.00917896721512079,0.00912087596952915,0.00937843043357134,0.00884124077856541,0.00814921874552965,0.00970933213829994,0.00912999268621206,0.00854052416980267,0.00851790513843298,0.00811998546123505,0.00967195071280003,0.0081675685942173,0.0090841194614768,0.00915870070457459,0.00854039005935192,0.00864752195775509,0.00844020582735538,0.00841149035841227,0.00879027135670185,0.00829906482249498,0.00863179191946983,0.0107544846832752,0.0106063112616539,0.00965670309960842,0.0104547534137964,0.00943357590585947,0.00888971518725157,0.0100218141451478,0.00953471194952726,0.00888509303331375,0.00952971633523703,0.00872855167835951,0.0108064748346806,0.0111405588686466,0.00812203343957663,0.0095159662887454,0.00918495561927557,
527.0,0.00818294007331133,0.00849067699164152,0.00856141559779644,0.00858986098319292,0.00831809546798468,0.0094052804633975,0.00886667333543301,0.00931987259536982,0.00870164949446917,0.00891373865306377,0.00931040849536657,0.00925868470221758,0.00919175799936056,0.00944279413670301,0.00891298055648804,0.00820747949182987,0.00981014594435692,0.00919862557202578,0.00860178656876087,0.00859137065708637,0.00821693055331707,0.00974790938198566,0.0082617299631238,0.00915979128330946,0.00924016628414392,0.00860016420483589,0.00870942417532206,0.00851031672209501,0.00851230416446924,0.00887842383235693,0.00837901048362255,0.00871207658201456,0.010836424306035,0.0106928069144487,0.00974389631301165,0.0105432840064168,0.00952427554875612,0.0089976480230689,0.0101905865594745,0.00963274948298931,0.00897077564150095,0.0096200667321682,0.0088229775428772,0.0109312916174531,0.0112403919920325,0.00821653939783573,0.0096204960718751,0.00926153548061848,
528.0,0.00835552252829075,0.00868079625070095,0.0087660551071167,0.00879843253642321,0.00853428896516562,0.00965163577347994,0.0090751638635993,0.00953370332717896,0.00890796910971403,0.00911106541752815,0.00953852385282516,0.00947331730276346,0.00939599797129631,0.00964363012462854,0.00911090243607759,0.00839541293680668,0.0100539494305849,0.00940593518316746,0.00878993049263954,0.00878654792904854,0.00843069236725569,0.00997231248766184,0.00847671367228031,0.00937415566295385,0.00945631321519613,0.00879237893968821,0.00890533160418272,0.00871146004647017,0.00873959623277187,0.00909736845642328,0.00858008023351431,0.00891572888940573,0.0110796187072992,0.0109435217455029,0.00997317396104336,0.0107896896079183,0.0097580598667264,0.00923349987715483,0.0105050252750516,0.00987416785210371,0.00918598845601082,0.00985300820320845,0.0090479701757431,0.0112135410308838,0.0115109356120229,0.00843582302331924,0.00986879225820303,0.00947232730686665,
529.0,0.00856143794953823,0.00889488030225039,0.00899937842041254,0.00903215818107128,0.00877665355801582,0.00992678664624691,0.00932132266461849,0.00977734290063381,0.00914474856108427,0.00934350583702326,0.00979665759950876,0.0097177941352129,0.00963135901838541,0.00988020654767752,0.00933968648314476,0.00860263872891665,0.0103296609595418,0.00964388810098171,0.00900717079639435,0.00901061482727528,0.00867223832756281,0.0102314231917262,0.00871146004647017,0.00961652863770723,0.00970370508730412,0.00901459902524948,0.00912859290838242,0.00893781986087561,0.00898960884660482,0.00933944992721081,0.00880587194114923,0.00914670340716839,0.0113617535680532,0.0112285269424319,0.0102377627044916,0.0110736014321446,0.0100216818973422,0.00949845649302006,0.0108465394005179,0.0101435808464885,0.00943103060126305,0.0101151196286082,0.00930086243897676,0.0115356529131532,0.0118204494938254,0.00868257787078619,0.0101426215842366,0.009716403670609,
530.0,0.00871615670621395,0.00905063282698393,0.00917287077754736,0.00920635089278221,0.00895853620022535,0.0101386308670044,0.00950933806598186,0.00995858386158943,0.00932384096086025,0.00951917748898268,0.0099923200905323,0.0099019892513752,0.00980644673109055,0.0100562032312155,0.00951126217842102,0.00875050574541092,0.0105376606807113,0.00981944520026445,0.00916880276054144,0.00917776953428984,0.00885863788425922,0.0104250097647309,0.00888899061828852,0.00979558005928993,0.00988864619284868,0.00918025523424149,0.00929244142025709,0.00910447910428047,0.00918060913681984,0.00952130649238825,0.00897655356675386,0.00932028237730265,0.0115727437660098,0.0114394435659051,0.0104378806427121,0.0112867467105389,0.010219618678093,0.00970305036753416,0.0111172245815396,0.0103452056646347,0.00961446762084961,0.0103117097169161,0.00949160289019346,0.0117835700511932,0.012052602134645,0.00887235067784786,0.0103496070951223,0.00990027748048306,
531.0,0.00875584222376347,0.00909984391182661,0.00922658387571573,0.0092657906934619,0.00902119837701321,0.0102230254560709,0.00956479832530022,0.0100139314308763,0.00938211940228939,0.00956811383366585,0.0100600942969322,0.00996420811861753,0.00985707063227892,0.0101003749296069,0.00956179108470678,0.0087953545153141,0.01060776039958,0.00986882392317057,0.00921566504985094,0.00922619551420212,0.0089291213080287,0.0104831298813224,0.00896210968494415,0.00985133927315474,0.00994449015706778,0.00923069566488266,0.00934041105210781,0.00915692839771509,0.00926100555807352,0.00959094148129225,0.00903915986418724,0.00937746651470661,0.0116344960406423,0.011504277586937,0.0105006489902735,0.0113525222986937,0.0102877337485552,0.00978333409875631,0.0112514337524772,0.0104160793125629,0.009671232663095,0.0103803211823106,0.00955858081579208,0.0118718203157187,0.0121266022324562,0.00894685741513968,0.0104316882789135,0.00995601527392864,
532.0,0.00875033996999264,0.0091006001457572,0.00923346262425184,0.00927641987800598,0.00904413405805826,0.0102513628080487,0.00957377813756466,0.0100153563544154,0.00939525756984949,0.00956528447568417,0.0100686345249414,0.00997431203722954,0.00986101292073727,0.0100960144773126,0.00956278387457132,0.00879648048430681,0.0106229986995459,0.00986436661332846,0.00920652877539396,0.0092296414077282,0.00894829910248518,0.0104889767244458,0.00898178573697805,0.00985617190599442,0.00994703266769648,0.00923192966729403,0.00933871325105429,0.00915856473147869,0.00929100066423416,0.00960427429527044,0.0090540973469615,0.00938696414232254,0.0116375694051385,0.0115094510838389,0.0105082048103213,0.0113618830218911,0.0103013115003705,0.00980960391461849,0.0113145504146814,0.0104336207732558,0.00968215707689524,0.0104004358872771,0.00958397332578897,0.0118980053812265,0.0121424309909344,0.00897381827235222,0.0104527371004224,0.00995992589741945,
533.0,0.00877214130014181,0.00912398658692837,0.00926893949508667,0.00931405089795589,0.00909149367362261,0.0103069180622697,0.00961161404848099,0.0100472690537572,0.00943678990006447,0.00959378853440285,0.0101086562499404,0.0100116617977619,0.00988915003836155,0.0101208230480552,0.00959082785993814,0.00882009230554104,0.0106700537726283,0.00989200919866562,0.00922437198460102,0.00925744045525789,0.00899381097406149,0.0105223385617137,0.00902379304170609,0.00989029463380575,0.00998271070420742,0.00925847049802542,0.00936159398406744,0.00918698776513338,0.00934233423322439,0.00964454002678394,0.0090913437306881,0.00942217279225588,0.0116732185706496,0.0115465456619859,0.0105461813509464,0.0114051038399339,0.0103419590741396,0.00986416172236204,0.0114043010398746,0.0104838060215116,0.00972156599164009,0.0104435933753848,0.00963373482227325,0.0119592053815722,0.0121916076168418,0.00902555231004953,0.0105034885928035,0.0099959084764123,
534.0,0.00884910672903061,0.00920184049755335,0.00936076138168573,0.00940888654440641,0.00918933004140854,0.0104230660945177,0.00970746763050556,0.0101428143680096,0.00953426398336887,0.00968484580516815,0.0102148801088333,0.0101086711511016,0.00997309479862452,0.0102055873721838,0.00967762805521488,0.00889456737786531,0.010782390832901,0.00998490490019321,0.00930383242666721,0.00933945178985596,0.00909565016627312,0.0106169926002622,0.0091199092566967,0.00998528674244881,0.0100847203284502,0.00934169720858336,0.00944071169942617,0.00927328504621983,0.00944516900926828,0.00974649749696255,0.00918049830943346,0.00951184798032045,0.0117786657065153,0.0116531252861023,0.0106485933065414,0.0115162832662463,0.0104443598538637,0.00997852254658937,0.0115610603243113,0.0105972476303577,0.00981692690402269,0.0105405896902084,0.00973487831652164,0.0120929153636098,0.0123121673241258,0.00913064274936914,0.0106200473383069,0.0100951874628663,
535.0,0.0089466767385602,0.00931036565452814,0.00947016663849354,0.00952680595219135,0.00931475218385458,0.0105623276904225,0.00982873141765594,0.0102622080594301,0.00965226348489523,0.00979607552289963,0.0103404317051172,0.0102315545082092,0.0100924028083682,0.0103173702955246,0.00979241449385881,0.00899544171988964,0.0109195718541741,0.0101009486243129,0.00940848886966705,0.00945251807570457,0.00921542756259441,0.0107444450259209,0.00923695415258408,0.010104451328516,0.0102109676226974,0.00945239327847958,0.00954791810363531,0.00938185025006533,0.00957063399255276,0.00987348146736622,0.00929418858140707,0.00962236803025007,0.0119167165830731,0.0117917889729142,0.0107776653021574,0.0116517739370465,0.0105778062716126,0.010111759416759,0.0117404581978917,0.010726167820394,0.00993217434734106,0.0106680421158671,0.00986455194652081,0.0122546274214983,0.0124707100912929,0.0092565817758441,0.0107583338394761,0.010214657522738,
536.0,0.00900412537157536,0.00936711300164461,0.00953516829758883,0.00959086138755083,0.00938641186803579,0.0106476312503219,0.00990061555057764,0.0103274984285235,0.00971798691898584,0.00986303668469191,0.0104136262089014,0.0103013515472412,0.010159051977098,0.0103812208399177,0.00985547713935375,0.00905343517661095,0.0109978253021836,0.0101621774956584,0.00946443248540163,0.00951598864048719,0.00929131731390953,0.0108148725703359,0.00930738169699907,0.0101701878011227,0.0102804293856025,0.00951147451996803,0.00960722286254168,0.00944477412849665,0.00964640732854605,0.00994626246392727,0.00935874041169882,0.00968472193926573,0.0119955781847239,0.0118669653311372,0.0108511801809072,0.0117375906556845,0.0106579959392548,0.0101946964859962,0.0118550900369883,0.0108065009117126,0.00999825820326805,0.0107455356046557,0.00993634387850761,0.0123492050915956,0.0125609738752246,0.00933690462261438,0.0108416276052594,0.0102833127602935,
537.0,0.00900991261005402,0.00936739612370729,0.00954389851540327,0.0095968721434474,0.00939840264618397,0.0106668351218104,0.00991062261164188,0.0103350374847651,0.0097270468249917,0.0098710972815752,0.0104250544682145,0.0103082889690995,0.0101614175364375,0.0103830303996801,0.0098565686494112,0.00905707944184542,0.0110079376026988,0.0101612107828259,0.00946351606398821,0.00951854698359966,0.00930856075137854,0.010818962007761,0.00932000949978828,0.0101757701486349,0.0102885076776147,0.00951094646006823,0.00960930716246367,0.00944914948195219,0.00966527592390776,0.00995844043791294,0.00936564803123474,0.00969103444367647,0.0120010301470757,0.0118714300915599,0.0108594046905637,0.0117525942623615,0.0106720114126801,0.0102173071354628,0.0118949366733432,0.0108234761282802,0.0100062945857644,0.0107594169676304,0.00994643662124872,0.012367881834507,0.0125728296115994,0.00935737416148186,0.0108583709225059,0.0102910539135337,
538.0,0.0089781042188406,0.00933647528290749,0.00951161794364452,0.00956971663981676,0.00937569234520197,0.0106403874233365,0.00987728033214808,0.0103092612698674,0.0097024142742157,0.00983482133597136,0.010394798591733,0.010274663567543,0.0101222014054656,0.0103400768712163,0.00981754995882511,0.00902292877435684,0.0109748532995582,0.0101222954690456,0.00942636281251907,0.00948028080165386,0.00928087811917067,0.0107812155038118,0.00929201673716307,0.010144199244678,0.0102611072361469,0.00947488658130169,0.00957383122295141,0.00941219739615917,0.00964721199125052,0.00993445049971342,0.00933539774268866,0.00966086983680725,0.0119571024551988,0.011833731085062,0.0108260409906507,0.011711098253727,0.0106406360864639,0.010197808034718,0.0118852136656642,0.0107918800786138,0.00997553579509258,0.0107282921671867,0.00992212072014809,0.0123387658968568,0.0125366253778338,0.009333704598248,0.0108294486999512,0.0102575058117509,
539.0,0.00893927365541458,0.00929797533899546,0.0094732167199254,0.00953388679772615,0.00934803579002619,0.0106094032526016,0.00983762834221125,0.0102674458175898,0.00966562423855066,0.00979547761380672,0.0103540467098355,0.0102374022826552,0.0100789768621325,0.0102909207344055,0.00977444369345903,0.00898299552500248,0.0109367361292243,0.010079444386065,0.00938042812049389,0.00943316612392664,0.00925077777355909,0.0107319755479693,0.00925815291702747,0.0101014347746968,0.0102221975103021,0.00944149494171143,0.00952725578099489,0.00937659852206707,0.00961482804268599,0.00990427937358618,0.00929813366383314,0.00962237641215324,0.011911503970623,0.0117837740108371,0.0107895629480481,0.01167131960392,0.0106014190241694,0.0101657574996352,0.0118634905666113,0.0107535468414426,0.0099364472553134,0.0106892362236977,0.00988589879125357,0.0122956642881036,0.0124910827726126,0.00931079126894474,0.0107940258458257,0.0102164940908551,
540.0,0.00892038643360138,0.00927581824362278,0.0094569493085146,0.00951599143445492,0.0093343211337924,0.01059580873698,0.00982073321938515,0.0102431876584888,0.00964620802551508,0.00977779366075993,0.0103359306231141,0.0102160163223743,0.0100542455911636,0.0102649861946702,0.00975325796753168,0.00896501541137695,0.0109204445034266,0.0100580006837845,0.0093528013676405,0.0094130914658308,0.00923904776573181,0.0107040144503117,0.00924205221235752,0.01008022390306,0.0102051459252834,0.00942219328135252,0.00950194802135229,0.00935968663543463,0.00960072688758373,0.00989052373915911,0.00927894655615091,0.00959914829581976,0.0118895955383778,0.0117567246779799,0.010768542997539,0.0116527080535889,0.0105824135243893,0.0101553183048964,0.0118613122031093,0.010738106444478,0.00991666689515114,0.0106712793931365,0.00987082999199629,0.0122786452993751,0.0124672362580895,0.00930082518607378,0.0107800802215934,0.0101992078125477,
541.0,0.00894805323332548,0.00929943285882473,0.00948863476514816,0.00954528898000717,0.00936370529234409,0.0106319924816489,0.00985429994761944,0.0102715864777565,0.00967694260179996,0.00980919413268566,0.0103700365871191,0.0102433217689395,0.0100796101614833,0.0102930860593915,0.00978221092373133,0.0089932894334197,0.0109573444351554,0.0100860754027963,0.0093728443607688,0.00944460928440094,0.00926949083805084,0.0107327718287706,0.00927139725536108,0.0101110516116023,0.0102401757612824,0.00944471452385187,0.00952739082276821,0.00938724167644978,0.00963563751429319,0.00992466788738966,0.00930570717900991,0.00962398760020733,0.0119243757799268,0.0117887547239661,0.0107955895364285,0.0116887083277106,0.0106165632605553,0.0101979095488787,0.0119139812886715,0.0107757616788149,0.00994602032005787,0.0107042752206326,0.00990669522434473,0.0123250866308808,0.0125058367848396,0.00933129247277975,0.0108201093971729,0.0102345990017056,
542.0,0.00904167909175158,0.00939506944268942,0.00958562269806862,0.00964570418000221,0.00946582015603781,0.0107499388977885,0.00995774846524,0.0103799812495708,0.0097845159471035,0.009912034496665,0.0104757882654667,0.0103535009548068,0.0101853357627988,0.0103986719623208,0.00988368317484856,0.00908302329480648,0.0110740195959806,0.0101864775642753,0.00946417078375816,0.00953721068799496,0.00936242192983627,0.0108463019132614,0.00936971977353096,0.0102147618308663,0.0103473924100399,0.00954204052686691,0.00962343532592058,0.00948434323072433,0.00974102132022381,0.0100367153063416,0.00940127577632666,0.00972797907888889,0.0120459999889135,0.0119074117392302,0.0109056998044252,0.0118144750595093,0.0107320491224527,0.0103147868067026,0.012051030062139,0.0108892265707254,0.0100483223795891,0.0108115561306477,0.0100130531936884,0.0124605130404234,0.0126443281769753,0.00943431444466114,0.0109412595629692,0.0103423679247499,
543.0,0.00915058888494968,0.00951011385768652,0.00970038026571274,0.00976576935499907,0.00958560220897198,0.0108851213008165,0.0100778890773654,0.0105057843029499,0.00990592036396265,0.0100326389074326,0.0106017058715224,0.0104766990989447,0.0103075942024589,0.0105162467807531,0.0100006544962525,0.00918629858642817,0.0112086879089475,0.0103032300248742,0.00957318115979433,0.00964659079909325,0.00947642792016268,0.0109740411862731,0.00948238745331764,0.0103347077965736,0.010472827591002,0.00965762510895729,0.00973909348249435,0.00959139596670866,0.00986185576766729,0.0101634887978435,0.00951388105750084,0.00984387286007404,0.0121875973418355,0.0120443943887949,0.0110349720343947,0.0119567262008786,0.0108659472316504,0.0104483691975474,0.0122122876346111,0.0110192345455289,0.0101674981415272,0.0109451245516539,0.0101355463266373,0.0126142809167504,0.0128012942150235,0.00955362245440483,0.0110744424164295,0.0104678962379694,
544.0,0.00924158655107021,0.00960610713809729,0.00979914423078299,0.00986451935023069,0.00968815945088863,0.010999190621078,0.0101772798225284,0.0106118535622954,0.0100074699148536,0.0101354904472828,0.0107073709368706,0.0105784768238664,0.0104098189622164,0.0106135560199618,0.0100972848013043,0.00927326828241348,0.0113209262490273,0.0104017779231071,0.00966319069266319,0.00973986368626356,0.00957440491765738,0.0110783753916621,0.00957571528851986,0.010435163974762,0.0105808582156897,0.00975076481699944,0.00983463600277901,0.00968511588871479,0.00996235199272633,0.0102699333801866,0.00960720609873533,0.00993660651147366,0.0123070292174816,0.0121594686061144,0.0111450152471662,0.0120766907930374,0.010976935736835,0.0105628026649356,0.0123487031087279,0.0111282356083393,0.0102679552510381,0.0110590877011418,0.0102371936663985,0.0127400495111942,0.0129305031150579,0.00965527817606926,0.0111879864707589,0.0105736451223493,
545.0,0.00929946824908257,0.00966488104313612,0.00986298173666,0.00992335472255945,0.00975465681403875,0.0110727548599243,0.0102382823824883,0.0106790838763118,0.0100735211744905,0.010202175937593,0.0107726957648993,0.0106429466977715,0.010473869740963,0.0106757758185267,0.0101574072614312,0.00932842399924994,0.011391525156796,0.0104646598920226,0.00971606932580471,0.00979889277368784,0.00963523145765066,0.0111425779759884,0.00963359046727419,0.0104989968240261,0.0106515446677804,0.00980336591601372,0.00989009346812963,0.00975149963051081,0.0100260078907013,0.0103403804823756,0.0096637299284339,0.00999245047569275,0.0123821226879954,0.0122320801019669,0.0112156663089991,0.012155732139945,0.0110457884147763,0.0106390845030546,0.0124348858371377,0.0111990422010422,0.0103310933336616,0.0111279748380184,0.0103004816919565,0.0128174051642418,0.0130115039646626,0.00972134340554476,0.0112657062709332,0.0106406584382057,
546.0,0.00933368038386106,0.00969822518527508,0.00989102013409138,0.00995914172381163,0.0097848242148757,0.0111079411581159,0.0102707073092461,0.0107083702459931,0.0101078795269132,0.0102359037846327,0.0108080543577671,0.0106723010540009,0.0105020729824901,0.0107046393677592,0.0101910913363099,0.0093524856492877,0.0114294979721308,0.0104947695508599,0.00973832234740257,0.00982438027858734,0.00966149941086769,0.0111730443313718,0.00966130383312702,0.0105325952172279,0.0106822345405817,0.00983077939599752,0.00991390272974968,0.00977602601051331,0.0100620314478874,0.0103824166581035,0.00969205144792795,0.0100234318524599,0.0124136153608561,0.0122631825506687,0.0112471366301179,0.0121960015967488,0.0110830422490835,0.010677014477551,0.0124806258827448,0.011241789907217,0.0103581650182605,0.0111585594713688,0.0103345662355423,0.0128617156296968,0.0130556486546993,0.00975167471915483,0.0113021461293101,0.0106741040945053,
547.0,0.00936047174036503,0.00972598046064377,0.00991703011095524,0.00998672004789114,0.00981254037469625,0.01114113163203,0.0103015592321754,0.010734629817307,0.0101396171376109,0.0102625032886863,0.0108347712084651,0.0106982598081231,0.0105269812047482,0.0107298931106925,0.0102163506671786,0.0093736844137311,0.0114600472152233,0.0105194645002484,0.00975982192903757,0.00984580535441637,0.00968737434595823,0.0112004429101944,0.00968906749039888,0.0105613796040416,0.0107139265164733,0.0098584583029151,0.00993828941136599,0.00979772210121155,0.0100943800061941,0.0104171251878142,0.00971651636064053,0.0100489454343915,0.012443813495338,0.0122917620465159,0.0112768411636353,0.0122332097962499,0.0111158844083548,0.010712874121964,0.0125230839475989,0.0112730506807566,0.0103834131732583,0.0111883897334337,0.0103610940277576,0.0128978081047535,0.0130890877917409,0.00978103000670671,0.0113339042291045,0.01070561632514,
548.0,0.00940181408077478,0.00976824015378952,0.00996061973273754,0.0100290141999722,0.00985750276595354,0.0111920824274421,0.0103481048718095,0.0107807209715247,0.0101868882775307,0.0103073036298156,0.0108775720000267,0.010743928141892,0.0105709312483668,0.010774115100503,0.0102554680779576,0.00941136479377747,0.0115097649395466,0.0105617241933942,0.00979720521718264,0.00988476723432541,0.0097308587282896,0.0112452348694205,0.00973247829824686,0.0106053436174989,0.0107662724331021,0.00990194268524647,0.00998156704008579,0.00983846746385098,0.0101412050426006,0.0104664331302047,0.00975627359002829,0.0100889354944229,0.0124969100579619,0.0123423738405108,0.0113260569050908,0.0122889401391149,0.0111661422997713,0.0107655627653003,0.0125849330797791,0.0113193644210696,0.0104275206103921,0.0112374471500516,0.0104036740958691,0.0129524255171418,0.0131437443196774,0.00982595048844814,0.0113867213949561,0.0107539445161819,
549.0,0.0094723841175437,0.00983710680156946,0.0100287133827806,0.0101017793640494,0.00992681086063385,0.0112672122195363,0.0104174176231027,0.0108561273664236,0.0102569041773677,0.0103849042207003,0.0109523981809616,0.0108197899535298,0.0106439646333456,0.010847756639123,0.0103234853595495,0.00947399437427521,0.0115940608084202,0.0106336884200573,0.00985609460622072,0.00995133351534605,0.00979672838002443,0.0113163767382503,0.00979581009596586,0.0106749255210161,0.010843395255506,0.00996688660234213,0.010048751719296,0.00990601815283298,0.0102110244333744,0.010544128715992,0.00982066802680492,0.0101554589346051,0.0125813223421574,0.0124239940196276,0.0114017631858587,0.0123721966519952,0.0112444870173931,0.0108415884897113,0.0126740848645568,0.0114003252238035,0.0104977376759052,0.0113118905574083,0.0104769114404917,0.0130420317873359,0.0132403010502458,0.0098907882347703,0.0114720584824681,0.0108262682333589,
550.0,0.00954093970358372,0.00990859232842922,0.010098785161972,0.0101717812940478,0.0099988067522645,0.0113467741757631,0.0104920584708452,0.0109333237633109,0.010329439304769,0.010460052639246,0.0110281649976969,0.010895973071456,0.0107211135327816,0.0109192356467247,0.0103931548073888,0.00953793153166771,0.0116731878370047,0.0107058398425579,0.00992057006806135,0.0100181261077523,0.00986271630972624,0.0113921528682113,0.00986335054039955,0.0107488101348281,0.0109222419559956,0.0100382966920733,0.0101130735129118,0.00997551716864109,0.0102810077369213,0.0106253130361438,0.00988545175641775,0.0102248545736074,0.0126710552722216,0.0125026209279895,0.011477523483336,0.0124647552147508,0.0113222934305668,0.0109280981123447,0.0127623183652759,0.0114829763770103,0.0105673084035516,0.0113928243517876,0.0105503778904676,0.0131336897611618,0.013335395604372,0.00996266771107912,0.011556145735085,0.0109045803546906,
551.0,0.00960411876440048,0.00997307617217302,0.0101603036746383,0.0102355508133769,0.0100622465834022,0.011417368426919,0.0105592999607325,0.0110016139224172,0.0103965252637863,0.0105262948200107,0.0110932886600494,0.0109605742618442,0.0107869785279036,0.0109834987670183,0.0104590300470591,0.00959371495991945,0.0117436964064837,0.0107699641957879,0.00997818354517221,0.010074938647449,0.00992122758179903,0.0114605659618974,0.0099218487739563,0.0108131365850568,0.0109890997409821,0.0100978799164295,0.0101742753759027,0.0100353406742215,0.0103446571156383,0.0106973387300968,0.0099433995783329,0.0102852899581194,0.012748240493238,0.0125733660534024,0.0115500679239631,0.0125454366207123,0.0113918511196971,0.0110019631683826,0.0128376437351108,0.0115533163771033,0.010627893730998,0.0114628663286567,0.0106128677725792,0.0132127040997148,0.0134190395474434,0.0100253252312541,0.0116278557106853,0.0109745161607862,
552.0,0.00966696441173553,0.010034242644906,0.0102186361327767,0.0102988695725799,0.0101214535534382,0.0114832064136863,0.0106220487505198,0.0110671976581216,0.0104617327451706,0.0105915786698461,0.0111534399911761,0.0110201621428132,0.0108473869040608,0.0110464887693524,0.0105243222787976,0.00964771490544081,0.0118126478046179,0.0108319222927094,0.0100323744118214,0.0101278349757195,0.00997619051486254,0.011525385081768,0.00997528713196516,0.0108726620674133,0.0110523803159595,0.0101511692628264,0.0102364784106612,0.010091720148921,0.010406200774014,0.0107642868533731,0.00999937485903502,0.0103412829339504,0.012818836607039,0.0126438867300749,0.01162189245224,0.0126183861866593,0.011459793895483,0.0110650127753615,0.0129049252718687,0.011618091724813,0.0106857288628817,0.011526495218277,0.010670218616724,0.0132845109328628,0.0134985875338316,0.0100803142413497,0.011694822460413,0.0110399210825562,
553.0,0.00974071957170963,0.0101081458851695,0.0102941580116749,0.0103743588551879,0.0101956008002162,0.0115657206624746,0.0106986379250884,0.011151828803122,0.0105392104014754,0.0106759266927838,0.0112302675843239,0.0110985059291124,0.0109288385137916,0.0111231105402112,0.0105992583557963,0.00972093548625708,0.0118947252631187,0.0109100360423326,0.0101022683084011,0.0101979356259108,0.0100419167429209,0.0116054359823465,0.0100447377189994,0.010950380936265,0.0111417407169938,0.0102279195562005,0.0103059066459537,0.0101676974445581,0.0104792844504118,0.0108462953940034,0.0100689372047782,0.0104129258543253,0.0129122007638216,0.0127318920567632,0.0116993645206094,0.0127135859802365,0.0115453945472836,0.0111453561112285,0.0129846092313528,0.0117035238072276,0.0107601201161742,0.011610085144639,0.0107439737766981,0.0133735248818994,0.013596217148006,0.0101474607363343,0.0117817604914308,0.0111227333545685,
554.0,0.00980984140187502,0.0101799480617046,0.0103662023320794,0.0104433139786124,0.0102659035474062,0.0116445170715451,0.0107728205621243,0.0112286116927862,0.0106138987466693,0.0107533046975732,0.0113041698932648,0.011172161437571,0.0110048558562994,0.0112006757408381,0.0106717199087143,0.00978588033467531,0.0119722746312618,0.0109848603606224,0.0101678166538477,0.0102660693228245,0.0101043749600649,0.0116785615682602,0.010107065550983,0.0110252033919096,0.0112202558666468,0.010296824388206,0.0103738680481911,0.010235482826829,0.0105493208393455,0.0109261116012931,0.0101316869258881,0.0104796448722482,0.0129991872236133,0.0128140933811665,0.0117744319140911,0.0128014050424099,0.0116261718794703,0.011222917586565,0.0130524784326553,0.0117805562913418,0.0108282398432493,0.0116854645311832,0.0108118364587426,0.0134574510157108,0.013684649951756,0.0102059505879879,0.0118636060506105,0.0112022971734405,
555.0,0.00984751805663109,0.0102184321731329,0.0103985974565148,0.0104761803522706,0.01029540784657,0.0116795925423503,0.0108091523870826,0.0112639479339123,0.0106489425525069,0.0107903862372041,0.0113369794562459,0.011204993352294,0.0110390465706587,0.0112406127154827,0.010705254971981,0.00981365237385035,0.012007862329483,0.0110195130109787,0.0101945716887712,0.0102942623198032,0.0101294880732894,0.0117094991728663,0.0101317036896944,0.0110598830506206,0.0112565821036696,0.0103275123983622,0.0104068275541067,0.0102651277557015,0.0105797611176968,0.0109678320586681,0.0101579921320081,0.0105088884010911,0.013040161691606,0.0128506682813168,0.0118105560541153,0.0128431562334299,0.0116638457402587,0.0112564014270902,0.013067489489913,0.0118123674765229,0.0108569748699665,0.0117184314876795,0.0108366962522268,0.0134885348379612,0.0137228053063154,0.0102264741435647,0.0118991089984775,0.0112430062144995,
556.0,0.00983453914523125,0.010200971737504,0.0103684440255165,0.0104522183537483,0.0102613372728229,0.0116438716650009,0.0107825864106417,0.0112369284033775,0.0106204189360142,0.0107674412429333,0.0113021731376648,0.0111735546961427,0.0110094649717212,0.0112149268388748,0.0106756743043661,0.00978719443082809,0.0119746215641499,0.0109893456101418,0.0101608531549573,0.0102586392313242,0.0100929671898484,0.0116745894774795,0.0100985607132316,0.0110297184437513,0.0112325251102448,0.0103018609806895,0.0103808222338557,0.0102377738803625,0.0105458069592714,0.0109459040686488,0.0101275648921728,0.0104778241366148,0.0130090499296784,0.0128144761547446,0.0117800971493125,0.0128137497231364,0.0116323381662369,0.0112186754122376,0.0130019830539823,0.0117759061977267,0.0108241755515337,0.0116858212277293,0.010795921087265,0.0134361917153001,0.0136837875470519,0.0101889055222273,0.0118621019646525,0.0112195312976837,
557.0,0.00977213494479656,0.0101306168362498,0.0102914627641439,0.010372931137681,0.0101843662559986,0.0115492446348071,0.0107004251331091,0.0111568765714765,0.0105461804196239,0.0106986723840237,0.0112077025696635,0.0110887289047241,0.0109319156035781,0.0111324526369572,0.0106002222746611,0.00971441622823477,0.0118772899731994,0.010905641131103,0.0100811803713441,0.0101787922903895,0.0100017320364714,0.0115803154185414,0.0100130513310432,0.0109464582055807,0.0111527210101485,0.0102267162874341,0.0103066265583038,0.0101577509194613,0.0104610975831747,0.0108665116131306,0.0100430035963655,0.0103887636214495,0.0129139237105846,0.0127128819003701,0.0116887204349041,0.0127213587984443,0.011539239436388,0.0111268609762192,0.0128648178651929,0.0116810249164701,0.0107355006039143,0.0115882828831673,0.0107084326446056,0.0133242262527347,0.0135773625224829,0.0100954528898001,0.0117689659819007,0.0111349392682314,
558.0,0.00972361676394939,0.0100826844573021,0.0102314865216613,0.0103116547688842,0.0101218009367585,0.0114738009870052,0.0106379799544811,0.0110943829640746,0.0104890028014779,0.0106454128399491,0.011137361638248,0.0110239954665303,0.0108747025951743,0.0110721401870251,0.0105422083288431,0.00966123212128878,0.011802164837718,0.010842795483768,0.010021822527051,0.0101157790049911,0.00992990285158157,0.0115111162886024,0.00994137860834599,0.0108824614435434,0.0110930586233735,0.0101681388914585,0.0102461706846952,0.0100942188873887,0.0103914644569159,0.0108070122078061,0.00997605547308922,0.010322236455977,0.0128379268571734,0.0126360859721899,0.0116174956783652,0.0126498397439718,0.0114677883684635,0.0110558839514852,0.0127475159242749,0.0116095021367073,0.0106644062325358,0.0115144168958068,0.010636099614203,0.0132275437936187,0.0134942447766662,0.010016979649663,0.0116967130452394,0.0110723599791527,
559.0,0.00972646474838257,0.010088755749166,0.0102233197540045,0.0103044165298343,0.0101087661460042,0.0114588150754571,0.0106319300830364,0.011088247410953,0.0104839038103819,0.0106453578919172,0.0111267920583487,0.0110174296423793,0.0108721721917391,0.0110720479860902,0.0105380704626441,0.00965806562453508,0.0117908576503396,0.0108380727469921,0.0100156273692846,0.0101042594760656,0.00991251599043608,0.0115041071549058,0.00992131140083075,0.0108744464814663,0.0110926693305373,0.0101623060181737,0.0102381203323603,0.0100867943838239,0.0103742675855756,0.0108067290857434,0.00996164139360189,0.010312638245523,0.0128301242366433,0.0126273324713111,0.0116087524220347,0.0126436203718185,0.0114592164754868,0.0110423509031534,0.0126943038776517,0.0115973986685276,0.0106501774862409,0.0115041490644217,0.0106149995699525,0.0131966350600123,0.0134820556268096,0.0099907023832202,0.0116841224953532,0.0110711855813861,
560.0,0.00979193020612001,0.0101469764485955,0.0102746011689305,0.0103560341522098,0.0101569388061762,0.0115117067471147,0.010686406865716,0.0111478883773088,0.0105395326390862,0.0107107348740101,0.0111738098785281,0.0110748745501041,0.0109291160479188,0.0111355194821954,0.0105973668396473,0.00970623269677162,0.0118470741435885,0.0108962738886476,0.0100659662857652,0.010152718052268,0.00995178706943989,0.0115583874285221,0.00996303278952837,0.0109279397875071,0.0111577408388257,0.0102173462510109,0.010295663960278,0.0101454751566052,0.0104192616418004,0.010871222242713,0.0100038480013609,0.0103583475574851,0.0129043981432915,0.0126900356262922,0.0116698164492846,0.0127117056399584,0.0115184606984258,0.0110899303108454,0.0127098625525832,0.0116445869207382,0.0107006086036563,0.0115577951073647,0.0106555344536901,0.0132512087002397,0.0135491145774722,0.0100232530385256,0.0117365578189492,0.0111343935132027,
561.0,0.00987072568386793,0.0102280443534255,0.0103442929685116,0.0104299113154411,0.0102254552766681,0.0115790879353881,0.0107616232708097,0.0112307276576757,0.0106168948113918,0.0107913669198751,0.0112394206225872,0.0111457379534841,0.0110081918537617,0.0112176313996315,0.0106734540313482,0.00977308675646782,0.0119208125397563,0.0109732607379556,0.010131036862731,0.010215949267149,0.0100057618692517,0.0116308620199561,0.0100201647728682,0.0110014136880636,0.0112386476248503,0.0102883521467447,0.0103671308606863,0.0102136814966798,0.0104812504723668,0.0109500540420413,0.0100655239075422,0.0104231294244528,0.0129916043952107,0.0127715365961194,0.011747358366847,0.0128044234588742,0.0115969115868211,0.0111567750573158,0.0127473175525665,0.0117153031751513,0.0107658971101046,0.0116266738623381,0.0107157416641712,0.0133175291121006,0.0136344097554684,0.0100658014416695,0.0118097811937332,0.0112175038084388,
562.0,0.00993446912616491,0.0102971363812685,0.0103988163173199,0.010488023981452,0.0102772144600749,0.011630049906671,0.0108231008052826,0.0112969717010856,0.0106764864176512,0.0108590060845017,0.0112888617441058,0.0112021788954735,0.0110725741833448,0.0112831015139818,0.0107334582135081,0.00982429180294275,0.0119751375168562,0.0110326567664742,0.0101811699569225,0.0102658802643418,0.0100433891639113,0.0116873495280743,0.0100594433024526,0.011059551499784,0.0113033810630441,0.0103444801643491,0.010422240011394,0.0102652944624424,0.010527890175581,0.0110143171623349,0.0101120807230473,0.0104714008048177,0.0130581445991993,0.0128348069265485,0.011804711073637,0.0128770088776946,0.0116537529975176,0.0112051973119378,0.01276286970824,0.0117713483050466,0.010814193636179,0.0116810174658895,0.0107616502791643,0.0133627280592918,0.0136995213106275,0.0100939525291324,0.0118687003850937,0.0112800030037761,
563.0,0.00997363310307264,0.0103384172543883,0.0104263797402382,0.0105160195380449,0.0102976020425558,0.011652609333396,0.010856743901968,0.0113310888409615,0.010703849606216,0.0109018823131919,0.0113081457093358,0.011232509277761,0.0111074857413769,0.0113198971375823,0.0107650272548199,0.009848453104496,0.0119977053254843,0.0110623678192496,0.0102052828297019,0.0102922432124615,0.0100528439506888,0.0117148533463478,0.0100698787719011,0.0110884429886937,0.0113401915878057,0.0103737758472562,0.0104513419792056,0.0102924965322018,0.0105462595820427,0.0110519398003817,0.0101298307999969,0.0104909837245941,0.0130956154316664,0.0128661207854748,0.0118305291980505,0.0129125444218516,0.0116758169606328,0.0112221594899893,0.0127385323867202,0.0117955999448895,0.0108343167230487,0.0117075806483626,0.010778583586216,0.0133770955726504,0.0137303415685892,0.0100983381271362,0.0118959294632077,0.0113085387274623,
564.0,0.0100021343678236,0.0103642754256725,0.0104456292465329,0.0105342362076044,0.0103038381785154,0.0116578415036201,0.0108769964426756,0.0113523220643401,0.0107210455462337,0.0109279192984104,0.0113123552873731,0.0112436842173338,0.0111299315467477,0.0113479178398848,0.0107828304171562,0.00986792799085379,0.0120092434808612,0.0110842101275921,0.0102166384458542,0.0103076053783298,0.0100478958338499,0.0117292394861579,0.0100704431533813,0.0111040342599154,0.0113634001463652,0.0103888045996428,0.0104709817096591,0.0103083830326796,0.0105491252616048,0.0110708549618721,0.010134793817997,0.0105036497116089,0.0131260743364692,0.0128824952989817,0.0118472073227167,0.0129335820674896,0.0116884894669056,0.0112298270687461,0.0126929003745317,0.0118016023188829,0.0108417244628072,0.0117129348218441,0.0107783507555723,0.0133772511035204,0.0137437647208571,0.0100866965949535,0.0118973916396499,0.0113284466788173,
565.0,0.010023501701653,0.0103807551786304,0.0104511650279164,0.0105409864336252,0.010303114540875,0.0116499094292521,0.0108836088329554,0.0113598434254527,0.0107270525768399,0.0109434919431806,0.0113026918843389,0.0112497480586171,0.0111425193026662,0.0113646043464541,0.0107935974374413,0.00987577717751265,0.0120126325637102,0.0110929403454065,0.010223594494164,0.0103063331916928,0.0100321033969522,0.0117305088788271,0.0100605459883809,0.0111060598865151,0.0113719878718257,0.010398855432868,0.0104767857119441,0.0103111639618874,0.0105410004034638,0.011080858297646,0.0101299490779638,0.0104999598115683,0.0131350001320243,0.0128841074183583,0.0118502639234066,0.012941381894052,0.0116928583011031,0.011218979023397,0.0126319462433457,0.0117959789931774,0.0108355497941375,0.0117093799635768,0.0107636339962482,0.013356733135879,0.0137392980977893,0.0100611997768283,0.0118912179023027,0.0113357016816735,
566.0,0.0100494399666786,0.0104050952941179,0.0104600712656975,0.0105503182858229,0.0103069227188826,0.0116483187302947,0.0108963651582599,0.0113753750920296,0.010739921592176,0.0109658828005195,0.0113004995509982,0.0112635809928179,0.0111615629866719,0.0113863665610552,0.010811997577548,0.00988591089844704,0.0120188994333148,0.0111062088981271,0.0102360714226961,0.0103086857125163,0.0100237429141998,0.0117368074133992,0.0100538516417146,0.0111156571656466,0.0113878194242716,0.0104141915217042,0.0104885753244162,0.010319922119379,0.0105374846607447,0.0110968584194779,0.0101309521123767,0.0105014741420746,0.0131481802091002,0.0128926727920771,0.0118608446791768,0.0129604497924447,0.0117038041353226,0.0112121179699898,0.0125757083296776,0.0117963394150138,0.0108355674892664,0.0117130894213915,0.0107549037784338,0.0133404349908233,0.0137430392205715,0.010039534419775,0.011895539239049,0.0113511309027672,
567.0,0.0100865513086319,0.0104462932795286,0.0104844160377979,0.0105721671134233,0.0103200888261199,0.0116645060479641,0.0109277768060565,0.0114123690873384,0.0107701513916254,0.0110043827444315,0.0113187246024609,0.0112885013222694,0.0111958952620625,0.0114239882677794,0.0108441337943077,0.00990941934287548,0.0120342718437314,0.0111361099407077,0.0102570876479149,0.0103297848254442,0.0100322477519512,0.0117595130577683,0.010058457031846,0.0111463461071253,0.0114256171509624,0.0104386219754815,0.0105201825499535,0.0103469807654619,0.0105474088340998,0.0111260339617729,0.0101462220773101,0.0105241015553474,0.013186052441597,0.0129222394898534,0.0118920542299747,0.0130040822550654,0.011728479526937,0.0112260207533836,0.0125354649499059,0.0118122370913625,0.0108544640243053,0.0117311486974359,0.0107648177072406,0.0133468471467495,0.01377157215029,0.0100326994433999,0.0119164166972041,0.0113879423588514,
568.0,0.0101141612976789,0.0104698427021503,0.0104901324957609,0.0105835497379303,0.0103194089606404,0.011661778204143,0.0109387412667274,0.0114263175055385,0.0107779568061233,0.0110256597399712,0.0113146416842937,0.0112954396754503,0.0112105375155807,0.0114452475681901,0.0108557138592005,0.00992298405617476,0.0120400954037905,0.0111462576314807,0.0102639542892575,0.0103330397978425,0.0100164106115699,0.0117626748979092,0.0100452685728669,0.011157794855535,0.0114464052021503,0.0104531841352582,0.0105336485430598,0.0103535801172256,0.010541632771492,0.0111420219764113,0.0101425796747208,0.0105246948078275,0.0131983803585172,0.0129330772906542,0.0118958055973053,0.0130164595320821,0.0117305452004075,0.0112169152125716,0.0124744111672044,0.0118111250922084,0.0108536751940846,0.0117335794493556,0.010755255818367,0.013332043774426,0.0137734673917294,0.0100074568763375,0.0119171915575862,0.0114015182480216,
569.0,0.0101233785971999,0.0104750413447618,0.0104762855917215,0.0105743464082479,0.0103015787899494,0.0116338208317757,0.0109295835718513,0.0114198373630643,0.0107652340084314,0.0110259251669049,0.0112888477742672,0.0112791331484914,0.0112068224698305,0.0114448741078377,0.0108490856364369,0.00991465803235769,0.012020424939692,0.0111390631645918,0.0102527746930718,0.0103161884471774,0.00998163130134344,0.0117464624345303,0.0100134471431375,0.0111462809145451,0.0114403143525124,0.0104475151747465,0.010526885278523,0.0103421593084931,0.0105167245492339,0.0111349644139409,0.0101214880123734,0.0105032986029983,0.0131865926086903,0.0129156969487667,0.0118792587891221,0.0130023192614317,0.0117100412026048,0.0111861201003194,0.0123844314366579,0.011785626411438,0.0108308149501681,0.0117112630978227,0.0107244169339538,0.0132872043177485,0.0137483449652791,0.00996141321957111,0.011890028603375,0.0113957393914461,
570.0,0.0101476712152362,0.0104992566630244,0.0104833953082561,0.0105804819613695,0.0103000141680241,0.0116236489266157,0.0109397917985916,0.0114341881126165,0.0107715763151646,0.0110450815409422,0.0112827979028225,0.0112813906744123,0.011223922483623,0.011462889611721,0.0108632417395711,0.00992105342447758,0.0120171140879393,0.0111530302092433,0.0102604432031512,0.0103175891563296,0.00996633805334568,0.0117520000785589,0.00999948102980852,0.0111505137756467,0.0114491265267134,0.0104569951072335,0.0105390530079603,0.0103498874232173,0.010508855804801,0.0111450953409076,0.0101173790171742,0.0104999803006649,0.0131993982940912,0.0129173332825303,0.0118860434740782,0.0130120720714331,0.0117119681090117,0.0111752869561315,0.0123108234256506,0.0117788696661592,0.0108263269066811,0.0117054479196668,0.0107111996039748,0.0132591361179948,0.0137464134022593,0.00993024278432131,0.0118799945339561,0.0114112570881844,
571.0,0.0102508366107941,0.0106060924008489,0.0105798467993736,0.0106712281703949,0.010374503210187,0.0117087969556451,0.011035761795938,0.0115370647981763,0.0108626065775752,0.0111535303294659,0.0113659324124455,0.0113771548494697,0.0113269221037626,0.0115711381658912,0.010962026193738,0.0100130578503013,0.0121133979409933,0.0112512735649943,0.0103520508855581,0.0104035912081599,0.0100306998938322,0.0118485884740949,0.010065546259284,0.0112396609038115,0.0115515468642116,0.010550077073276,0.0106374341994524,0.010437373071909,0.0105820689350367,0.0112480614334345,0.0101876677945256,0.0105819134041667,0.0133176716044545,0.0130252875387669,0.0119838118553162,0.0131267076358199,0.0118116596713662,0.011253522709012,0.0123367132619023,0.0118692321702838,0.0109101487323642,0.0117932427674532,0.0107828080654144,0.0133347725495696,0.0138526372611523,0.00997636187821627,0.0119695430621505,0.0115134306252003,
572.0,0.010419531725347,0.0107836183160543,0.0107402354478836,0.0108375027775764,0.0105236722156405,0.011869334615767,0.0112061444669962,0.0117209553718567,0.0110329044982791,0.0113370129838586,0.0115251950919628,0.0115523189306259,0.0115053383633494,0.0117546310648322,0.0111336624249816,0.0101633854210377,0.0122821452096105,0.0114245843142271,0.0105083705857396,0.0105583015829325,0.0101603083312511,0.0120242154225707,0.0101976674050093,0.0114142345264554,0.0117333456873894,0.0107162250205874,0.010801125317812,0.0105922697111964,0.0107265589758754,0.0114222420379519,0.0103295361623168,0.0107300141826272,0.013525502756238,0.0132188322022557,0.0121601680293679,0.0133296540006995,0.0119852274656296,0.0114067289978266,0.0124439466744661,0.0120331197977066,0.0110644418746233,0.0119580999016762,0.0109280375763774,0.0135077815502882,0.0140500850975513,0.0100912312045693,0.0121411085128784,0.0116905039176345,
573.0,0.0105638559907675,0.0109335957095027,0.0108711738139391,0.0109746670350432,0.0106485784053802,0.0120009705424309,0.0113462563604116,0.0118731595575809,0.0111726447939873,0.0114904455840588,0.0116553148254752,0.0116940503939986,0.0116538451984525,0.011911173351109,0.011274479329586,0.0102890860289335,0.0124183353036642,0.0115699041634798,0.0106353610754013,0.0106827393174171,0.0102624576538801,0.0121682705357671,0.0103034777566791,0.0115578109398484,0.0118856439366937,0.01085124630481,0.0109369866549969,0.0107217030599713,0.0108434017747641,0.0115657849237323,0.0104496879503131,0.0108533846214414,0.0136937145143747,0.0133774420246482,0.0123047605156898,0.0134968021884561,0.0121261039748788,0.0115310857072473,0.0125200478360057,0.0121637871488929,0.0111908968538046,0.01209507137537,0.0110450647771358,0.0136477304622531,0.0142129333689809,0.0101804081350565,0.0122804502025247,0.0118388487026095,
574.0,0.0106230303645134,0.01099191326648,0.0109127629548311,0.0110151991248131,0.0106812315061688,0.0120344469323754,0.0113889267668128,0.0119208749383688,0.0112117929384112,0.0115455035120249,0.0116872312501073,0.0117315445095301,0.0117035051807761,0.0119719980284572,0.0113184144720435,0.0103350095450878,0.0124550061300397,0.0116185732185841,0.0106731280684471,0.010714347474277,0.0102776158601046,0.0122090959921479,0.0103230001404881,0.0115948524326086,0.0119364447891712,0.0108889536932111,0.0109842298552394,0.0107634468004107,0.0108682615682483,0.0116135515272617,0.0104833273217082,0.0108902845531702,0.0137410284951329,0.0134225003421307,0.0123455980792642,0.0135477976873517,0.0121655119583011,0.0115577774122357,0.0124916052445769,0.0121938576921821,0.0112248491495848,0.0121335880830884,0.0110671110451221,0.0136671215295792,0.01425766851753,0.0101823229342699,0.0123137645423412,0.0118891000747681,
575.0,0.0106233339756727,0.0109971119090915,0.0108982576057315,0.0110042477026582,0.0106524266302586,0.0120032280683517,0.0113794384524226,0.0119131905958056,0.0112026045098901,0.011543370783329,0.0116604678332806,0.0117185674607754,0.0116950599476695,0.0119690056890249,0.011311573907733,0.0103224711492658,0.0124322790652514,0.011606877669692,0.0106595670804381,0.0106968255713582,0.0102434987202287,0.0121920136734843,0.0102920830249786,0.0115790842100978,0.0119244828820229,0.0108769536018372,0.0109746204689145,0.0107469344511628,0.0108411693945527,0.0116062667220831,0.0104567026719451,0.0108640687540174,0.0137277990579605,0.0133982039988041,0.0123255606740713,0.0135324243456125,0.0121420258656144,0.0115222409367561,0.0124003309756517,0.0121680367738008,0.0112005714327097,0.0121058169752359,0.0110328523442149,0.0136126317083836,0.0142276594415307,0.0101352967321873,0.0122869592159986,0.0118751209229231,
576.0,0.0106307025998831,0.0110016148537397,0.0108874430879951,0.0109966220334172,0.0106316180899739,0.0119737796485424,0.0113719711080194,0.0119086457416415,0.0111940549686551,0.0115433977916837,0.0116363959386945,0.0117073096334934,0.0116932224482298,0.0119663523510098,0.0113060856238008,0.0103120254352689,0.0124121326953173,0.0116002419963479,0.0106496168300509,0.0106821386143565,0.0102125247940421,0.0121779814362526,0.010262087918818,0.0115655548870564,0.0119195729494095,0.0108694592490792,0.0109681189060211,0.0107378577813506,0.0108187412843108,0.0115972785279155,0.0104363206773996,0.0108409374952316,0.0137178413569927,0.0133797870948911,0.0123111717402935,0.0135202901437879,0.0121255330741405,0.0114945638924837,0.0123146185651422,0.0121453832834959,0.0111748417839408,0.0120823811739683,0.0110046099871397,0.0135667780414224,0.0142008922994137,0.0100916158407927,0.0122620295733213,0.0118693048134446,
577.0,0.0106457686051726,0.0110135255381465,0.0108869271352887,0.010997655801475,0.0106246778741479,0.0119557585567236,0.0113733969628811,0.0119116306304932,0.0111921466886997,0.0115521140396595,0.0116244582459331,0.0117038134485483,0.0116989919915795,0.0119715323671699,0.0113083152100444,0.010309062898159,0.0124003039672971,0.0116022424772382,0.0106467669829726,0.0106746219098568,0.0101891560479999,0.0121703268960118,0.010239495895803,0.0115590440109372,0.0119227720424533,0.0108688054606318,0.01097097620368,0.0107370270416141,0.010804358869791,0.0115945255383849,0.0104276118800044,0.010827480815351,0.0137156490236521,0.0133726010099053,0.012304225936532,0.0135175669565797,0.0121192689985037,0.0114767756313086,0.0122398817911744,0.0121294558048248,0.0111585836857557,0.0120660196989775,0.0109847523272038,0.0135339628905058,0.0141865899786353,0.0100551377981901,0.0122460406273603,0.0118744252249599,
578.0,0.0106514692306519,0.0110278138890862,0.0108870286494493,0.0109983161091805,0.0106168333441019,0.0119413109496236,0.0113761927932501,0.011911204084754,0.0111908204853535,0.011560226790607,0.0116171948611736,0.0117010809481144,0.0116963908076286,0.0119761051610112,0.0113110886886716,0.0103034442290664,0.0123867504298687,0.0115992799401283,0.010640193708241,0.0106653664261103,0.0101643893867731,0.0121579486876726,0.0102176507934928,0.0115505577996373,0.0119167780503631,0.0108636170625687,0.0109731461852789,0.0107278916984797,0.0107864970341325,0.0115932691842318,0.0104171317070723,0.0108132474124432,0.013709363527596,0.0133615750819445,0.012289616279304,0.013512154109776,0.0121072782203555,0.011452010832727,0.0121639473363757,0.0121096791699529,0.011148295365274,0.0120415575802326,0.0109596326947212,0.0134960198774934,0.0141729973256588,0.0100160650908947,0.0122300302609801,0.0118726007640362,
579.0,0.0107134925201535,0.0110939554870129,0.0109379487112164,0.0110528189688921,0.0106563316658139,0.0119848009198904,0.0114295212551951,0.0119668692350388,0.0112437251955271,0.0116213606670499,0.0116614690050483,0.0117554655298591,0.0117550510913134,0.0120418388396502,0.0113648269325495,0.0103509947657585,0.0124327018857002,0.0116562573239207,0.010686106979847,0.0107097085565329,0.0101918578147888,0.0122148552909493,0.0102442847564816,0.0116013083606958,0.0119756795465946,0.0109169883653522,0.0110248122364283,0.0107786450535059,0.0108227720484138,0.0116482330486178,0.0104563813656569,0.0108585236594081,0.0137686943635345,0.0134159307926893,0.0123418718576431,0.0135710574686527,0.0121545037254691,0.0114898663014174,0.0121552878990769,0.0121558718383312,0.0111909443512559,0.012082907371223,0.0109971268102527,0.0135299237444997,0.0142256878316402,0.0100268572568893,0.0122733600437641,0.0119256731122732,
580.0,0.0108307879418135,0.0112111680209637,0.0110422130674124,0.0111621078103781,0.0107524953782558,0.0120894527062774,0.0115410294383764,0.0120856808498502,0.0113526256754994,0.0117394709959626,0.0117628937587142,0.0118691828101873,0.011875431984663,0.0121650891378522,0.0114750741049647,0.0104509964585304,0.0125444205477834,0.0117729501798749,0.010784761980176,0.0108060026541352,0.0102676125243306,0.0123282689601183,0.0103264562785625,0.0117114167660475,0.012094390578568,0.0110223386436701,0.0111332144588232,0.0108824269846082,0.0109119210392237,0.0117628583684564,0.0105488989502192,0.0109551511704922,0.0138983251526952,0.0135358944535255,0.0124547649174929,0.0137013476341963,0.0122647769749165,0.011582363396883,0.0122087188065052,0.0122619913890958,0.0112853012979031,0.0121871614828706,0.0110856099054217,0.0136331291869283,0.0143493711948395,0.0100891729816794,0.012378110550344,0.0120398057624698,
581.0,0.010972767136991,0.0113526964560151,0.0111735686659813,0.0112960003316402,0.0108778662979603,0.0122232735157013,0.0116837164387107,0.0122364722192287,0.0114896781742573,0.0118862381204963,0.0118946647271514,0.0120112951844931,0.0120245357975364,0.0123146828263998,0.0116141699254513,0.0105743044987321,0.0126877222210169,0.0119165629148483,0.0109087498858571,0.0109268771484494,0.0103654954582453,0.012464695610106,0.0104371439665556,0.0118487579748034,0.0122407898306847,0.0111490478739142,0.0112695470452309,0.0110078817233443,0.011027604341507,0.0119060985743999,0.0106670232489705,0.0110731711611152,0.0140613792464137,0.0136872539296746,0.012593544088304,0.0138665093109012,0.0124059319496155,0.0116991754621267,0.0122890425845981,0.0123933153226972,0.0114042507484555,0.012318791821599,0.0111948493868113,0.013767397031188,0.0145079456269741,0.0101769184693694,0.0125130405649543,0.0121848480775952,
582.0,0.0110819833353162,0.0114673851057887,0.0112778693437576,0.0113946627825499,0.0109674232080579,0.0123197613283992,0.0117955030873418,0.0123501261696219,0.0115986494347453,0.0120017174631357,0.011997340247035,0.0121188163757324,0.0121383052319288,0.0124347098171711,0.0117213679477572,0.01066530123353,0.0127884307876229,0.0120239825919271,0.0110047962516546,0.011021344922483,0.0104397870600224,0.0125754922628403,0.0105149578303099,0.011950914748013,0.0123596331104636,0.0112461727112532,0.0113687515258789,0.0111032202839851,0.011120636947453,0.0120132630690932,0.0107526676729321,0.0111646484583616,0.0141805894672871,0.0138034876435995,0.012699069455266,0.0139869078993797,0.0125110987573862,0.0117919659242034,0.0123343961313367,0.0124901914969087,0.0114962132647634,0.0124130174517632,0.0112810442224145,0.0138618806377053,0.0146253202110529,0.0102375522255898,0.0126148825511336,0.0122949844226241,
583.0,0.0111396359279752,0.0115272952243686,0.0113279214128852,0.0114464983344078,0.011008083820343,0.0123600028455257,0.0118475779891014,0.0124043803662062,0.0116506181657314,0.0120572866871953,0.012037904933095,0.0121655026450753,0.0121935922652483,0.012494788505137,0.0117685599252582,0.0107052121311426,0.0128328483551741,0.0120770754292607,0.0110461320728064,0.0110586248338223,0.0104640685021877,0.0126242712140083,0.0105396704748273,0.0119981598109007,0.0124164931476116,0.0112916501238942,0.0114178014919162,0.0111455703154206,0.0111573347821832,0.0120669389143586,0.0107919638976455,0.011203377507627,0.014234715141356,0.0138491466641426,0.0127456802874804,0.0140433479100466,0.0125569058582187,0.0118263941258192,0.0123199140653014,0.0125280935317278,0.011532605625689,0.0124511122703552,0.0113078225404024,0.0138867637142539,0.0146762821823359,0.0102480752393603,0.0126550272107124,0.0123459752649069,
584.0,0.0111483912914991,0.0115341600030661,0.0113255809992552,0.011445396579802,0.0110000353306532,0.0123437959700823,0.0118419984355569,0.0124014047905803,0.0116465548053384,0.0120572214946151,0.0120213916525245,0.0121564753353596,0.0121917137876153,0.0124923996627331,0.011763559654355,0.0106966989114881,0.0128165446221828,0.0120731750503182,0.0110351890325546,0.0110421776771545,0.0104382010176778,0.012613913975656,0.0105172321200371,0.0119901010766625,0.0124114835634828,0.0112880133092403,0.0114153604954481,0.0111356573179364,0.0111405150964856,0.0120638096705079,0.0107822492718697,0.011189186014235,0.0142221162095666,0.0138269839808345,0.0127329071983695,0.0140330316498876,0.0125428633764386,0.0118036288768053,0.0122489174827933,0.0125078009441495,0.0115151638165116,0.0124314287677407,0.0112829320132732,0.0138462362810969,0.0146574107930064,0.0102080563083291,0.0126327574253082,0.0123383784666657,
585.0,0.0111249135807157,0.0115059707313776,0.0112893925979733,0.0114035066217184,0.0109571581706405,0.0122880563139915,0.0118006831035018,0.0123609369620681,0.0116057563573122,0.0120232217013836,0.0119716273620725,0.0121142081916332,0.0121530024334788,0.0124467751011252,0.0117283128201962,0.0106569146737456,0.0127557935193181,0.012028151191771,0.0109911132603884,0.0109934797510505,0.0103801107034087,0.0125665199011564,0.0104672871530056,0.0119436848908663,0.01236651558429,0.0112516740337014,0.0113764284178615,0.0110911848023534,0.0110911102965474,0.0120193073526025,0.0107368193566799,0.0111394701525569,0.0141629921272397,0.0137633318081498,0.012680122628808,0.0139750773087144,0.0124873826280236,0.0117451325058937,0.0121433194726706,0.0124489944428205,0.0114627508446574,0.012371938675642,0.0112306354567409,0.0137652028352022,0.0145882042124867,0.0101344212889671,0.0125688994303346,0.0122923348098993,
586.0,0.0111111411824822,0.0114862136542797,0.0112655134871602,0.0113840661942959,0.0109233222901821,0.0122456466779113,0.0117809539660811,0.012336328625679,0.0115788849070668,0.0120042813941836,0.0119391530752182,0.0120888072997332,0.012136529199779,0.0124200023710728,0.0116987600922585,0.0106299286708236,0.0127216093242168,0.0120014306157827,0.0109598003327847,0.0109610203653574,0.0103424498811364,0.0125317452475429,0.0104294465854764,0.0119121568277478,0.0123422518372536,0.0112218670547009,0.0113563286140561,0.0110627897083759,0.0110555542632937,0.0119940880686045,0.0107079884037375,0.0111044477671385,0.0141278561204672,0.0137253059074283,0.0126475831493735,0.0139407804235816,0.0124468430876732,0.0117062255740166,0.0120582524687052,0.0124090146273375,0.0114218043163419,0.0123366732150316,0.0111909629777074,0.0137036517262459,0.0145391849800944,0.0100775519385934,0.0125266313552856,0.0122677637264133,
587.0,0.0110104810446501,0.0113778887316585,0.0111494623124599,0.011273231357336,0.0108032403513789,0.0121093532070518,0.0116659048944712,0.0122096026316285,0.0114594157785177,0.0118841603398323,0.0118092261254787,0.0119668673723936,0.0120177185162902,0.0122998654842377,0.0115757631137967,0.0105168148875237,0.0125851612538099,0.0118782492354512,0.0108448462560773,0.0108433030545712,0.0102161541581154,0.0123970629647374,0.0103089362382889,0.0117903687059879,0.012216835282743,0.0111035034060478,0.0112427789717913,0.0109458109363914,0.0109335668385029,0.0118721723556519,0.0105949705466628,0.0109800156205893,0.0139783313497901,0.0135791981592774,0.0125090181827545,0.0137980133295059,0.0123087260872126,0.0115710273385048,0.0118793100118637,0.0122666284441948,0.0112915774807334,0.01220050919801,0.011061922647059,0.0135335279628634,0.0143763739615679,0.00994217209517956,0.0123853152617812,0.0121400617063046,
588.0,0.0108200125396252,0.0111783817410469,0.010941531509161,0.0110657755285501,0.0105952527374029,0.011875388212502,0.0114493416622281,0.0119801415130496,0.0112442681565881,0.0116626750677824,0.0115799773484468,0.0117453504353762,0.0117942318320274,0.0120781501755118,0.0113604664802551,0.010317899286747,0.0123417684808373,0.0116563085466623,0.0106422733515501,0.0106350891292095,0.0100018242374063,0.0121617913246155,0.0101042361930013,0.0115722836926579,0.0119862211868167,0.0108952410519123,0.0110315475612879,0.0107362559065223,0.0107218837365508,0.01165094319731,0.0103941457346082,0.0107652982696891,0.013710736297071,0.013317309319973,0.012265058234334,0.0135397147387266,0.0120706586167216,0.0113378772512078,0.0116057265549898,0.0120207844302058,0.0110694151371717,0.0119610242545605,0.010842127725482,0.0132534839212894,0.0140963206067681,0.00972745474427938,0.0121404593810439,0.011909612454474,
589.0,0.0106261754408479,0.0109754800796509,0.0107367690652609,0.0108555303886533,0.010386286303401,0.0116382958367467,0.0112276999279857,0.0117530133575201,0.0110269198194146,0.0114436876028776,0.0113523285835981,0.0115226600319147,0.0115725509822369,0.0118469791486859,0.01114765368402,0.0101225646212697,0.0120985703542829,0.0114354128018022,0.0104353567585349,0.0104220043867826,0.00979460775852203,0.0119285043329,0.0099000371992588,0.0113475872203708,0.0117540266364813,0.0106851691380143,0.0108175948262215,0.0105239171534777,0.0105083165690303,0.0114306006580591,0.0101921427994967,0.0105530237779021,0.0134434774518013,0.0130494125187397,0.0120276249945164,0.0132758747786283,0.0118326563388109,0.0111074000597,0.0113382609561086,0.0117782857269049,0.0108450325205922,0.0117243845015764,0.0106231840327382,0.0129766436293721,0.0138158230111003,0.00951696373522282,0.0118942437693477,0.0116858705878258,
590.0,0.0107237873598933,0.0110703278332949,0.0108227385208011,0.010944708250463,0.0104672722518444,0.011722395196557,0.0113222664222121,0.0118453213945031,0.0111156776547432,0.0115363020449877,0.0114412512630224,0.0116125419735909,0.0116713484749198,0.0119414553046227,0.0112388087436557,0.0101970406249166,0.0121905962005258,0.0115274181589484,0.0105060618370771,0.0104975830763578,0.00985643826425076,0.0120229478925467,0.00996726006269455,0.0114379851147532,0.0118512501940131,0.0107704997062683,0.0109072625637054,0.010607042349875,0.0105861695483327,0.0115242237225175,0.0102752288803458,0.0106289088726044,0.0135475574061275,0.0131472265347838,0.0121157458052039,0.0133809372782707,0.0119220027700067,0.0111834164708853,0.0113791581243277,0.011861776933074,0.01091836579144,0.0118051636964083,0.0106974905356765,0.013049453496933,0.0139121459797025,0.00956239178776741,0.0119782024994493,0.0117777232080698,
591.0,0.0109561709687114,0.0113019393756986,0.0110445898026228,0.0111711574718356,0.0106782140210271,0.0119520556181669,0.0115566002205014,0.012086926959455,0.011343757621944,0.0117735611274838,0.0116709135472775,0.0118484701961279,0.011913345195353,0.0121855558827519,0.011467769742012,0.0103974677622318,0.0124331004917622,0.0117602981626987,0.0107102803885937,0.0107051348313689,0.0100385975092649,0.0122645804658532,0.0101584438234568,0.0116702606901526,0.0120946485549212,0.0109875872731209,0.0111330505460501,0.0108194565400481,0.0107973851263523,0.0117603186517954,0.0104855000972748,0.0108368862420321,0.0138153014704585,0.0134061006829143,0.0123526360839605,0.0136489048600197,0.0121537540107965,0.011400175280869,0.0115623055025935,0.0120919710025191,0.0111265582963824,0.0120336590334773,0.0109027158468962,0.0132842529565096,0.0141781717538834,0.00972607731819153,0.0122094759717584,0.0120158782228827,
592.0,0.0111524285748601,0.0114975087344646,0.0112319402396679,0.0113614303991199,0.0108512341976166,0.0121407173573971,0.011747794225812,0.0122919101268053,0.0115335332229733,0.0119745694100857,0.0118583915755153,0.0120478486642241,0.0121126789599657,0.0123913194984198,0.0116578480228782,0.0105669228360057,0.012632891535759,0.0119528956711292,0.0108860954642296,0.01087677013129,0.0101871127262712,0.0124639626592398,0.0103163821622729,0.0118616977706552,0.0122946165502071,0.011166088283062,0.0113205602392554,0.010991558432579,0.0109723387286067,0.0119562484323978,0.0106571028009057,0.0110098328441381,0.0140324188396335,0.0136146312579513,0.0125498399138451,0.0138664217665792,0.0123408865183592,0.0115797091275454,0.0117090698331594,0.0122808739542961,0.0112970778718591,0.0122244833037257,0.0110693722963333,0.0134783778339624,0.0143966535106301,0.00985969137400389,0.012397819198668,0.0122162830084562,
593.0,0.0112134199589491,0.0115622906014323,0.0112823070958257,0.0114215556532145,0.0109002655372024,0.0121889300644398,0.0118065131828189,0.0123517354950309,0.0115893576294184,0.0120365470647812,0.0119121083989739,0.0121032623574138,0.0121737262234092,0.0124590750783682,0.0117135923355818,0.010613901540637,0.0126925511285663,0.0120108295232058,0.0109330071136355,0.0109210247173905,0.0102260401472449,0.0125235291197896,0.0103559484705329,0.0119180222973228,0.0123592335730791,0.0112215504050255,0.0113839833065867,0.011045309714973,0.011017357930541,0.0120131205767393,0.0107041336596012,0.0110557209700346,0.014095158316195,0.0136710507795215,0.0126045718789101,0.0139295598492026,0.0124003291130066,0.0116231683641672,0.0117189530283213,0.012332028709352,0.0113388132303953,0.0122689390555024,0.0111116180196404,0.013517533428967,0.0144565710797906,0.00987972225993872,0.0124488677829504,0.0122718643397093,
594.0,0.011239493265748,0.0115862302482128,0.0113008646294475,0.0114415204152465,0.0109096858650446,0.012195898219943,0.0118282698094845,0.0123676918447018,0.0116122039034963,0.0120517760515213,0.0119263241067529,0.0121193844825029,0.0121927326545119,0.0124799273908138,0.0117276348173618,0.0106260310858488,0.0127012506127357,0.0120284305885434,0.0109401335939765,0.0109276110306382,0.0102281169965863,0.0125390896573663,0.0103627927601337,0.0119297206401825,0.012376768514514,0.0112342452630401,0.0114017752930522,0.0110620334744453,0.0110275102779269,0.0120293265208602,0.0107184518128633,0.0110639911144972,0.0141097130253911,0.0136805288493633,0.0126154785975814,0.01394706312567,0.0124113829806447,0.011626654304564,0.0116944732144475,0.0123368054628372,0.0113428859040141,0.0122745838016272,0.0111186476424336,0.0135086756199598,0.0144684929400682,0.00986532866954803,0.012457531876862,0.0122873047366738,
595.0,0.0112840579822659,0.0116278473287821,0.0113409254699945,0.0114814518019557,0.0109385373070836,0.0122255049645901,0.0118705732747912,0.0124072497710586,0.0116541404277086,0.0120915807783604,0.0119612757116556,0.0121555747464299,0.0122329974547029,0.012518621981144,0.0117594990879297,0.0106538608670235,0.0127300405874848,0.0120681617408991,0.0109675526618958,0.010954212397337,0.0102433385327458,0.0125737227499485,0.0103865563869476,0.0119607215747237,0.0124136693775654,0.0112631125375628,0.0114380680024624,0.0110963536426425,0.0110588436946273,0.0120669696480036,0.010752378962934,0.0110890213400126,0.0141414636746049,0.0137115148827434,0.0126445954665542,0.0139856263995171,0.0124417720362544,0.0116524398326874,0.0116935614496469,0.0123636741191149,0.0113667082041502,0.012299545109272,0.0111420815810561,0.0135252261534333,0.0145031055435538,0.00986707583069801,0.0124856391921639,0.0123250233009458,
596.0,0.0113714272156358,0.0117193851619959,0.0114254560321569,0.011572522111237,0.0110189691185951,0.0123101426288486,0.011961879208684,0.0125044751912355,0.0117379939183593,0.0121949398890138,0.0120475431904197,0.0122419884428382,0.0123276244848967,0.0126117533072829,0.0118417106568813,0.0107230357825756,0.0128210177645087,0.012162015773356,0.0110462727025151,0.0110302641987801,0.010299913585186,0.0126610426232219,0.0104515580460429,0.0120466258376837,0.0125079769641161,0.0113428924232721,0.0115302437916398,0.011177103035152,0.0111378962174058,0.0121578853577375,0.0108304526656866,0.0111595364287496,0.0142264077439904,0.0137999849393964,0.0127250077202916,0.0140795204788446,0.0125315096229315,0.0117318443953991,0.0117422584444284,0.0124505199491978,0.0114400899037719,0.0123715056106448,0.0112080043181777,0.0136054428294301,0.0145973609760404,0.00991180073469877,0.0125662991777062,0.0124146835878491,
597.0,0.0114697143435478,0.0118277966976166,0.0115238018333912,0.011666975915432,0.0111074224114418,0.012400584295392,0.0120637221261859,0.0126008642837405,0.0118329124525189,0.012295063585043,0.0121404221281409,0.0123508861288428,0.0124303977936506,0.012714670971036,0.0119406823068857,0.0108061721548438,0.0129210632294416,0.0122603913769126,0.0111250514164567,0.0111125595867634,0.0103668188676238,0.0127574894577265,0.0105272457003593,0.0121425446122885,0.0126102119684219,0.0114381490275264,0.0116242486983538,0.011263420805335,0.0112234521657228,0.0122594926506281,0.0109176803380251,0.0112467342987657,0.0143353324383497,0.0138986501842737,0.0128198405727744,0.0141873750835657,0.0126213291659951,0.0118147097527981,0.0117968916893005,0.0125404233112931,0.0115260779857635,0.0124597642570734,0.0112887751311064,0.0136876702308655,0.0147039508447051,0.00996798556298018,0.012659840285778,0.0125075792893767,
598.0,0.0115606440231204,0.0119219748303294,0.0116119515150785,0.0117500219494104,0.0111844055354595,0.0124845625832677,0.0121567845344543,0.0126876039430499,0.0119216246530414,0.0123859960585833,0.0122242355719209,0.0124452169984579,0.0125249698758125,0.0128063606098294,0.012029436416924,0.0108842961490154,0.0130106350407004,0.0123478015884757,0.0111987879499793,0.011186059564352,0.0104255946353078,0.0128450896590948,0.0105931283906102,0.0122268823906779,0.0127023588865995,0.011519318446517,0.0117073766887188,0.0113441059365869,0.0112987346947193,0.0123471319675446,0.0109971258789301,0.0113208945840597,0.0144350146874785,0.0139883970841765,0.0129054319113493,0.0142858671024442,0.0127074159681797,0.0118883838877082,0.0118433274328709,0.0126187494024634,0.0115991560742259,0.0125404382124543,0.0113638425245881,0.0137620214372873,0.0147978803142905,0.0100115612149239,0.0127430194988847,0.0125967152416706,
599.0,0.0116332229226828,0.0119929611682892,0.0116800917312503,0.011815657839179,0.0112421680241823,0.0125511540099978,0.0122312866151333,0.0127594713121653,0.0119926333427429,0.0124601759016514,0.0122912535443902,0.0125108361244202,0.0126010049134493,0.012878199107945,0.012097179889679,0.0109450686722994,0.0130776846781373,0.0124172326177359,0.0112614072859287,0.011241601780057,0.0104693602770567,0.0129151800647378,0.0106417387723923,0.0122897746041417,0.0127737820148468,0.011576340533793,0.0117748947814107,0.0114085339009762,0.0113562541082501,0.0124130770564079,0.0110576525330544,0.0113729359582067,0.0145090045407414,0.0140572525560856,0.0129688074812293,0.0143607202917337,0.0127783557400107,0.0119449319317937,0.0118716135621071,0.0126773174852133,0.0116505343466997,0.0125992586836219,0.0114206476137042,0.0138164963573217,0.0148668633773923,0.0100382147356868,0.0128050502389669,0.0126682594418526,
600.0,0.0116848945617676,0.0120522370561957,0.0117320772260427,0.0118662426248193,0.0112839676439762,0.0125922746956348,0.0122869657352567,0.0128146596252918,0.0120414784178138,0.012510072439909,0.0123414574190974,0.012556180357933,0.0126549648120999,0.0129335829988122,0.0121483262628317,0.010984018445015,0.0131188919767737,0.0124697368592024,0.0113063920289278,0.0112766213715076,0.0105017395690084,0.0129681350663304,0.0106777437031269,0.0123331304639578,0.0128220235928893,0.0116176875308156,0.011829162016511,0.0114487381651998,0.0113974558189511,0.01246502622962,0.011095299385488,0.0114128747954965,0.0145579976961017,0.014101404696703,0.0130085730925202,0.0144080584868789,0.0128181651234627,0.0119815785437822,0.0118769891560078,0.0127149224281311,0.011687139980495,0.0126330172643065,0.0114554688334465,0.0138395577669144,0.0149116395041347,0.0100603317841887,0.0128472568467259,0.0127058466896415,
601.0,0.0117327179759741,0.0121038220822811,0.0117737827822566,0.0119094969704747,0.0113133890554309,0.0126233864575624,0.0123301818966866,0.0128585482016206,0.0120828943327069,0.0125583233311772,0.0123801911249757,0.0125989448279142,0.0126999979838729,0.0129822036251426,0.0121826967224479,0.011015203781426,0.0131562585011125,0.0125105204060674,0.0113381864503026,0.0113046253100038,0.0105202356353402,0.0130089772865176,0.010702995583415,0.0123696764931083,0.0128627251833677,0.0116519527509809,0.0118720903992653,0.0114873507991433,0.0114276865497231,0.0125038707628846,0.0111291594803333,0.0114438468590379,0.0145934745669365,0.0141373733058572,0.0130420895293355,0.0144476015120745,0.0128505704924464,0.0120088802650571,0.0118740117177367,0.0127482237294316,0.0117153460159898,0.012662279419601,0.0114778624847531,0.013858369551599,0.014946848154068,0.0100635094568133,0.0128739131614566,0.0127500155940652,
602.0,0.0118342516943812,0.0122068300843239,0.0118626356124878,0.0120020322501659,0.0113936010748148,0.0127075221389532,0.0124243097379804,0.0129546904936433,0.0121786901727319,0.012660420499742,0.0124684749171138,0.012696192599833,0.0128000546246767,0.0130867259576917,0.0122717674821615,0.0110936099663377,0.0132520124316216,0.0126060042530298,0.011417611502111,0.0113841742277145,0.0105796689167619,0.0131031619384885,0.0107731334865093,0.0124624222517014,0.0129636339843273,0.0117417871952057,0.0119662703946233,0.0115759028121829,0.0115072038024664,0.0125974928960204,0.0112108988687396,0.0115206390619278,0.0146933002397418,0.0142337819561362,0.013132605701685,0.014549626968801,0.0129408808425069,0.0120880482718349,0.0119194239377975,0.0128365708515048,0.0117925805971026,0.012747785076499,0.0115508791059256,0.0139378933236003,0.0150476796552539,0.0101083936169744,0.0129586821421981,0.0128507306799293,
603.0,0.0119979726150632,0.0123732099309564,0.0120119154453278,0.0121547067537904,0.0115372119471431,0.0128572937101126,0.0125830210745335,0.0131170451641083,0.0123390043154359,0.0128232408314943,0.0126199340447783,0.012855077162385,0.0129676591604948,0.0132587533444166,0.0124326506629586,0.0112306969240308,0.0134138958528638,0.0127709358930588,0.0115584516897798,0.0115246027708054,0.0106936162337661,0.0132646737620234,0.0108992038294673,0.0126218758523464,0.0131362769752741,0.0118975155055523,0.0121243940666318,0.0117195900529623,0.0116481948643923,0.01276093441993,0.0113474922254682,0.0116553641855717,0.0148743223398924,0.0144027825444937,0.0132901212200522,0.0147262699902058,0.0130998361855745,0.0122306253761053,0.0120224822312593,0.0129876658320427,0.0119299767538905,0.012897914275527,0.011686772108078,0.0140865901485085,0.0152276642620564,0.010211287997663,0.0131175806745887,0.0130092101171613,
604.0,0.0121158184483647,0.0124974930658937,0.0121260304003954,0.0122663155198097,0.0116278016939759,0.012964871712029,0.0126954521983862,0.0132357440888882,0.012449155561626,0.0129419779404998,0.012730217538774,0.0129659008234739,0.0130907436832786,0.0133851272985339,0.0125411320477724,0.0113340662792325,0.0135221192613244,0.0128902308642864,0.0116550261154771,0.0116154309362173,0.0107684759423137,0.0133778592571616,0.0109784919768572,0.0127307251095772,0.0132557628676295,0.0119995111599565,0.0122316982597113,0.0118170296773314,0.011742097325623,0.0128744626417756,0.0114419991150498,0.0117539335042238,0.0150027712807059,0.0145207205787301,0.0133976377546787,0.0148513410240412,0.0132098291069269,0.0123262843117118,0.0120783532038331,0.0130859836935997,0.0120240999385715,0.0129982028156519,0.0117707848548889,0.0141830779612064,0.0153502654284239,0.0102656381204724,0.0132197020575404,0.0131248934194446,
605.0,0.0121665084734559,0.0125515256077051,0.0121657848358154,0.0123068820685148,0.0116560952737927,0.0129880998283625,0.0127371484413743,0.0132766524329782,0.0124862287193537,0.0129891289398074,0.0127644268795848,0.0130050182342529,0.0131357898935676,0.0134361144155264,0.0125805754214525,0.0113687608391047,0.0135551188141108,0.0129340821877122,0.0116847176104784,0.0116435270756483,0.0107797095552087,0.0134177375584841,0.01099803019315,0.0127692753449082,0.0133018810302019,0.0120381023734808,0.0122719239443541,0.0118517437949777,0.0117692928761244,0.0129102896898985,0.0114722698926926,0.0117830010131001,0.0150410616770387,0.0145572870969772,0.013430162332952,0.0148917632177472,0.0132437087595463,0.0123507948592305,0.0120662301778793,0.0131162777543068,0.0120504628866911,0.0130237527191639,0.0117913540452719,0.0141951199620962,0.0153855327516794,0.0102640949189663,0.0132452193647623,0.0131673309952021,
606.0,0.0121730268001556,0.0125570427626371,0.0121561978012323,0.0122986165806651,0.0116416169330478,0.0129575971513987,0.0127294361591339,0.0132657159119844,0.0124775823205709,0.0129889668896794,0.0127442739903927,0.012996437959373,0.0131299393251538,0.0134354634210467,0.0125746103003621,0.0113586839288473,0.013537778519094,0.0129279876127839,0.0116734048351645,0.0116320922970772,0.0107496716082096,0.0134098054841161,0.0109791606664658,0.0127609726041555,0.0132971946150064,0.0120351333171129,0.0122693069279194,0.0118444068357348,0.0117497593164444,0.012897745706141,0.0114575047045946,0.0117664160206914,0.0150227481499314,0.0145372971892357,0.0134122464805841,0.0148766301572323,0.0132268313318491,0.0123265273869038,0.0120055032894015,0.0130970552563667,0.0120324958115816,0.0130019709467888,0.0117696840316057,0.0141505161300302,0.0153621239587665,0.0102259935811162,0.0132203595712781,0.0131608154624701,
607.0,0.0121766775846481,0.0125568620860577,0.0121471993625164,0.012284567579627,0.0116169871762395,0.0129309613257647,0.0127132721245289,0.0132526019588113,0.0124692460522056,0.012986253015697,0.0127165196463466,0.0129832373932004,0.0131239956244826,0.0134291788563132,0.0125632686540484,0.0113504342734814,0.0135138528421521,0.0129192164167762,0.0116645880043507,0.0116182239726186,0.0107185980305076,0.0133991157636046,0.0109561439603567,0.0127472523599863,0.0132835349068046,0.0120260892435908,0.0122642917558551,0.0118313580751419,0.0117208622395992,0.0128874843940139,0.0114347040653229,0.0117499502375722,0.0150074139237404,0.0145089784637094,0.0133885815739632,0.0148587943986058,0.0132053373381495,0.0122960032895207,0.0119337914511561,0.0130634605884552,0.0120121808722615,0.0129799861460924,0.011740748770535,0.0141009166836739,0.0153323570266366,0.0101820323616266,0.0131906047463417,0.013150536455214,
608.0,0.0121614150702953,0.0125358020886779,0.0121152205392718,0.0122428257018328,0.011569207534194,0.012875190936029,0.0126737197861075,0.0132142715156078,0.0124324662610888,0.0129597224295139,0.0126741789281368,0.0129443211480975,0.013093214482069,0.0133991865441203,0.0125246271491051,0.0113208796828985,0.0134617360308766,0.0128828808665276,0.0116295637562871,0.0115786073729396,0.0106640532612801,0.0133600803092122,0.0109052490442991,0.0127101400867105,0.0132493581622839,0.0119958333671093,0.0122370505705476,0.0117988931015134,0.0116696190088987,0.0128498580306768,0.0113912364467978,0.0117093082517385,0.0149553660303354,0.0144547326490283,0.013337928801775,0.0148061830550432,0.0131545132026076,0.0122474636882544,0.011842436157167,0.0130103034898639,0.011966435238719,0.0129299592226744,0.0116873607039452,0.0140210492536426,0.0152705796062946,0.010117725469172,0.0131371663883328,0.0131094614043832,
609.0,0.0121307782828808,0.0125027280300856,0.0120670488104224,0.0121885249391198,0.011510169133544,0.0128060132265091,0.0126207368448377,0.0131572792306542,0.0123818581923842,0.0129171228036284,0.0126136271283031,0.0128916362300515,0.0130465663969517,0.0133558856323361,0.0124740386381745,0.011277680285275,0.0133975800126791,0.0128328623250127,0.0115809766575694,0.0115270866081119,0.0105960378423333,0.0133050009608269,0.0108438339084387,0.0126604093238711,0.0131996162235737,0.011951451189816,0.0121957939118147,0.0117503823712468,0.0116076292470098,0.0127960564568639,0.0113366730511189,0.0116553828120232,0.0148890381678939,0.0143865272402763,0.0132738333195448,0.0147410603240132,0.0130899269133806,0.0121821472421288,0.0117400605231524,0.0129440128803253,0.0119040822610259,0.0128669897094369,0.011620270088315,0.0139283817261457,0.015191912651062,0.0100423097610474,0.0130700254812837,0.0130552928894758,
610.0,0.0121011389419436,0.0124732060357928,0.0120196314528584,0.0121410377323627,0.0114558171480894,0.0127416225150228,0.012569765560329,0.0131020275875926,0.0123369982466102,0.0128758708015084,0.0125485565513372,0.0128423739224672,0.0130022587254643,0.0133159067481756,0.0124310813844204,0.011238188482821,0.0133390706032515,0.0127887222915888,0.0115365451201797,0.0114808930084109,0.010531353764236,0.0132538601756096,0.0107884788885713,0.0126148816198111,0.01315160933882,0.0119093302637339,0.0121560301631689,0.0117025785148144,0.011549724265933,0.0127432467415929,0.0112853860482574,0.0116049675270915,0.0148319574072957,0.0143233500421047,0.0132161229848862,0.0146845756098628,0.0130312144756317,0.0121151972562075,0.0116396360099316,0.0128811616450548,0.0118463980033994,0.0128103801980615,0.0115568423643708,0.0138442777097225,0.0151204904541373,0.00996987149119377,0.0130063220858574,0.0130084296688437,
611.0,0.0121019715443254,0.0124687040224671,0.0119991218671203,0.0121213663369417,0.0114246606826782,0.0126990973949432,0.0125407427549362,0.0130821671336889,0.0123193459585309,0.0128621272742748,0.0125126745551825,0.0128170885145664,0.0129863638430834,0.0133009348064661,0.0124168852344155,0.0112281870096922,0.0133026335388422,0.0127732353284955,0.0115162516012788,0.0114579237997532,0.0104917716234922,0.0132321445271373,0.0107513619586825,0.0125950118526816,0.0131355561316013,0.0118946945294738,0.0121394395828247,0.0116861080750823,0.0115125952288508,0.0127122104167938,0.01125558745116,0.0115786818787456,0.0148036107420921,0.0142899500206113,0.0131888464093208,0.0146521031856537,0.0129992896690965,0.0120768593624234,0.011558092199266,0.0128490868955851,0.0118258502334356,0.012780575081706,0.0115196108818054,0.0137909268960357,0.0150871677324176,0.00991806853562593,0.0129691613838077,0.0129884956404567,
612.0,0.0120761515572667,0.012442204169929,0.0119577134028077,0.0120762204751372,0.0113686630502343,0.0126345586031675,0.012495057657361,0.0130313942208886,0.0122742569074035,0.0128267509862781,0.0124562112614512,0.0127705475315452,0.0129486639052629,0.0132692148908973,0.012375826947391,0.0111910477280617,0.0132421692833304,0.0127344261854887,0.0114755611866713,0.0114114750176668,0.010431656613946,0.0131823970004916,0.0106981787830591,0.0125518627464771,0.0130957709625363,0.011861021630466,0.0121042700484395,0.0116481054574251,0.01145722810179,0.0126649802550673,0.0112060364335775,0.0115277320146561,0.0147510133683681,0.0142329167574644,0.0131350392475724,0.0145954377949238,0.0129464222118258,0.012022097595036,0.0114629119634628,0.0127878319472075,0.011773943901062,0.012724063359201,0.0114614004269242,0.0137088038027287,0.0150203024968505,0.00984641164541245,0.0129084372892976,0.0129443891346455,
613.0,0.0120411831885576,0.0124079110100865,0.0119092334061861,0.0120224794372916,0.0113034211099148,0.0125610297545791,0.0124411750584841,0.0129720382392406,0.0122181298211217,0.0127840349450707,0.0123921148478985,0.0127142313867807,0.0129003878682852,0.0132263097912073,0.0123250065371394,0.0111446687951684,0.0131739135831594,0.012684527784586,0.0114278364926577,0.0113581782206893,0.010363232344389,0.0131264328956604,0.010637141764164,0.0124990055337548,0.0130465421825647,0.0118188876658678,0.0120593626052141,0.0115988506004214,0.0113926567137241,0.0126116033643484,0.0111475978046656,0.0114674428477883,0.0146881882101297,0.0141634698957205,0.0130683165043592,0.01452920679003,0.0128856264054775,0.0119582023471594,0.0113598704338074,0.0127163603901863,0.01171291526407,0.012656208127737,0.0113943973556161,0.0136151313781738,0.0149418637156487,0.00976857636123896,0.0128382546827197,0.0128928748890758,
614.0,0.0120189897716045,0.0123829813674092,0.0118711618706584,0.0119803510606289,0.0112495217472315,0.0124962413683534,0.0123919090256095,0.0129307815805078,0.0121735939756036,0.0127522284165025,0.0123382471501827,0.012665037997067,0.0128595791757107,0.0131856016814709,0.0122865717858076,0.0111121414229274,0.0131175434216857,0.0126430494710803,0.0113902036100626,0.011317178606987,0.0103041892871261,0.0130881266668439,0.0105806523934007,0.012455053627491,0.0130076194182038,0.0117842685431242,0.0120199145749211,0.0115558542311192,0.0113329039886594,0.0125655056908727,0.0110963899642229,0.0114185586571693,0.0146343037486076,0.0141011066734791,0.0130099663510919,0.0144734503701329,0.0128344316035509,0.0118997031822801,0.0112608913332224,0.0126591017469764,0.0116699123755097,0.0125992679968476,0.0113367913290858,0.0135338706895709,0.0148801263421774,0.00970167387276888,0.0127783101052046,0.0128534911200404,
615.0,0.0119792940095067,0.0123374164104462,0.0118170399218798,0.011916714720428,0.0111857866868377,0.0124197546392679,0.0123286005109549,0.0128707466647029,0.0121189448982477,0.0127045083791018,0.012271978892386,0.0126041974872351,0.0128091471269727,0.0131395692005754,0.0122334938496351,0.0110672730952501,0.0130457393825054,0.0125934416428208,0.0113388169556856,0.011257890611887,0.0102375745773315,0.0130275627598166,0.0105130840092897,0.012396601960063,0.0129532422870398,0.0117376735433936,0.0119738010689616,0.0115017546340823,0.0112616736441851,0.0125059988349676,0.0110371289774776,0.0113608427345753,0.0145621486008167,0.0140314875170588,0.0129401041194797,0.0144067928195,0.0127685843035579,0.0118363127112389,0.0111599462106824,0.0125872334465384,0.0116087505593896,0.0125347347930074,0.0112721342593431,0.0134401759132743,0.0147992800921202,0.00962455477565527,0.0127071524038911,0.0127919111400843,
616.0,0.0119688222184777,0.0123246358707547,0.011790731921792,0.0118861133232713,0.0111487451940775,0.0123734176158905,0.0122974831610918,0.0128405392169952,0.012092549353838,0.0126886609941721,0.0122337266802788,0.012572861276567,0.0127907563000917,0.0131227243691683,0.0122059425339103,0.0110481278970838,0.013009300455451,0.0125748738646507,0.0113162929192185,0.0112300533801317,0.0101926745846868,0.0129996249452233,0.0104751214385033,0.0123726194724441,0.0129261584952474,0.0117218196392059,0.0119565026834607,0.011479577049613,0.0112219555303454,0.0124737368896604,0.0110023003071547,0.011333454400301,0.0145239606499672,0.0139929940924048,0.0129072051495314,0.0143712526187301,0.0127334278076887,0.0117965871468186,0.0110852690413594,0.0125468568876386,0.0115758283063769,0.0124985985457897,0.0112309837713838,0.0133809074759483,0.0147588076069951,0.00957383960485458,0.0126675954088569,0.0127687975764275,
617.0,0.0120391771197319,0.0123998373746872,0.0118441209197044,0.0119390459731221,0.0111866686493158,0.0124120125547051,0.0123510863631964,0.0128974663093686,0.0121477898210287,0.0127584002912045,0.0122778760269284,0.01262600813061,0.0128566725179553,0.0131925791501999,0.0122609660029411,0.0111044468358159,0.0130608770996332,0.0126390801742673,0.0113709298893809,0.01128208078444,0.0102170025929809,0.0130610121414065,0.0105103375390172,0.0124350227415562,0.012988013215363,0.0117841195315123,0.0120183639228344,0.0115351043641567,0.0112604331225157,0.012524226680398,0.0110396835952997,0.0113811455667019,0.0145868742838502,0.014045886695385,0.0129643920809031,0.0144290942698717,0.0127849988639355,0.0118320360779762,0.0110865598544478,0.0125940814614296,0.0116209974512458,0.0125462599098682,0.0112659120932221,0.013412844389677,0.0148183973506093,0.00958896148949862,0.0127134099602699,0.0128354905173182,
618.0,0.0122217256575823,0.0125939035788178,0.012010682374239,0.0121009601280093,0.011332618072629,0.0125728510320187,0.0125213293358684,0.0130779575556517,0.0123222675174475,0.012946511618793,0.0124424425885081,0.0128014786168933,0.0130410147830844,0.0133932856842875,0.0124403266236186,0.0112700955942273,0.0132301840931177,0.0128209423273802,0.0115322601050138,0.0114396130666137,0.0103470757603645,0.0132442377507687,0.0106433099135756,0.0126130068674684,0.013183637522161,0.0119528360664845,0.012195160612464,0.0116943744942546,0.0114039555191994,0.0126969385892153,0.0111842313781381,0.0115312589332461,0.0147960484027863,0.0142356306314468,0.0131416423246264,0.0146261416375637,0.0129596088081598,0.0119845010340214,0.0112026408314705,0.0127651384100318,0.0117742950096726,0.0127186281606555,0.0114181227982044,0.0135722123086452,0.0150105999782681,0.00969324074685574,0.0128799229860306,0.01301393751055,
619.0,0.0123654128983617,0.0127395056188107,0.0121388072147965,0.0122255738824606,0.0114392191171646,0.0126900961622596,0.0126484446227551,0.0132081331685185,0.0124515956267715,0.0130928372964263,0.0125650083646178,0.0129315098747611,0.0131828263401985,0.0135451499372721,0.0125777367502451,0.0113935535773635,0.0133608179166913,0.0129594150930643,0.0116547225043178,0.0115591008216143,0.0104368897154927,0.0133837722241879,0.010736963711679,0.0127450367435813,0.0133259873837233,0.012084468267858,0.012333077378571,0.0118181714788079,0.0115076536312699,0.0128289824351668,0.0112911481410265,0.0116483541205525,0.0149467354640365,0.0143788745626807,0.0132655603811145,0.0147743979468942,0.0130830220878124,0.0121007496491075,0.0112744653597474,0.0128886550664902,0.0118935983628035,0.0128409350290895,0.0115235922858119,0.0136836720630527,0.015157881192863,0.00977141689509153,0.0130022270604968,0.0131481979042292,
620.0,0.0124441077932715,0.0128186140209436,0.0122044440358877,0.0122839231044054,0.0114894546568394,0.0127396257594228,0.0127105331048369,0.0132713001221418,0.0125158438459039,0.0131715731695294,0.012619418092072,0.0129959993064404,0.013257167302072,0.013627840206027,0.012645035982132,0.0114532457664609,0.0134240416809916,0.0130324438214302,0.0117167327553034,0.0116182928904891,0.0104699963703752,0.0134535804390907,0.0107777286320925,0.0128109995275736,0.0133976973593235,0.0121556492522359,0.0124062672257423,0.0118819074705243,0.011552513577044,0.0128940138965845,0.0113386772572994,0.0117059731855989,0.0150190992280841,0.0144458506256342,0.0133233452215791,0.0148435262963176,0.0131424013525248,0.012153334915638,0.0112908482551575,0.0129433823749423,0.0119494600221515,0.0128970062360168,0.0115637248381972,0.0137251215055585,0.0152266742661595,0.00979890301823616,0.013056724332273,0.0132176531478763,
621.0,0.0124575775116682,0.0128360195085406,0.0122067928314209,0.0122766466811299,0.011483347043395,0.0127241630107164,0.0127100748941302,0.0132720256224275,0.0125177977606654,0.0131821660324931,0.0126075306907296,0.0129968989640474,0.0132637191563845,0.0136425951495767,0.0126433400437236,0.011453153565526,0.013417886570096,0.0130405398085713,0.0117191411554813,0.0116170300170779,0.010453031398356,0.0134542277082801,0.0107691399753094,0.0128131890669465,0.0134042855352163,0.0121649336069822,0.0124135678634048,0.0118836294859648,0.011541286483407,0.0128911407664418,0.0113285705447197,0.0117008732631803,0.0150185460224748,0.0144380424171686,0.0133206378668547,0.0148353390395641,0.013141917064786,0.01214265730232,0.0112574407830834,0.0129339564591646,0.0119414171203971,0.0128914304077625,0.0115463929250836,0.0136997271329165,0.0152152581140399,0.00977308768779039,0.0130464062094688,0.0132223647087812,
622.0,0.0124146668240428,0.0127954641357064,0.0121491942554712,0.0122209973633289,0.0114144375547767,0.0126531235873699,0.0126534355804324,0.0132092824205756,0.0124598331749439,0.0131295062601566,0.0125410286709666,0.0129338586702943,0.0132061894983053,0.013584615662694,0.0125849572941661,0.0114051811397076,0.013349580578506,0.0129844285547733,0.0116669144481421,0.0115585708990693,0.0103977927938104,0.0133926123380661,0.0107107935473323,0.0127532193437219,0.013345337472856,0.0121145937591791,0.0123599907383323,0.011827222071588,0.0114793246611953,0.0128245241940022,0.0112686166539788,0.0116376951336861,0.0149440774694085,0.0143676465377212,0.0132519621402025,0.0147627126425505,0.0130720781162381,0.0120817022398114,0.0111700547859073,0.0128685366362333,0.0118859997019172,0.0128220552578568,0.0114858197048306,0.0136119248345494,0.0151348570361733,0.00970243383198977,0.0129809211939573,0.0131600080057979,
623.0,0.0123629570007324,0.0127422912046313,0.0120866782963276,0.012159051373601,0.0113497618585825,0.0125791346654296,0.0125876339152455,0.0131400926038623,0.0123980203643441,0.0130721507593989,0.012470830231905,0.0128655238077044,0.0131449848413467,0.0135226855054498,0.0125264171510935,0.0113506987690926,0.0132769476622343,0.0129252672195435,0.0116047002375126,0.0115036861971021,0.0103296125307679,0.0133274346590042,0.0106470212340355,0.0126917660236359,0.0132825169712305,0.0120579767972231,0.0123036047443748,0.0117697976529598,0.0114125516265631,0.0127621525898576,0.0112083917483687,0.0115775559097528,0.0148695455864072,0.0142899975180626,0.0131783429533243,0.0146829271689057,0.0130029078572989,0.0120099456980824,0.0110818222165108,0.0127943083643913,0.0118226371705532,0.0127502484247088,0.0114172343164682,0.0135215735062957,0.015048467554152,0.00962817389518023,0.0129049103707075,0.0130946906283498,
624.0,0.0123303104192019,0.0127088893204927,0.0120487259700894,0.012115778401494,0.0113080758601427,0.0125273270532489,0.0125418547540903,0.0130915837362409,0.0123598258942366,0.0130355432629585,0.0124234473332763,0.0128211118280888,0.01310770586133,0.0134834321215749,0.0124881910160184,0.0113156484439969,0.013224040158093,0.0128905987367034,0.0115626351907849,0.0114674121141434,0.0102766575291753,0.0132838087156415,0.0106022860854864,0.0126536665484309,0.0132438307628036,0.012020974420011,0.0122672226279974,0.0117329703643918,0.0113657554611564,0.0127232195809484,0.011163916438818,0.0115379802882671,0.0148194823414087,0.014237186871469,0.013129435479641,0.0146274119615555,0.0129555985331535,0.0119583820924163,0.0110142640769482,0.0127410227432847,0.0117770684882998,0.0127014815807343,0.0113674225285649,0.0134529592469335,0.0149884708225727,0.0095721585676074,0.0128511395305395,0.0130523173138499,
625.0,0.0123349046334624,0.0127174304798245,0.0120503334328532,0.0121072893962264,0.0112940771505237,0.012512288056314,0.0125359147787094,0.0130802029743791,0.0123588750138879,0.0130333378911018,0.0124141471460462,0.0128161702305079,0.0131083652377129,0.0134800169616938,0.0124796815216541,0.0113161085173488,0.0132053485140204,0.0128923468291759,0.0115600535646081,0.0114531675353646,0.0102617517113686,0.0132761746644974,0.0105909993872046,0.0126495724543929,0.013243118301034,0.0120183890685439,0.0122626964002848,0.0117262015119195,0.0113534741103649,0.0127131044864655,0.0111438874155283,0.0115234795957804,0.0148041164502501,0.0142281614243984,0.0131202982738614,0.0146155748516321,0.0129383457824588,0.0119482688605785,0.0109785692766309,0.0127285774797201,0.0117667447775602,0.0126878814771771,0.0113553861156106,0.0134191391989589,0.0149736264720559,0.00954653695225716,0.0128421513363719,0.0130454124882817,
626.0,0.012397856451571,0.012779301032424,0.0120967011898756,0.0121520776301622,0.011338178999722,0.0125606777146459,0.0125908479094505,0.0131358876824379,0.0124062253162265,0.0130929658189416,0.0124628096818924,0.0128662036731839,0.0131676308810711,0.0135461771860719,0.0125322546809912,0.011362737044692,0.0132603570818901,0.0129401702433825,0.0116053801029921,0.0114961955696344,0.0102925729006529,0.0133401388302445,0.0106253884732723,0.0126969814300537,0.0132989473640919,0.0120723880827427,0.0123226726427674,0.0117738386616111,0.0113903526216745,0.0127668520435691,0.0111891496926546,0.0115611525252461,0.0148630952462554,0.0142777319997549,0.0131640564650297,0.0146720157936215,0.0129903880879283,0.0119860377162695,0.011001493781805,0.0127761447802186,0.0118085630238056,0.0127319544553757,0.0113931363448501,0.0134533196687698,0.0150287747383118,0.00956328492611647,0.0128898210823536,0.0131016839295626,
627.0,0.0124355824664235,0.0128216743469238,0.0121286259964108,0.0121774962171912,0.0113592743873596,0.0125828376039863,0.0126213943585753,0.0131662338972092,0.0124380001798272,0.0131321074441075,0.0124862920492887,0.0128962071612477,0.0132023338228464,0.0135871320962906,0.0125648761168122,0.0113922543823719,0.0132918497547507,0.0129698226228356,0.0116299008950591,0.01152079179883,0.0103053422644734,0.013373713940382,0.0106461122632027,0.0127285681664944,0.0133325215429068,0.0121045466512442,0.0123581010848284,0.011801834218204,0.0114144803956151,0.0127967689186335,0.0112120639532804,0.0115860057994723,0.0148941725492477,0.0143023179844022,0.0131910219788551,0.0147018916904926,0.0130194379016757,0.0120065324008465,0.0110037066042423,0.012798061594367,0.0118299433961511,0.0127584952861071,0.0114133851602674,0.0134671358391643,0.0150565980002284,0.00956286676228046,0.0129151483997703,0.013129897415638,
628.0,0.0124373389407992,0.012831543572247,0.0121348025277257,0.0121739571914077,0.0113467294722795,0.0125677203759551,0.0126171633601189,0.0131588159129024,0.0124431615695357,0.0131369521841407,0.0124759823083878,0.0128950271755457,0.0132029112428427,0.0135876080021262,0.0125633962452412,0.0113935805857182,0.0132833682000637,0.0129736457020044,0.0116251446306705,0.011516104452312,0.0102911591529846,0.0133656747639179,0.0106428507715464,0.0127319637686014,0.0133342295885086,0.0121027287095785,0.0123562412336469,0.0117994165048003,0.0114137623459101,0.0127921011298895,0.0112003730610013,0.0115846497938037,0.0148836243897676,0.0142920687794685,0.0131873777136207,0.0146917309612036,0.0130122397094965,0.0119987651705742,0.0109762866050005,0.01278474368155,0.011820238083601,0.012753501534462,0.0114067383110523,0.0134470667690039,0.0150440325960517,0.00954000558704138,0.0129071790724993,0.0131209120154381,
629.0,0.0124585395678878,0.0128514198586345,0.0121486997231841,0.0121890287846327,0.0113538298755884,0.012575251981616,0.0126351397484541,0.0131735168397427,0.0124593749642372,0.0131567660719156,0.0124899735674262,0.0129098119214177,0.0132258841767907,0.013605322688818,0.01257542707026,0.0114037850871682,0.0132927130907774,0.0129950800910592,0.0116369863972068,0.011530177667737,0.0102910678833723,0.0133861023932695,0.0106503600254655,0.0127459242939949,0.0133567899465561,0.0121157579123974,0.0123736932873726,0.0118136014789343,0.011422355659306,0.012811322696507,0.0112102115526795,0.0115921944379807,0.0148979909718037,0.0143036795780063,0.0131915854290128,0.0147018553689122,0.013027086853981,0.0120020359754562,0.0109732104465365,0.0127950571477413,0.0118254534900188,0.0127597469836473,0.0114159984514117,0.0134475342929363,0.0150542333722115,0.00953750032931566,0.0129166366532445,0.0131389992311597,
630.0,0.012508817948401,0.0129021424800158,0.0121921841055155,0.0122289294376969,0.0113856103271246,0.0126095777377486,0.0126762688159943,0.0132126277312636,0.01250075455755,0.0132060823962092,0.0125274257734418,0.0129524655640125,0.0132708866149187,0.013653757981956,0.0126153696328402,0.011435579508543,0.0133327804505825,0.0130395013839006,0.0116700064390898,0.0115647530183196,0.010314934886992,0.013430105522275,0.0106793344020844,0.0127897933125496,0.0134028065949678,0.0121597070246935,0.0124148055911064,0.0118540851399302,0.0114545626565814,0.0128520643338561,0.0112432865425944,0.0116284033283591,0.0149420816451311,0.0143443215638399,0.0132264969870448,0.0147376302629709,0.0130631877109408,0.0120388558134437,0.0109878787770867,0.012832778505981,0.0118574993684888,0.0127942003309727,0.0114416340366006,0.0134706553071737,0.0150922778993845,0.00954915769398212,0.0129508282989264,0.0131808565929532,
631.0,0.0125879347324371,0.0129845095798373,0.0122649418190122,0.0122943688184023,0.0114430049434304,0.0126693984493613,0.0127456402406096,0.0132783744484186,0.0125685324892402,0.0132814608514309,0.0125916041433811,0.0130213173106313,0.0133450394496322,0.0137347653508186,0.012683255597949,0.0114990612491965,0.0134025709703565,0.0131163941696286,0.0117328353226185,0.0116235967725515,0.01036168448627,0.013501881621778,0.0107301054522395,0.0128613980486989,0.0134774576872587,0.0122311348095536,0.0124864904209971,0.0119203133508563,0.0115134501829743,0.012917710468173,0.0113003943115473,0.0116916066035628,0.0150175699964166,0.014414650388062,0.013293944299221,0.01480782777071,0.0131271705031395,0.0121043529361486,0.0110260713845491,0.0128972390666604,0.0119189014658332,0.0128585025668144,0.0114942668005824,0.0135195087641478,0.0151629662141204,0.00958046596497297,0.0130150001496077,0.0132502149790525,
632.0,0.0126883089542389,0.0130900051444769,0.0123576503247023,0.0123795690014958,0.0115203922614455,0.0127481753006577,0.0128384698182344,0.0133674759417772,0.0126580111682415,0.0133768366649747,0.0126775894314051,0.0131093664094806,0.0134462350979447,0.0138406958431005,0.0127729037776589,0.0115906512364745,0.0134935043752193,0.013221881352365,0.011821961030364,0.0117038199678063,0.0104248952120543,0.0135991182178259,0.0107976514846087,0.0129520427435637,0.0135772647336125,0.0123211015015841,0.0125854024663568,0.0120062632486224,0.0115912454202771,0.013005455955863,0.0113761285319924,0.011772345751524,0.0151192340999842,0.0145088201388717,0.013385315425694,0.0149091761559248,0.0132164815440774,0.0121853845193982,0.0110851796343923,0.0129818990826607,0.0120029794052243,0.0129448147490621,0.0115727568045259,0.0135919451713562,0.015262427739799,0.00963051617145538,0.0131039172410965,0.0133450645953417,
633.0,0.0127974487841129,0.0132048493251204,0.0124565837904811,0.0124733177945018,0.0116068357601762,0.0128376102074981,0.0129328919574618,0.0134727321565151,0.0127644091844559,0.0134966680780053,0.0127670532092452,0.013210385106504,0.013556195423007,0.0139551945030689,0.0128778945654631,0.0116837183013558,0.0135939046740532,0.0133264856413007,0.0119106583297253,0.0117928143590689,0.010496960952878,0.0137099027633667,0.0108756208792329,0.0130538288503885,0.0136855188757181,0.0124235805124044,0.0126920202746987,0.0121051585301757,0.0116655901074409,0.0131036881357431,0.0114586362615228,0.0118586802855134,0.0152368014678359,0.0146175883710384,0.0134847797453403,0.0150181781500578,0.013311599381268,0.0122671667486429,0.0111448494717479,0.0130764357745647,0.0120931807905436,0.0130371078848839,0.0116510316729546,0.0136824818328023,0.0153766544535756,0.00968388468027115,0.0131969843059778,0.0134563380852342,
634.0,0.0128804109990597,0.0132952434942126,0.0125297084450722,0.0125406421720982,0.0116622922942042,0.0128983808681369,0.0130029264837503,0.0135483872145414,0.0128395445644855,0.0135832540690899,0.0128334928303957,0.0132863065227866,0.0136397751048207,0.014045050367713,0.0129570355638862,0.0117532648146152,0.0136641766875982,0.0134101081639528,0.0119825499132276,0.0118631310760975,0.0105454474687576,0.0137895392253995,0.0109269795939326,0.013134328648448,0.0137681160122156,0.012502808123827,0.012771001085639,0.0121780382469296,0.0117201069369912,0.0131747210398316,0.0115135805681348,0.0119216935709119,0.0153226358816028,0.014695224352181,0.0135568883270025,0.0151017624884844,0.0133872134611011,0.0123293530195951,0.0111797358840704,0.0131434882059693,0.0121593037620187,0.0131060192361474,0.0117104081436992,0.0137377353385091,0.015458975918591,0.00972213968634605,0.0132627282291651,0.0135367661714554,
635.0,0.0129457078874111,0.0133654931560159,0.0125822676345706,0.0125886965543032,0.0116958916187286,0.0129368007183075,0.0130528155714273,0.0136014148592949,0.0128909191116691,0.0136455157771707,0.0128791201859713,0.0133441500365734,0.0137012302875519,0.0141181433573365,0.0130145773291588,0.0118080666288733,0.0137118119746447,0.0134774018079042,0.0120407538488507,0.0119185550138354,0.0105755599215627,0.0138459010049701,0.0109580773860216,0.0131948944181204,0.0138314599171281,0.0125638237223029,0.0128305293619633,0.0122291287407279,0.0117574138566852,0.0132229030132294,0.0115479789674282,0.0119656436145306,0.0153864901512861,0.0147483302280307,0.0136053515598178,0.0151610933244228,0.013443211093545,0.0123765021562576,0.0111939124763012,0.0131895830854774,0.0122075304389,0.0131569923833013,0.011751813814044,0.0137672564014792,0.0155149791389704,0.00974764488637447,0.0133067611604929,0.0135921686887741,
636.0,0.0130200516432524,0.0134387016296387,0.0126376617699862,0.0126424543559551,0.0117365261539817,0.0129786441102624,0.0131026124581695,0.0136610679328442,0.0129495356231928,0.0137199489399791,0.0129218315705657,0.0134082464501262,0.0137642566114664,0.0142001323401928,0.0130756264552474,0.0118715921416879,0.0137644978240132,0.0135466605424881,0.0121000083163381,0.0119780898094177,0.0106088100001216,0.0139101445674896,0.0109942015260458,0.0132549274712801,0.0139003591611981,0.0126302363350987,0.0128982607275248,0.0122829284518957,0.0117908595129848,0.0132725518196821,0.0115866987034678,0.0120115196332335,0.0154617372900248,0.0148074626922607,0.0136550310999155,0.0152172474190593,0.0134943770244718,0.0124249523505569,0.0112066110596061,0.0132401948794723,0.0122609287500381,0.0132119404152036,0.0117891347035766,0.0138073768466711,0.0155755430459976,0.00977336056530476,0.0133526874706149,0.0136526627466083,
637.0,0.0131172752007842,0.0135428188368678,0.012723071500659,0.0127153350040317,0.0117918346077204,0.0130383837968111,0.0131805287674069,0.0137428119778633,0.0130312461405993,0.0138235064223409,0.0129909319803119,0.0134820453822613,0.0138563765212893,0.0143074886873364,0.0131628587841988,0.011956624686718,0.0138379847630858,0.0136453630402684,0.0121866315603256,0.0120643842965364,0.0106585426256061,0.0140045369043946,0.0110528813675046,0.0133481724187732,0.0139953149482608,0.0127234179526567,0.0129938283935189,0.0123636536300182,0.0118425348773599,0.0133494306355715,0.0116441482678056,0.012086714617908,0.0155630959197879,0.014900398440659,0.0137455575168133,0.0153111284598708,0.0135724861174822,0.0124920587986708,0.0112416623160243,0.0133113088086247,0.012339592911303,0.0132925808429718,0.011854637414217,0.0138783864676952,0.0156752839684486,0.00981579441577196,0.0134251220151782,0.013743793591857,
638.0,0.0131603563204408,0.0135909812524915,0.0127494232729077,0.012735209427774,0.0117987301200628,0.0130424005910754,0.0131979594007134,0.0137644652277231,0.0130566712468863,0.0138710336759686,0.0130059411749244,0.0135008376091719,0.0138909472152591,0.0143597861751914,0.0131967328488827,0.0119955502450466,0.0138549199327827,0.0136867985129356,0.0122262854129076,0.0121014257892966,0.0106621561571956,0.0140402857214212,0.0110582560300827,0.0133839258924127,0.0140340616926551,0.0127641474828124,0.0130364205688238,0.0123946163803339,0.0118434019386768,0.0133666796609759,0.0116524323821068,0.0121111432090402,0.015599325299263,0.0149266179651022,0.0137772113084793,0.0153430495411158,0.01359389629215,0.0125070102512836,0.0112302219495177,0.0133255170658231,0.0123705836012959,0.0133223906159401,0.0118731679394841,0.0138885416090488,0.015708027407527,0.00982126593589783,0.0134416613727808,0.0137787126004696,
639.0,0.013120056129992,0.0135491844266653,0.0126843750476837,0.0126736219972372,0.0117301875725389,0.0129603585228324,0.0131227746605873,0.0136983646079898,0.0129949934780598,0.0138283306732774,0.0129331862553954,0.0134385619312525,0.0138333905488253,0.0143218152225018,0.0131450099870563,0.0119606349617243,0.0137844523414969,0.0136384377256036,0.012189008295536,0.0120590031147003,0.0105961542576551,0.0139830280095339,0.0109858866780996,0.0133287515491247,0.0139811616390944,0.0127231776714325,0.0129929976537824,0.0123441880568862,0.0117652947083116,0.0132913077250123,0.0115848621353507,0.0120521960780025,0.0155359301716089,0.0148512190207839,0.0137111116200686,0.0152721190825105,0.0135269705206156,0.0124396542087197,0.0111418412998319,0.013253060169518,0.0123212402686477,0.0132652996107936,0.0118119111284614,0.0138021018356085,0.0156320445239544,0.0097642969340086,0.0133675932884216,0.0137234004214406,
640.0,0.0130316996946931,0.0134559310972691,0.0125723220407963,0.0125615336000919,0.0116088408976793,0.0128213791176677,0.0129992580041289,0.0135891670361161,0.012881332077086,0.0137307373806834,0.0128043387085199,0.013321477919817,0.0137208057567477,0.0142212808132172,0.0130407130345702,0.0118786804378033,0.013659093528986,0.013541579246521,0.012106204405427,0.0119697907939553,0.0104899536818266,0.0138724939897656,0.0108792996034026,0.0132272262126207,0.0138664115220308,0.0126388585194945,0.0128962825983763,0.0122432569041848,0.0116366231814027,0.0131636597216129,0.0114708617329597,0.0119429714977741,0.0154148871079087,0.0147272190079093,0.013592186383903,0.015139440074563,0.0134112862870097,0.0123163843527436,0.0110002784058452,0.0131289269775152,0.0122155696153641,0.0131430244073272,0.011697948910296,0.0136594651266932,0.0154940588399768,0.00965990871191025,0.0132345091551542,0.0136161083355546,
641.0,0.0130098713561893,0.013429781422019,0.0125233847647905,0.0125093571841717,0.0115439034998417,0.0127434097230434,0.0129351867362857,0.0135359512642026,0.0128289274871349,0.0136999897658825,0.0127409668639302,0.013265710324049,0.0136758675798774,0.0141954151913524,0.0130059132352471,0.0118499305099249,0.0135886883363128,0.0135162239894271,0.0120844962075353,0.0119422003626823,0.0104342717677355,0.0138292238116264,0.0108164558187127,0.0131892263889313,0.0138292601332068,0.0126141579821706,0.0128711070865393,0.0122079094871879,0.011563184671104,0.0130964443087578,0.0114085329696536,0.0118940379470587,0.0153685938566923,0.0146690104156733,0.0135415028780699,0.0150851374492049,0.0133541002869606,0.0122629497200251,0.0109144020825624,0.01307322550565,0.0121738919988275,0.0130956592038274,0.0116409007459879,0.0135835744440556,0.0154330208897591,0.00960985291749239,0.0131683917716146,0.013569675385952,
642.0,0.0130385169759393,0.0134591078385711,0.0125292232260108,0.012506197206676,0.0115251671522856,0.0127181969583035,0.0129251340404153,0.0135362995788455,0.0128319198265672,0.0137250004336238,0.0127285420894623,0.0132650826126337,0.0136848147958517,0.014233854599297,0.0130253965035081,0.0118703255429864,0.0135727766901255,0.0135453203693032,0.0121115939691663,0.0119647653773427,0.0104244016110897,0.0138442944735289,0.0107972966507077,0.0132049564272165,0.0138509068638086,0.0126428203657269,0.0129018593579531,0.0122216688469052,0.0115366680547595,0.0130843864753842,0.0113916238769889,0.0118981124833226,0.0153875313699245,0.0146714951843023,0.0135505041107535,0.0150919361039996,0.0133518241345882,0.0122609799727798,0.0108764246106148,0.0130712371319532,0.0121884811669588,0.0131073966622353,0.011635328643024,0.0135712474584579,0.0154412761330605,0.00960387382656336,0.0131603386253119,0.0135808410122991,
643.0,0.0130651984363794,0.0134907281026244,0.0125402584671974,0.0125041604042053,0.0115064568817616,0.0126964244991541,0.0129213035106659,0.0135474372655153,0.0128413112834096,0.0137531915679574,0.0127144223079085,0.0132705690339208,0.0136931976303458,0.0142782339826226,0.0130443591624498,0.0118988798931241,0.0135678704828024,0.0135726984590292,0.0121392365545034,0.0119898859411478,0.0104200998321176,0.0138645805418491,0.0107871424406767,0.0132249053567648,0.0138695491477847,0.0126787666231394,0.012931153178215,0.0122324358671904,0.0115121696144342,0.0130789810791612,0.0113782975822687,0.0119072897359729,0.0154129639267921,0.0146833499893546,0.0135662155225873,0.0150976600125432,0.0133586199954152,0.0122541636228561,0.0108409561216831,0.0130679998546839,0.0122087327763438,0.0131184114143252,0.0116351479664445,0.0135707603767514,0.0154588893055916,0.00959855504333973,0.0131568098440766,0.0136019578203559,
644.0,0.0130441794171929,0.0134629448875785,0.0124913873150945,0.0124529357999563,0.0114386873319745,0.0126186879351735,0.0128531651571393,0.0135025335475802,0.0127864647656679,0.0137268314138055,0.0126517722383142,0.0132146766409278,0.0136457579210401,0.0142573583871126,0.0130104422569275,0.0118794152513146,0.0135043207556009,0.0135465739294887,0.0121168168261647,0.01196931861341,0.0103612542152405,0.0138215767219663,0.0107222096994519,0.0131899183616042,0.0138320596888661,0.0126571552827954,0.0128993783146143,0.0121980039402843,0.0114369513466954,0.0130096329376101,0.0113145336508751,0.0118574853986502,0.0153668373823166,0.014626138843596,0.0135204950347543,0.0150445029139519,0.013304878026247,0.0121970279142261,0.0107525987550616,0.0130074173212051,0.0121687883511186,0.0130718471482396,0.0115750562399626,0.0135005172342062,0.0154019929468632,0.00954855978488922,0.0130907502025366,0.0135594373568892,
645.0,0.012961239553988,0.0133780343458056,0.0123826721683145,0.0123419091105461,0.0113208554685116,0.0124796899035573,0.0127246752381325,0.0133884279057384,0.0126761412248015,0.0136345932260156,0.0125275235623121,0.0130994329228997,0.0135356690734625,0.0141693223267794,0.012915575876832,0.0118022076785564,0.0133748231455684,0.0134572945535183,0.0120405443012714,0.01188725233078,0.0102563016116619,0.0137140052393079,0.0106121124699712,0.0130900666117668,0.0137317609041929,0.0125743011012673,0.0128089105710387,0.0121020134538412,0.0113093312829733,0.0128838084638119,0.0111967381089926,0.0117556294426322,0.0152518916875124,0.0145030030980706,0.0134105943143368,0.0149223618209362,0.0131878042593598,0.0120842410251498,0.0106182415038347,0.0128836138173938,0.0120752425864339,0.0129656549543142,0.0114660682156682,0.0133686112239957,0.0152779892086983,0.00945290643721819,0.012963623739779,0.0134541913866997,
646.0,0.0128485150635242,0.0132678858935833,0.0122483214363456,0.0122030386701226,0.011181116104126,0.0123164393007755,0.0125725036486983,0.0132422391325235,0.0125420903787017,0.0135108781978488,0.0123756201937795,0.0129561917856336,0.013397035188973,0.0140511635690928,0.0127917733043432,0.011697655543685,0.0132149858400226,0.013336586765945,0.0119388150051236,0.0117775928229094,0.0101323947310448,0.0135792149230838,0.0104827713221312,0.0129625163972378,0.013598226942122,0.0124631654471159,0.0126959420740604,0.0119761247187853,0.0111585492268205,0.0127346897497773,0.0110580641776323,0.0116333467885852,0.0151068726554513,0.014351150020957,0.0132714007049799,0.0147701408714056,0.0130440853536129,0.0119462087750435,0.0104675805196166,0.0127336662262678,0.0119608761742711,0.0128335962072015,0.0113369906321168,0.0132116172462702,0.015126789920032,0.00933907553553581,0.0128115443512797,0.0133214201778173,
647.0,0.0127608869224787,0.01317782048136,0.0121385492384434,0.0120888818055391,0.0110616246238351,0.012184614315629,0.0124480249360204,0.013125928118825,0.0124274529516697,0.0134130157530308,0.0122522665187716,0.0128323482349515,0.0132840918377042,0.0139580368995667,0.0126905404031277,0.0116159822791815,0.0130820693448186,0.0132371839135885,0.0118559468537569,0.0116974040865898,0.0100260190665722,0.0134724043309689,0.0103682186454535,0.0128661449998617,0.013481049798429,0.0123749179765582,0.0126108359545469,0.0118757607415318,0.0110288811847568,0.0126073453575373,0.0109477676451206,0.0115329381078482,0.0149876400828362,0.0142239760607481,0.0131562082096934,0.0146493362262845,0.0129285277798772,0.0118309771642089,0.0103405686095357,0.0126144103705883,0.0118693532422185,0.0127257285639644,0.0112252179533243,0.0130794793367386,0.0150027321651578,0.00924721825867891,0.0126861473545432,0.0132129667326808,
648.0,0.0126792239025235,0.0130854640156031,0.0120338508859277,0.0119793359190226,0.0109476754441857,0.0120523078367114,0.012329051271081,0.013020015321672,0.0123237743973732,0.0133261792361736,0.0121327517554164,0.0127288810908794,0.01318084821105,0.0138648925349116,0.0125924982130527,0.0115404762327671,0.0129625704139471,0.0131460223346949,0.0117793707177043,0.0116176269948483,0.00993218831717968,0.013369913212955,0.0102609824389219,0.0127723217010498,0.0133805628865957,0.0122958896681666,0.0125235635787249,0.0117831407114863,0.0109068732708693,0.0124854259192944,0.0108375186100602,0.0114334467798471,0.0148748764768243,0.0141029804944992,0.0130489021539688,0.0145293567329645,0.0128147155046463,0.0117263216525316,0.0102236615493894,0.0125007713213563,0.0117746703326702,0.012616952881217,0.0111230816692114,0.0129567561671138,0.0148801198229194,0.00915716029703617,0.0125620681792498,0.013112991116941,
649.0,0.012653305195272,0.0130531983450055,0.0119861857965589,0.0119239892810583,0.0108887106180191,0.0119762402027845,0.0122681800276041,0.0129708042368293,0.0122762313112617,0.0132953925058246,0.0120684560388327,0.0126796206459403,0.0131388083100319,0.0138358017429709,0.0125565882772207,0.0115158371627331,0.0129013750702143,0.0131163829937577,0.0117520820349455,0.0115858996286988,0.00988105684518814,0.0133283389732242,0.0102055529132485,0.0127323744818568,0.0133414398878813,0.0122714322060347,0.0124922906979918,0.0117435967549682,0.0108348559588194,0.0124204009771347,0.0107791135087609,0.0113877495750785,0.0148278931155801,0.0140426401048899,0.0129964966326952,0.0144726233556867,0.01276286970824,0.0116729829460382,0.0101530263200402,0.0124442735686898,0.0117353741079569,0.0125698409974575,0.0110692651942372,0.0128878811374307,0.01482520904392,0.00910995528101921,0.0124989887699485,0.0130709847435355,
650.0,0.0127092702314258,0.013112710788846,0.0120200784876943,0.0119515154510736,0.0109064243733883,0.0119864158332348,0.0122925080358982,0.0130040841177106,0.0123083321377635,0.0133460955694318,0.0120884925127029,0.0127061819657683,0.0131829446181655,0.0139023615047336,0.0126076135784388,0.0115649504587054,0.0129241282120347,0.0131747797131538,0.0117993969470263,0.0116313174366951,0.00989182014018297,0.0133766420185566,0.0102228224277496,0.0127763710916042,0.0133878812193871,0.0123257655650377,0.0125457094982266,0.0117810452356935,0.0108368061482906,0.0124427257105708,0.0107976915314794,0.011420875787735,0.014878056012094,0.0140735385939479,0.0130276111885905,0.0145134450867772,0.0128019824624062,0.0116953672841191,0.010148698464036,0.0124725066125393,0.0117794265970588,0.0126123707741499,0.01108677405864,0.01290088519454,0.0148710524663329,0.00912681128829718,0.0125252045691013,0.0131136300042272,
651.0,0.0128327235579491,0.0132423592731357,0.0121131874620914,0.0120538212358952,0.0109760239720345,0.0120643218979239,0.0123847769573331,0.0131102614104748,0.0124081978574395,0.0134706376120448,0.0121820895001292,0.0128121487796307,0.0132938558235765,0.0140400938689709,0.012713061645627,0.011673622764647,0.0130243003368378,0.0133035108447075,0.0119165554642677,0.011748269200325,0.00996595341712236,0.0134958941489458,0.0102951433509588,0.012895536608994,0.0135127380490303,0.0124478740617633,0.0126600097864866,0.0118827596306801,0.010905240662396,0.0125463660806417,0.0108708506450057,0.01150968298316,0.0150091145187616,0.0141850402578712,0.0131390225142241,0.014635793864727,0.0129068186506629,0.0117902290076017,0.0102031147107482,0.0125708300620317,0.0118811186403036,0.0127129992470145,0.0111726485192776,0.012995196506381,0.0149931814521551,0.00919387955218554,0.0126145547255874,0.0132290152832866,
652.0,0.0129125276580453,0.0133271012455225,0.012173917144537,0.0121106747537851,0.0110149933025241,0.0121044320985675,0.0124373408034444,0.0131762390956283,0.0124657237902284,0.0135550303384662,0.0122369285672903,0.0128737110644579,0.013364527374506,0.0141256731003523,0.0127783603966236,0.0117406938225031,0.013080321252346,0.0133828306570649,0.0119888270273805,0.0118191260844469,0.0100041823461652,0.0135669354349375,0.0103302244096994,0.0129678491503,0.0135869197547436,0.0125213405117393,0.0127350827679038,0.0119474260136485,0.010939278639853,0.0126010524109006,0.0109096448868513,0.0115646002814174,0.0150889595970511,0.0142514063045383,0.0132037494331598,0.0147066079080105,0.0129640838131309,0.0118432268500328,0.0102231549099088,0.0126258470118046,0.0119435228407383,0.0127707654610276,0.0112170279026031,0.0130440881475806,0.0150657379999757,0.0092251980677247,0.0126624023541808,0.0132983922958374,
653.0,0.0128921754658222,0.0133101465180516,0.0121435848996043,0.0120697328820825,0.0109713347628713,0.0120495706796646,0.0123933097347617,0.0131418071687222,0.0124292066320777,0.0135341789573431,0.0121944919228554,0.0128354728221893,0.0133346393704414,0.0141024403274059,0.0127528877928853,0.0117200594395399,0.013030163012445,0.0133555764332414,0.0119669707491994,0.0117930881679058,0.00996413081884384,0.0135342162102461,0.0102866692468524,0.0129382181912661,0.013556201942265,0.0124973934143782,0.0127170141786337,0.0119170770049095,0.0108895851299167,0.0125549752265215,0.0108653791248798,0.0115332966670394,0.0150500722229481,0.014203897677362,0.0131612354889512,0.0146634420379996,0.0129220224916935,0.0118013275787234,0.0101639935746789,0.0125811966136098,0.0119160506874323,0.012732720002532,0.0111745912581682,0.0129903852939606,0.0150222415104508,0.00918333325535059,0.0126139894127846,0.0132645796984434,
654.0,0.012711014598608,0.0131277199834585,0.0119564682245255,0.0118785258382559,0.0107874954119325,0.0118394391611218,0.0121918050572276,0.0129406815394759,0.0122408969327807,0.0133386282250285,0.0119950035586953,0.0126391965895891,0.013136531226337,0.0139081440865994,0.0125741371884942,0.0115578277036548,0.012812165543437,0.0131609691306949,0.0117979627102613,0.0116193033754826,0.00980172678828239,0.0133365308865905,0.0101187247782946,0.0127483606338501,0.0133610321208835,0.0123232062906027,0.0125418128445745,0.0117314234375954,0.0107036791741848,0.0123558482155204,0.010684996843338,0.0113560268655419,0.0148208858445287,0.0139718800783157,0.0129504352807999,0.0144384801387787,0.0127226430922747,0.0116103366017342,0.00997824966907501,0.0123779373243451,0.0117410691455007,0.0125381220132113,0.0109968353062868,0.0127748930826783,0.0147903067991138,0.00902915094047785,0.0124086374416947,0.0130657833069563,
655.0,0.0121526308357716,0.0125408861786127,0.0114093702286482,0.0113322315737605,0.0102840773761272,0.0112722851336002,0.0116232270374894,0.0123438462615013,0.0116788502782583,0.0127455182373524,0.011437731795013,0.0120613528415561,0.0125407306477427,0.0132981268689036,0.0120080783963203,0.0110369445756078,0.012218801304698,0.0125698149204254,0.011266547255218,0.0110972952097654,0.00934135355055332,0.01273647043854,0.00964352395385504,0.0121726328507066,0.0127540659159422,0.011777981184423,0.0119776567444205,0.0111992098391056,0.0101926987990737,0.0117827951908112,0.0101869143545628,0.0108322445303202,0.0141483042389154,0.0133259734138846,0.0123517215251923,0.0137731414288282,0.0121339978650212,0.0110688805580139,0.00949220638722181,0.0118054030463099,0.0112086907029152,0.0119642363861203,0.0104816854000092,0.0121725825592875,0.014115889556706,0.00860471185296774,0.0118292979896069,0.0124717177823186,
656.0,0.0118123916909099,0.0121886236593127,0.0110701425001025,0.0109912790358067,0.00996397342532873,0.0109138274565339,0.0112663926556706,0.0119754411280155,0.0113284382969141,0.0123837646096945,0.0110885463654995,0.0117011461406946,0.0121770352125168,0.0129207177087665,0.0116594694554806,0.0107201654464006,0.0118451770395041,0.0122166965156794,0.0109446253627539,0.0107800532132387,0.00905245076864958,0.0123683074489236,0.00934160873293877,0.0118194622918963,0.012379284016788,0.0114430254325271,0.0116355922073126,0.0108709326013923,0.00986606348305941,0.0114220548421144,0.00987298227846622,0.010509287007153,0.0137402070686221,0.0129233635962009,0.0119816893711686,0.013363161124289,0.0117725823074579,0.0107365557923913,0.00918158888816834,0.0114462655037642,0.0108808605000377,0.0116079859435558,0.0101611325517297,0.0117954183369875,0.0136994095519185,0.00834023393690586,0.0114652700722218,0.0121078956872225,
657.0,0.0119716264307499,0.0123624093830585,0.0112023921683431,0.0111172255128622,0.0100623685866594,0.0110192690044641,0.0113880978897214,0.0121215926483274,0.0114617692306638,0.0125475758686662,0.0112098585814238,0.0118397092446685,0.0123336846008897,0.0130897248163819,0.0118091814219952,0.010865050368011,0.011970934458077,0.0123872430995107,0.0110930809751153,0.0109236016869545,0.00914980750530958,0.0125257549807429,0.00943336356431246,0.0119702704250813,0.0125367874279618,0.0115944696590304,0.0117930229753256,0.0110048521310091,0.00995811447501183,0.0115495370700955,0.00997609551995993,0.0106368716806173,0.0139199513942003,0.0130697330459952,0.0121238976716995,0.0135273421183228,0.0119170555844903,0.0108619816601276,0.00925909169018269,0.0115753365680575,0.0110154496505857,0.0117463264614344,0.0102736325934529,0.0119218975305557,0.0138666816055775,0.00842954590916634,0.0115889757871628,0.0122615369036794,
658.0,0.0125805186107755,0.0129945930093527,0.011751938611269,0.0116583183407784,0.0105335088446736,0.011524667032063,0.0119303185492754,0.0127179697155952,0.0120240980759263,0.0131802875548601,0.0117470752447844,0.0124236773699522,0.0129452412948012,0.0137611357495189,0.012400490231812,0.0114137409254909,0.0125434258952737,0.0130089065060019,0.0116518680006266,0.0114744091406465,0.00958454795181751,0.0131471725180745,0.00986963789910078,0.0125658260658383,0.0131671410053968,0.0121857086196542,0.012384413741529,0.0115513214841485,0.0104170283302665,0.0121140861883759,0.0104479491710663,0.0111566903069615,0.0146123943850398,0.0137027455493808,0.0127156097441912,0.0141936484724283,0.0124983564019203,0.0113769425079226,0.00966822914779186,0.0121420910581946,0.0115556055679917,0.012322380207479,0.0107573214918375,0.0124863469973207,0.0145516516640782,0.00882361922413111,0.0121424281969666,0.012868850491941,
659.0,0.0129038747400045,0.0133247654885054,0.012026708573103,0.0119250882416964,0.0107575263828039,0.01176240388304,0.0121894413605332,0.0130147580057383,0.0123083340004086,0.0135131701827049,0.0120084472000599,0.0127110276371241,0.0132596325129271,0.0141119007021189,0.0127045391127467,0.0117000732570887,0.0128223495557904,0.0133367134258151,0.0119455195963383,0.0117621961981058,0.00979476980865002,0.0134585630148649,0.0100750513374805,0.0128695098683238,0.0134863769635558,0.0124936085194349,0.0126979686319828,0.0118218008428812,0.0106233600527048,0.0123858526349068,0.0106735499575734,0.0114110773429275,0.014964553527534,0.0140142859891057,0.0130101423710585,0.0145251536741853,0.0127857942134142,0.0116354245692492,0.00985047407448292,0.0124136516824365,0.0118339946493506,0.012611766345799,0.0109923435375094,0.0127618554979563,0.0148970661684871,0.00901404768228531,0.0124071994796395,0.0131782284006476,
660.0,0.0130288936197758,0.0134556917473674,0.0121190398931503,0.0120113333687186,0.0108179394155741,0.0118214385583997,0.0122652826830745,0.0131171029061079,0.0124009437859058,0.0136431576684117,0.0120867053046823,0.0128038814291358,0.0133719798177481,0.0142543381080031,0.0128184081986547,0.0118132950738072,0.0129063464701176,0.0134679963812232,0.0120657831430435,0.0118786338716745,0.0098568070679903,0.0135737741366029,0.0101314643397927,0.0129817314445972,0.0136012621223927,0.0126165468245745,0.0128212291747332,0.0119164986535907,0.0106637803837657,0.0124642364680767,0.0107322027906775,0.0114972852170467,0.0150949358940125,0.0141136711463332,0.013105807825923,0.0146393738687038,0.0128813106566668,0.0117210103198886,0.00988691858947277,0.0124958362430334,0.0119401467964053,0.0127117680385709,0.011064238846302,0.0128446966409683,0.0150183197110891,0.00907452218234539,0.0124844191595912,0.0132918357849121,
661.0,0.0130995530635118,0.0135369673371315,0.0121631445363164,0.0120527762919664,0.0108360853046179,0.0118323136121035,0.0122987581416965,0.0131741054356098,0.012440781109035,0.0137179791927338,0.0121183199808002,0.0128502491861582,0.0134295942261815,0.0143490945920348,0.0128844389691949,0.0118834059685469,0.0129402410238981,0.0135477343574166,0.0121440896764398,0.0119540356099606,0.00988190714269876,0.0136469807475805,0.0101518277078867,0.0130471521988511,0.0136670367792249,0.0126959690824151,0.0128914397209883,0.0119727989658713,0.0106645841151476,0.0124950855970383,0.0107473405078053,0.0115466108545661,0.0151712959632277,0.0141606666147709,0.0131515264511108,0.014702738262713,0.0129309324547648,0.0117595251649618,0.00988928973674774,0.0125360414385796,0.0120029291138053,0.0127647984772921,0.0110949380323291,0.0128779504448175,0.0150842238217592,0.00910551100969315,0.0125167202204466,0.0133574502542615,
662.0,0.0131084192544222,0.0135349305346608,0.0121250115334988,0.0120182484388351,0.0107834935188293,0.0117653617635369,0.0122570907697082,0.0131499450653791,0.0124157844111323,0.0137085495516658,0.0120758675038815,0.0128203462809324,0.0134113980457187,0.0143562518060207,0.012870917096734,0.011879843659699,0.0128926131874323,0.013545336201787,0.0121458992362022,0.0119525920599699,0.00984658114612103,0.0136308884248137,0.0101011721417308,0.01303103659302,0.0136515321210027,0.012697771191597,0.0128872618079185,0.0119515983387828,0.0106055624783039,0.0124519001692533,0.0107076158747077,0.0115178721025586,0.0151487486436963,0.0141222877427936,0.0131262857466936,0.0146748377010226,0.0129025997593999,0.0117264045402408,0.00982621405273676,0.0124978655949235,0.0119873574003577,0.0127406008541584,0.0110526718199253,0.0128338718786836,0.015058845281601,0.00907515082508326,0.0124680735170841,0.0133412964642048,
663.0,0.0130630908533931,0.0134887313470244,0.0120500102639198,0.0119414301589131,0.0106935808435082,0.0116557627916336,0.012161023914814,0.0130722559988499,0.0123394038528204,0.013650868088007,0.0119865732267499,0.0127399666234851,0.0133411576971412,0.0143020143732429,0.0128107629716396,0.0118335606530309,0.0127946622669697,0.0134933013468981,0.012100669555366,0.0119073837995529,0.00977442134171724,0.0135640744119883,0.0100179333239794,0.0129695171490312,0.0135777341201901,0.0126463836058974,0.0128359459340572,0.0118872942402959,0.0105021568015218,0.0123615628108382,0.0106221558526158,0.011452242732048,0.0150772044435143,0.0140303857624531,0.0130483405664563,0.0145886586979032,0.0128221800550818,0.0116446185857058,0.009726339019835,0.0124135743826628,0.0119305616244674,0.0126663176342845,0.0109746819362044,0.0127423442900181,0.014980704523623,0.0090144369751215,0.0123713975772262,0.0132673420011997,
664.0,0.0130200609564781,0.0134504940360785,0.0119864922016859,0.01187430229038,0.0106139481067657,0.011557967402041,0.012071861885488,0.0130054242908955,0.0122682424262166,0.0136058991774917,0.011907123029232,0.0126681141555309,0.0132777374237776,0.0142559334635735,0.0127598624676466,0.011795099824667,0.0127077102661133,0.0134517103433609,0.0120665188878775,0.0118706375360489,0.009711061604321,0.0135080106556416,0.00994464568793774,0.0129178585484624,0.0135141741484404,0.0126063441857696,0.0127932829782367,0.0118304239585996,0.0104047004133463,0.0122773908078671,0.0105414260178804,0.0113962739706039,0.0150203872472048,0.0139482989907265,0.0129786748439074,0.0145135642960668,0.0127508025616407,0.0115723554044962,0.00963541306555271,0.012339174747467,0.0118840346112847,0.01260088942945,0.0109080467373133,0.0126606337726116,0.0149148581549525,0.00896512623876333,0.0122848656028509,0.0132041862234473,
665.0,0.0130260270088911,0.0134529704228044,0.0119622144848108,0.0118515659123659,0.0105751184746623,0.0115076815709472,0.0120363645255566,0.012995476834476,0.0122474292293191,0.0136138256639242,0.011878190562129,0.0126481326296926,0.0132651934400201,0.0142704527825117,0.0127566326409578,0.0117988716810942,0.0126753179356456,0.0134619176387787,0.0120835928246379,0.0118780890479684,0.00968852918595076,0.0135039184242487,0.00990660861134529,0.012913110665977,0.0135123245418072,0.0126244425773621,0.0127992210909724,0.0118155227974057,0.0103525938466191,0.0122378766536713,0.0105069279670715,0.0113782165572047,0.0150170791894197,0.0139211807399988,0.0129633955657482,0.0144987516105175,0.0127330981194973,0.0115516688674688,0.00958540569990873,0.012312806211412,0.0118806613609195,0.0125875165686011,0.0108812721446157,0.0126292873173952,0.0149053605273366,0.00895246304571629,0.0122490795329213,0.0132025247439742,
666.0,0.0130055928602815,0.0134226940572262,0.0119110476225615,0.0118027618154883,0.0105100441724062,0.011427303776145,0.0119682662189007,0.0129460962489247,0.0122023960575461,0.0135839870199561,0.0118223633617163,0.0126002235338092,0.0132265705615282,0.0142494989559054,0.0127261998131871,0.0117765609174967,0.0126146543771029,0.0134381959214807,0.012065184302628,0.0118614388629794,0.00964351277798414,0.0134654259309173,0.00984696671366692,0.0128820557147264,0.0134724099189043,0.0126023264601827,0.0127792814746499,0.0117803486064076,0.0102801164612174,0.0121733220294118,0.0104542085900903,0.0113371992483735,0.0149750290438533,0.0138630522415042,0.0129131190478802,0.0144435912370682,0.0126825124025345,0.0114950984716415,0.00951971206814051,0.0122544700279832,0.0118482420220971,0.0125486850738525,0.0108256889507174,0.0125712566077709,0.0148620428517461,0.00891066063195467,0.0121856341138482,0.013159453868866,
667.0,0.0129848932847381,0.0134009011089802,0.0118674747645855,0.0117567600682378,0.0104497438296676,0.0113531639799476,0.0119057483971119,0.0128993457183242,0.0121561018750072,0.0135576920583844,0.0117677776142955,0.012552784755826,0.0131861139088869,0.0142302233725786,0.0126931592822075,0.0117560848593712,0.012551411986351,0.0134177003055811,0.0120484530925751,0.0118451146408916,0.00959991570562124,0.0134245129302144,0.00979201775044203,0.0128493038937449,0.0134378345683217,0.012579913251102,0.0127586713060737,0.0117427865043283,0.0102073941379786,0.0121128223836422,0.010398237966001,0.0112985614687204,0.0149342026561499,0.0138065982609987,0.012866691686213,0.0143937291577458,0.0126342196017504,0.0114447474479675,0.00945487339049578,0.0122008956968784,0.011818571947515,0.0125067960470915,0.0107761742547154,0.0125169176608324,0.0148169435560703,0.00887504499405622,0.0121250972151756,0.0131181543692946,
668.0,0.0129782529547811,0.0134014692157507,0.0118441116064787,0.0117260823026299,0.0104095535352826,0.0113011319190264,0.0118652926757932,0.0128730395808816,0.0121244266629219,0.0135506084188819,0.0117309829220176,0.0125211915001273,0.0131607372313738,0.0142273642122746,0.0126744853332639,0.0117493430152535,0.0125042553991079,0.0134150180965662,0.0120483553037047,0.0118418829515576,0.00956798251718283,0.0134017067030072,0.00975403748452663,0.0128299854695797,0.0134232956916094,0.0125769702717662,0.0127507913857698,0.0117171742022038,0.0101497899740934,0.0120721338316798,0.0103524578735232,0.0112748686224222,0.0149154784157872,0.0137690249830484,0.0128390733152628,0.0143671175464988,0.0126061839982867,0.0114163970574737,0.00940405018627644,0.0121667580679059,0.0118054309859872,0.0124790286645293,0.0107460543513298,0.0124804303050041,0.0147894723340869,0.00885755568742752,0.0120839215815067,0.0130984848365188,
669.0,0.0129819130524993,0.013406690210104,0.011827664449811,0.0117026884108782,0.0103837177157402,0.0112616112455726,0.0118363425135612,0.0128552420064807,0.0121096018701792,0.013547751121223,0.0117105096578598,0.0125020407140255,0.0131526999175549,0.0142280990257859,0.0126726264134049,0.0117477821186185,0.0124773606657982,0.0134172644466162,0.0120528088882565,0.0118474820628762,0.00954091548919678,0.0133984982967377,0.00972705613821745,0.0128236822783947,0.0134103205054998,0.0125862900167704,0.0127515085041523,0.0117079541087151,0.0101118823513389,0.0120476633310318,0.0103228623047471,0.011261067353189,0.0149130774661899,0.0137455128133297,0.0128166349604726,0.0143482694402337,0.0125925233587623,0.0113951303064823,0.0093713765963912,0.0121401697397232,0.0117998365312815,0.0124699110165238,0.0107230860739946,0.0124545423313975,0.0147788031026721,0.0088434861972928,0.0120582664385438,0.0130903655663133,
670.0,0.0129272602498531,0.0133602451533079,0.0117669049650431,0.0116422604769468,0.010311777703464,0.0111796613782644,0.011761236935854,0.0127900941297412,0.0120492624118924,0.0134928869083524,0.0116418283432722,0.0124396979808807,0.0130883473902941,0.0141796367242932,0.0126222260296345,0.0117018120363355,0.0124014811590314,0.0133709954097867,0.0120119955390692,0.0118050146847963,0.00948518607765436,0.0133441630750895,0.00966313015669584,0.0127718737348914,0.0133488941937685,0.0125422291457653,0.0127005316317081,0.0116532649844885,0.0100387139245868,0.0119728576391935,0.0102563817054033,0.0112029202282429,0.0148473484441638,0.0136681422591209,0.0127484723925591,0.0142730437219143,0.01252365950495,0.0113332960754633,0.00930151529610157,0.0120712108910084,0.0117499129846692,0.0124089363962412,0.0106582539156079,0.0123843280598521,0.014710002578795,0.00879225600510836,0.0119840959087014,0.0130271716043353,
671.0,0.0128760207444429,0.0133108124136925,0.0117051899433136,0.0115843610838056,0.0102416947484016,0.0111005660146475,0.0116882566362619,0.0127265993505716,0.0119877336546779,0.0134396180510521,0.0115745170041919,0.012376394122839,0.0130256284028292,0.0141296749934554,0.0125679085031152,0.0116570303216577,0.0123299239203334,0.0133227100595832,0.0119693735614419,0.0117612518370152,0.0094347232952714,0.0132883293554187,0.00960236042737961,0.0127177117392421,0.0132911261171103,0.0124940536916256,0.0126508604735136,0.0115971993654966,0.00996758416295052,0.0119030680507421,0.0101933749392629,0.0111458282917738,0.0147817526012659,0.0135918352752924,0.012681252323091,0.0141996927559376,0.0124545628204942,0.011275683529675,0.0092365937307477,0.0120066525414586,0.0117000723257661,0.0123475836589932,0.01060158200562,0.0123124411329627,0.0146416844800115,0.00874291732907295,0.0119110709056258,0.0129664875566959,
672.0,0.0128809818997979,0.0133065171539783,0.0116867236793041,0.0115671828389168,0.0102179944515228,0.0110680377110839,0.0116635328158736,0.0127112865447998,0.011970030143857,0.0134366154670715,0.0115546258166432,0.0123562570661306,0.0130171179771423,0.0141261564567685,0.0125562520697713,0.011655205860734,0.0123110134154558,0.0133182602003217,0.0119670936837792,0.0117609845474362,0.00942038558423519,0.0132797863334417,0.00958136469125748,0.0127059705555439,0.013283796608448,0.0124903721734881,0.0126508288085461,0.0115835592150688,0.00993660185486078,0.011886227875948,0.0101725617423654,0.0111327050253749,0.0147737804800272,0.013568957336247,0.0126605555415154,0.0141819110140204,0.0124367577955127,0.0112619735300541,0.00921372324228287,0.0119889257475734,0.0116919120773673,0.0123347267508507,0.0105931777507067,0.012283269315958,0.0146288787946105,0.00872913748025894,0.0118861962109804,0.0129586802795529,
673.0,0.0129269221797585,0.0133559107780457,0.0117239439859986,0.0115959718823433,0.0102373603731394,0.0110860811546445,0.0116902105510235,0.0127476127818227,0.0120039340108633,0.0134817827492952,0.011578056961298,0.0123934280127287,0.0130543159320951,0.0141832670196891,0.0125986048951745,0.0116955889388919,0.0123372655361891,0.0133655602112412,0.0120112355798483,0.0118075292557478,0.00944306422024965,0.0133211938664317,0.00959646888077259,0.0127487042918801,0.01332544721663,0.0125358309596777,0.0126973828300834,0.0116169219836593,0.0099526010453701,0.0119078969582915,0.0101961251348257,0.0111652528867126,0.0148139549419284,0.0136017724871635,0.0126949278637767,0.0142188398167491,0.0124674653634429,0.0112860333174467,0.00922227744013071,0.0120159490033984,0.0117254899814725,0.0123687535524368,0.0106146391481161,0.0123101724311709,0.0146700907498598,0.00874226540327072,0.0119086066260934,0.0129915839061141,
674.0,0.0129584092646837,0.0133924586698413,0.0117468414828181,0.0116146495565772,0.0102466167882085,0.0110921384766698,0.0117019768804312,0.0127683095633984,0.0120260762050748,0.0135116437450051,0.0115895830094814,0.0124120879918337,0.0130830639973283,0.0142148416489363,0.0126231629401445,0.0117190107703209,0.012347967363894,0.0134036559611559,0.0120361959561706,0.0118358051404357,0.00945228990167379,0.013347907923162,0.0096037620678544,0.0127770332619548,0.0133503973484039,0.012567263096571,0.0127292787656188,0.0116377351805568,0.00995668675750494,0.0119219413027167,0.0102044334635139,0.0111809726804495,0.0148408021777868,0.0136177949607372,0.0127156125381589,0.0142389861866832,0.0124896168708801,0.0113042695447803,0.00922532100230455,0.0120299849659204,0.0117475865408778,0.0123864747583866,0.0106236543506384,0.0123235024511814,0.01469153072685,0.008751698769629,0.0119188018143177,0.0130124390125275,
675.0,0.0129821877926588,0.0134154297411442,0.011759215965867,0.0116269318386912,0.0102483965456486,0.0110881477594376,0.011702979914844,0.0127764167264104,0.0120390802621841,0.013530938886106,0.0115966303274035,0.0124192722141743,0.0131017584353685,0.0142300268635154,0.0126357581466436,0.0117340935394168,0.0123512027785182,0.0134317027404904,0.0120513318106532,0.0118504511192441,0.00945571810007095,0.0133638428524137,0.00960679538547993,0.0127939628437161,0.0133658340200782,0.0125890327617526,0.0127493543550372,0.0116486921906471,0.00995403341948986,0.0119306985288858,0.0102034183219075,0.0111887194216251,0.0148590626195073,0.0136231957003474,0.0127247404307127,0.0142474379390478,0.0125043466687202,0.0113151278346777,0.0092268418520689,0.0120375910773873,0.0117613933980465,0.0123967817053199,0.0106257954612374,0.0123273776844144,0.0147032868117094,0.0087564354762435,0.0119248945266008,0.0130254114046693,
676.0,0.013025208376348,0.0134502369910479,0.0117903053760529,0.0116565730422735,0.0102655729278922,0.0110999271273613,0.0117229083552957,0.0128010315820575,0.012068847194314,0.0135688660666347,0.0116270836442709,0.0124502731487155,0.013130608946085,0.0142704714089632,0.0126692159101367,0.0117709254845977,0.0123784262686968,0.0134707456454635,0.0120889777317643,0.0118815088644624,0.00947876181453466,0.0133974887430668,0.0096255000680685,0.0128284078091383,0.0134038552641869,0.0126283494755626,0.0127840992063284,0.0116750588640571,0.00997160654515028,0.0119551662355661,0.0102220447733998,0.011219878681004,0.0148966228589416,0.0136505411937833,0.0127498926594853,0.0142765948548913,0.0125335976481438,0.0113345561549067,0.00924439635127783,0.0120663000270724,0.0117900352925062,0.0124314213171601,0.0106445122510195,0.0123508302494884,0.0147423595190048,0.00876728538423777,0.0119561310857534,0.0130555685609579,
677.0,0.0130660552531481,0.0135009465739131,0.0118256807327271,0.0116877257823944,0.0102908350527287,0.0111215859651566,0.0117539884522557,0.0128375571221113,0.012104457244277,0.0136172790080309,0.011664180085063,0.012490252032876,0.0131744034588337,0.0143194561824203,0.0127118984237313,0.0118073644116521,0.0124151520431042,0.0135121708735824,0.0121209006756544,0.0119239501655102,0.00949828140437603,0.0134399188682437,0.00964977312833071,0.012873406521976,0.0134499911218882,0.0126691972836852,0.0128276199102402,0.0117101147770882,0.0099965101107955,0.0119934789836407,0.0102507239207625,0.011250801384449,0.0149402162060142,0.0136794969439507,0.0127812679857016,0.01431570854038,0.0125664807856083,0.0113665275275707,0.00926542468369007,0.0120971240103245,0.0118250250816345,0.0124674635007977,0.0106769222766161,0.0123771177604795,0.0147830583155155,0.00878337398171425,0.0119887804612517,0.0130964228883386,
678.0,0.0131051167845726,0.0135520929470658,0.0118600865826011,0.0117230489850044,0.0103151928633451,0.0111474106088281,0.0117881940677762,0.0128717496991158,0.0121407229453325,0.0136604625731707,0.0116966236382723,0.0125285089015961,0.0132206501439214,0.0143640302121639,0.0127518512308598,0.0118419723585248,0.0124503746628761,0.0135527839884162,0.0121512887999415,0.0119585813954473,0.00951948668807745,0.0134842228144407,0.00967429019510746,0.0129149248823524,0.013494567014277,0.012709534727037,0.0128677170723677,0.011744687333703,0.010020068846643,0.0120346797630191,0.0102798482403159,0.0112812630832195,0.0149833066388965,0.0137104475870728,0.0128121878951788,0.0143537009134889,0.0125997876748443,0.0114011438563466,0.00928704906255007,0.0121266860514879,0.0118534760549664,0.0124969761818647,0.0107074957340956,0.0124026564881206,0.014821563847363,0.00879979971796274,0.0120201772078872,0.0131412632763386,
679.0,0.0131469406187534,0.013601740822196,0.0118990708142519,0.0117639815434813,0.0103422496467829,0.0111810779199004,0.0118276672437787,0.0129052139818668,0.0121807884424925,0.0136992651969194,0.0117310807108879,0.0125657524913549,0.0132660716772079,0.0144043248146772,0.0127887921407819,0.011877209879458,0.0124873090535402,0.0135950073599815,0.012184745632112,0.0119854155927897,0.00954759493470192,0.0135278301313519,0.00970431789755821,0.0129524013027549,0.0135376267135143,0.0127494903281331,0.0129056936129928,0.0117795830592513,0.0100486800074577,0.0120770605280995,0.0103113763034344,0.0113158551976085,0.0150267528370023,0.0137480804696679,0.0128453504294157,0.0143919913098216,0.012636736035347,0.011437950655818,0.00931375287473202,0.012160493992269,0.0118787158280611,0.012527683749795,0.010736565105617,0.0124315172433853,0.0148602137342095,0.00881797634065151,0.0120568154379725,0.0131863439455628,
680.0,0.0131994038820267,0.0136637091636658,0.01195855345577,0.01181052159518,0.01038873847574,0.0112359318882227,0.0118854222819209,0.0129567682743073,0.012236338108778,0.013752500526607,0.0117918467149138,0.0126151349395514,0.0133192725479603,0.0144543778151274,0.0128352092579007,0.011918886564672,0.0125437108799815,0.013647167943418,0.0122244358062744,0.012025373056531,0.0095862103626132,0.0135740730911493,0.00975510757416487,0.013000306673348,0.0135900108143687,0.0127916168421507,0.0129573242738843,0.0118265114724636,0.0101036103442311,0.0121301179751754,0.0103594213724136,0.0113627426326275,0.0150793883949518,0.0138004589825869,0.0128932800143957,0.0144454967230558,0.0126871075481176,0.0114875175058842,0.00935706123709679,0.0122122140601277,0.011920946650207,0.01258176099509,0.0107819037511945,0.0124750286340714,0.0149073116481304,0.00884610321372747,0.0121132247149944,0.0132326111197472,
681.0,0.01327920332551,0.013748737052083,0.0120413238182664,0.0118875103071332,0.0104624349623919,0.0113141424953938,0.0119725652039051,0.01303656026721,0.012318997643888,0.013832924887538,0.0118778143078089,0.0127019621431828,0.0134091041982174,0.0145283387973905,0.0129077518358827,0.0119856297969818,0.0126267112791538,0.013723605312407,0.0122767416760325,0.0120855970308185,0.00964420009404421,0.0136569840833545,0.00981632433831692,0.0130762550979853,0.013680630363524,0.0128622753545642,0.0130275310948491,0.0118982810527086,0.0101852044463158,0.0122195212170482,0.010431295260787,0.0114271696656942,0.0151610877364874,0.0138765955343843,0.0129689844325185,0.0145308598875999,0.0127663919702172,0.0115590132772923,0.00942655652761459,0.012289141304791,0.0119849871844053,0.0126521019265056,0.0108530083671212,0.0125432349741459,0.0149908335879445,0.00888686068356037,0.0121970940381289,0.0133148338645697,
682.0,0.013360214419663,0.0138342007994652,0.0121294213458896,0.0119720632210374,0.0105427708476782,0.011405753903091,0.0120679270476103,0.0131184784695506,0.0124104460701346,0.0139187108725309,0.0119678396731615,0.0127970576286316,0.0135059682652354,0.0146035104990005,0.0129840523004532,0.0120516326278448,0.0127173066139221,0.0138012757524848,0.0123271308839321,0.0121423490345478,0.00970574002712965,0.0137478346005082,0.00988553743809462,0.0131542915478349,0.0137736815959215,0.0129309743642807,0.0130994105711579,0.0119702313095331,0.0102790063247085,0.0123230908066034,0.010511850938201,0.0114953685551882,0.0152436001226306,0.0139585677534342,0.0130448117852211,0.0146216060966253,0.0128526724874973,0.0116347633302212,0.0095033086836338,0.0123718567192554,0.0120474956929684,0.0127223264425993,0.0109271472319961,0.0126113761216402,0.0150768859311938,0.0089257825165987,0.012287825345993,0.0133985076099634,
683.0,0.0134142087772489,0.0138957779854536,0.0122035462409258,0.0120371710509062,0.010610356926918,0.0114951534196734,0.0121503593400121,0.0131763629615307,0.0124867400154471,0.0139820100739598,0.0120422123000026,0.0128689697012305,0.0135788060724735,0.0146521348506212,0.0130372969433665,0.0120885819196701,0.0127950049936771,0.013853338547051,0.0123565820977092,0.0121716875582933,0.00975494645535946,0.0138128511607647,0.00995720457285643,0.0132081853225827,0.0138353062793612,0.01296741142869,0.0131513196974993,0.0120203187689185,0.0103691415861249,0.0124142309650779,0.010583727620542,0.0115514462813735,0.0152964629232883,0.0140236560255289,0.0130943423137069,0.0146876182407141,0.0129200201481581,0.0116966385394335,0.00956969242542982,0.0124400043860078,0.0120856948196888,0.0127754164859653,0.010982709005475,0.0126568414270878,0.0151295317336917,0.00894786603748798,0.0123643362894654,0.0134503254666924,
684.0,0.0134605411440134,0.0139546003192663,0.0122791798785329,0.0120971025899053,0.010688048787415,0.0115842092782259,0.0122441602870822,0.013232764787972,0.0125528639182448,0.0140297524631023,0.0121221793815494,0.0129384342581034,0.0136556774377823,0.0146863274276257,0.0130797531455755,0.0121117550879717,0.0128782978281379,0.0138943325728178,0.0123731391504407,0.0121933221817017,0.00981106236577034,0.0138708539307117,0.010036563500762,0.0132653471082449,0.01390350330621,0.0130012510344386,0.013190490193665,0.0120815243571997,0.0104677099734545,0.0125091793015599,0.010660320520401,0.0116108963266015,0.0153435235843062,0.0140822306275368,0.0131453908979893,0.0147450128570199,0.0129807563498616,0.0117663517594337,0.00964837614446878,0.0125139579176903,0.0121211530640721,0.0128263393417001,0.0110431406646967,0.0127093913033605,0.0151739437133074,0.00896460562944412,0.0124474763870239,0.0135075654834509,
685.0,0.0132600925862789,0.0137542765587568,0.012141365557909,0.0119482334703207,0.0105827702209353,0.0114795472472906,0.0121224829927087,0.013053672388196,0.0124026099219918,0.0138238435611129,0.0119942612946033,0.012785249389708,0.0134879592806101,0.0144504979252815,0.0128832664340734,0.0119147943332791,0.0127401230856776,0.0136788338422775,0.012157985009253,0.0119872977957129,0.00969207193702459,0.0136767672374845,0.00994047150015831,0.0130773857235909,0.0137170888483524,0.0127974757924676,0.0129897641018033,0.0119179673492908,0.0103906979784369,0.0123928543180227,0.0105501711368561,0.0114583512768149,0.0151116447523236,0.0138907479122281,0.0129580050706863,0.0145423570647836,0.0128152221441269,0.0116284089162946,0.00956271588802338,0.012360923923552,0.0119291972368956,0.0126430904492736,0.0109077766537666,0.01253367587924,0.0149493273347616,0.00882466323673725,0.0123125230893493,0.0133228991180658,
686.0,0.0127317775040865,0.0132107743993402,0.0117088397964835,0.0115158287808299,0.0102254748344421,0.0111058838665485,0.0117084495723248,0.0125549817457795,0.0119581148028374,0.0132742878049612,0.0115811685100198,0.0123233487829566,0.0129896933212876,0.0138519704341888,0.0123726110905409,0.0114260502159595,0.0122979609295726,0.0131233362480998,0.0116384672001004,0.0114808669313788,0.0093395784497261,0.0131478579714894,0.00960659235715866,0.0125634800642729,0.0131921367719769,0.0122719136998057,0.0124690141528845,0.0114580225199461,0.0100733060389757,0.0119823198765516,0.0101913046091795,0.01102374214679,0.0145076392218471,0.0133631937205791,0.0124540710821748,0.0139875169843435,0.012339998036623,0.0112070413306355,0.00925508886575699,0.011909382417798,0.0114397015422583,0.012150657363236,0.0105112474411726,0.0120562762022018,0.0143606988713145,0.00847020745277405,0.0118824271485209,0.0128100290894508,
687.0,0.0120371729135513,0.0124958325177431,0.0111218020319939,0.010939184576273,0.00974249374121428,0.0105943391099572,0.0111516918987036,0.0118917692452669,0.0113615114241838,0.012541314586997,0.011023735627532,0.0116978194564581,0.0123243881389499,0.0130617404356599,0.0117067666724324,0.0107883103191853,0.0117013603448868,0.0123948790132999,0.01096436008811,0.0108230104669929,0.00887564290314913,0.0124518470838666,0.0091572618111968,0.0118878958746791,0.0125011410564184,0.01157714612782,0.0117834862321615,0.0108575718477368,0.00963988061994314,0.0114184115082026,0.00971590913832188,0.0104515384882689,0.0137151833623648,0.0126655492931604,0.0117952162399888,0.0132499672472477,0.0117025943472981,0.0106429848819971,0.00884520728141069,0.0113181192427874,0.0108060454949737,0.0115079320967197,0.00998988654464483,0.0114363748580217,0.0135828945785761,0.0080023854970932,0.0113068884238601,0.0121280420571566,
688.0,0.0121954632923007,0.0126673923805356,0.011334297247231,0.0111451726406813,0.00996215548366308,0.0108527317643166,0.0113962907344103,0.0120833525434136,0.0115745384246111,0.0127124870195985,0.0112516889348626,0.0119221108034253,0.0125383427366614,0.0132078835740685,0.0118701839819551,0.0109172575175762,0.0119399158284068,0.0125485146418214,0.0110651338472962,0.0109384898096323,0.00904280785471201,0.0126440916210413,0.00936358794569969,0.0120591642335057,0.0126947285607457,0.0117154438048601,0.0119367577135563,0.0110313026234508,0.00989410746842623,0.0116742076352239,0.00993363372981548,0.0106281321495771,0.0138986306264997,0.0128728086128831,0.0119755389168859,0.013457172550261,0.01190893817693,0.0108481859788299,0.00907121133059263,0.0115260910242796,0.0109455427154899,0.0116868130862713,0.0101831061765552,0.0116261290386319,0.0137748466804624,0.0081140398979187,0.0115379821509123,0.0123023753985763,
689.0,0.0127821490168571,0.0132879922166467,0.011955251917243,0.011748630553484,0.0105403810739517,0.0115001108497381,0.012051054276526,0.0127035798504949,0.0122006870806217,0.0133311077952385,0.0118844313547015,0.0125677874311805,0.013196568004787,0.0138184335082769,0.0124478610232472,0.011426730081439,0.0126054547727108,0.0131441000849009,0.0115551296621561,0.011440098285675,0.0095301466062665,0.013279584236443,0.00990906078368425,0.0126528665423393,0.013340019620955,0.0122674154117703,0.0125114638358355,0.0115957260131836,0.010506515391171,0.012343748472631,0.0105002215132117,0.0111780362203717,0.0145677346736193,0.0135352145880461,0.0125766191631556,0.0141345504671335,0.0125372875481844,0.0114372242242098,0.00962189398705959,0.0121406670659781,0.011471719481051,0.0122732631862164,0.0107375700026751,0.0122268488630652,0.0144569901749492,0.00852071214467287,0.0121780754998326,0.0129143949598074,
690.0,0.0134454090148211,0.013992203399539,0.0126624954864383,0.0124359671026468,0.0111996047198772,0.0122323241084814,0.0127950757741928,0.0134074157103896,0.0129135884344578,0.0140270842239261,0.0126112662255764,0.0132942162454128,0.0139439301565289,0.0145081346854568,0.0131042972207069,0.0120038874447346,0.0133630195632577,0.0138228386640549,0.0121163316071033,0.012009802274406,0.0100885108113289,0.013998887501657,0.0105328923091292,0.0133269438520074,0.0140749393031001,0.0128913521766663,0.0131641654297709,0.0122363800182939,0.0112075563520193,0.0130978310480714,0.0111415339633822,0.0117999278008938,0.0153244445100427,0.0142828859388828,0.0132577130571008,0.0148992035537958,0.0132475597783923,0.0121013773605227,0.0102508068084717,0.0128413876518607,0.0120676392689347,0.0129373744130135,0.0113664902746677,0.0129134142771363,0.0152329355478287,0.00898888800293207,0.0129027357324958,0.0136130833998322,
691.0,0.0140756079927087,0.0146619817242026,0.0133601129055023,0.0131190614774823,0.0118663012981415,0.0129734799265862,0.0135343074798584,0.0141008114442229,0.0136160589754581,0.0146986031904817,0.0133446576073766,0.0140184089541435,0.0146789392456412,0.0151665732264519,0.0137481791898608,0.0125624341890216,0.0141145223751664,0.0144829992204905,0.0126528702676296,0.0125532122328877,0.0106545006856322,0.0147047219797969,0.0111573683097959,0.0139902532100677,0.0147819109261036,0.0134904151782393,0.0137922372668982,0.0128605309873819,0.0119200386106968,0.0138457920402288,0.0117895351722836,0.012415437027812,0.0160577241331339,0.0150051461532712,0.0139220831915736,0.0156484097242355,0.0139491865411401,0.0127614224329591,0.0108998399227858,0.0135364616289735,0.0126396035775542,0.0135970059782267,0.0119900982826948,0.013593296520412,0.0159816835075617,0.00945061910897493,0.0136192310601473,0.0142838172614574,
692.0,0.0145811680704355,0.0152046848088503,0.0139496102929115,0.0136963641270995,0.012441823258996,0.0136174354702234,0.0141718490049243,0.0146728036925197,0.0142097631469369,0.0152385216206312,0.0139758959412575,0.0146291414275765,0.0152865312993526,0.0156827215105295,0.0142636662349105,0.0130008161067963,0.0147527819499373,0.0150118907913566,0.0130769843235612,0.0129914786666632,0.0111392000690103,0.0152782155200839,0.0117045678198338,0.0145166870206594,0.0153580596670508,0.0139666115865111,0.0143017061054707,0.0133756538853049,0.0125458901748061,0.0144825018942356,0.0123425805941224,0.0129278311505914,0.0166505891829729,0.0156152648851275,0.0144731504842639,0.0162608660757542,0.0145358862355351,0.0133157009258866,0.0114763686433434,0.0141232740134001,0.013110626488924,0.0141421100124717,0.0125269154086709,0.0141749633476138,0.0166001748293638,0.00984400417655706,0.014228549785912,0.0148282945156097,
693.0,0.0149544691666961,0.015611513517797,0.0144270835444331,0.014162159524858,0.0129221193492413,0.0141628980636597,0.0146968672052026,0.0151220709085464,0.0146842207759619,0.0156379323452711,0.0144921382889152,0.0151189099997282,0.0157603528350592,0.0160590093582869,0.0146542396396399,0.013325902633369,0.0152722653001547,0.0154068395495415,0.0133832301944494,0.0133174946531653,0.0115392310544848,0.0157172922044992,0.0121648609638214,0.0149136735126376,0.0157995019108057,0.0143187092617154,0.0146880093961954,0.0137798618525267,0.0130800874903798,0.0149992937222123,0.012799390591681,0.0133316889405251,0.0170949250459671,0.0160927344113588,0.0149010317400098,0.0167315192520618,0.0150005975738168,0.0137634035199881,0.0119715752080083,0.0145900109782815,0.0134737147018313,0.0145660638809204,0.0129666663706303,0.0146448006853461,0.0170808006078005,0.0101649267598987,0.0147206373512745,0.0152400275692344,
694.0,0.0152714336290956,0.0159612502902746,0.0148673467338085,0.0145915737375617,0.0133768916130066,0.0146855162456632,0.015182021073997,0.0155309690162539,0.0151146547868848,0.0159796997904778,0.0149689186364412,0.0155671201646328,0.0161846671253443,0.0163845084607601,0.0150042744353414,0.0136151639744639,0.0157517902553082,0.0157536696642637,0.0136427609249949,0.0135986218228936,0.0119164753705263,0.0161096882075071,0.0125967245548964,0.0152735076844692,0.0161913074553013,0.014626769348979,0.0150283435359597,0.0141466548666358,0.0135914264246821,0.0154716409742832,0.0132305575534701,0.0136969704180956,0.0174807291477919,0.0165084600448608,0.0152803668752313,0.0171491131186485,0.0154218664392829,0.0141792697831988,0.0124461892992258,0.0150098502635956,0.0137956188991666,0.0149471377953887,0.0133722517639399,0.0150736719369888,0.0175099149346352,0.0104652130976319,0.0151685327291489,0.0155998356640339,
695.0,0.0157491695135832,0.0164841152727604,0.0154683440923691,0.0151884136721492,0.0139897149056196,0.0153749734163284,0.0158423241227865,0.0161072164773941,0.0157228205353022,0.0165006183087826,0.0156309492886066,0.0161923635751009,0.0167871471494436,0.0168759524822235,0.0155102172866464,0.0140395043417811,0.0164024792611599,0.016275467351079,0.0140539603307843,0.0140300784260035,0.0124314846470952,0.0166796408593655,0.0131756570190191,0.0158018507063389,0.0167638938874006,0.0151003124192357,0.0155340153723955,0.0146682569757104,0.0142648937180638,0.0161119606345892,0.0138125382363796,0.0142124649137259,0.0180596020072699,0.0171063896268606,0.0158292222768068,0.0177478231489658,0.0160168427973986,0.0147508224472404,0.0130727449432015,0.015598151832819,0.0142710097134113,0.0154978996142745,0.013933876529336,0.0156832989305258,0.0181324705481529,0.0108911274001002,0.0157832354307175,0.0161346439272165,
696.0,0.0163248684257269,0.0171075034886599,0.0161747056990862,0.0158939305692911,0.0147023629397154,0.0161753613501787,0.0166095625609159,0.0167902503162622,0.0164372734725475,0.0171205196529627,0.0164015591144562,0.0169267226010561,0.0174970496445894,0.0174764879047871,0.0161122940480709,0.0145534463226795,0.0171648431569338,0.0169000122696161,0.0145491007715464,0.0145595381036401,0.0130402017384768,0.0173529982566834,0.0138498339802027,0.0164289623498917,0.0174396615475416,0.0156650170683861,0.0161414686590433,0.0152820236980915,0.0150311598554254,0.0168517604470253,0.0144861424341798,0.0148219438269734,0.0187473297119141,0.0178172830492258,0.0164815876632929,0.0184577684849501,0.0167158991098404,0.0154219679534435,0.0138001386076212,0.0162919200956821,0.014843319542706,0.0161518789827824,0.0145957982167602,0.0163996089249849,0.0188772678375244,0.0113984243944287,0.0165096074342728,0.0167705286294222,
697.0,0.0168339870870113,0.0176594592630863,0.0168259404599667,0.0165454111993313,0.0153659116476774,0.0169257018715143,0.0173163693398237,0.0174128320068121,0.0170872882008553,0.0176675766706467,0.0171143133193254,0.0175992082804441,0.0181373860687017,0.0180065669119358,0.0166522990912199,0.015009774826467,0.017867885529995,0.0174580365419388,0.0149863790720701,0.015035817399621,0.0136097650974989,0.0179577022790909,0.0144793698564172,0.016988392919302,0.0180410128086805,0.0161651931703091,0.0166825987398624,0.0158368591219187,0.0157430451363325,0.0175240579992533,0.0151079408824444,0.0153766917064786,0.0193585753440857,0.0184609349817038,0.0170715190470219,0.0190946292132139,0.0173497647047043,0.0160365868359804,0.0144882798194885,0.0169261451810598,0.0153608769178391,0.0167473312467337,0.0152092278003693,0.0170586425811052,0.0195532403886318,0.0118733951821923,0.0171769019216299,0.0173351392149925,
698.0,0.0171020142734051,0.0179607234895229,0.0172475669533014,0.0169683303683996,0.0158224981278181,0.0174517948180437,0.0177861992269754,0.0177956707775593,0.01749555952847,0.017965966835618,0.0175978727638721,0.01802883669734,0.0185214318335056,0.0182719193398952,0.0169618725776672,0.0152482464909554,0.0183264035731554,0.0177735667675734,0.0152213638648391,0.0152966743335128,0.0139960628002882,0.0183146260678768,0.0149148125201464,0.0173069965094328,0.0183852836489677,0.0164429638534784,0.0169804953038692,0.0161744337528944,0.016250554472208,0.0179540067911148,0.0155272725969553,0.0157183576375246,0.0197025034576654,0.018846282735467,0.0174240972846746,0.0194629561156034,0.0177414678037167,0.0164280012249947,0.0149860084056854,0.0173249747604132,0.0156624782830477,0.0171144269406796,0.0156161729246378,0.0174914337694645,0.0199566334486008,0.0121946288272738,0.0175989847630262,0.0176507271826267,
699.0,0.0172739252448082,0.0181595291942358,0.0175672490149736,0.0173016339540482,0.0161944888532162,0.0178841799497604,0.0181543305516243,0.0180806647986174,0.0178158488124609,0.0181612409651279,0.0179883651435375,0.0183560196310282,0.0187974199652672,0.0184419248253107,0.0171759650111198,0.0154032669961452,0.0186801441013813,0.017993688583374,0.01537408772856,0.0154812065884471,0.0143138477578759,0.0185669790953398,0.0152743682265282,0.017529122531414,0.0186323393136263,0.0166334453970194,0.0171932578086853,0.0164210740476847,0.0166755151003599,0.018284572288394,0.01586052775383,0.0159729588776827,0.0199347920715809,0.0191320348531008,0.017682284116745,0.019724041223526,0.0180378817021847,0.0167343635112047,0.0154025470837951,0.0176259577274323,0.0158826243132353,0.0173901934176683,0.0159488376230001,0.0178359281271696,0.0202513374388218,0.0124515928328037,0.0179224647581577,0.0178755838423967,
700.0,0.017435560002923,0.0183497872203588,0.0178806185722351,0.0176288019865751,0.0165663566440344,0.0183137748390436,0.0185172576457262,0.0183606166392565,0.0181289091706276,0.0183486305177212,0.0183712728321552,0.0186796113848686,0.0190707743167877,0.0186079367995262,0.0173781756311655,0.0155529165640473,0.0190248675644398,0.0182036347687244,0.0155218597501516,0.0156606826931238,0.0146312499418855,0.0188118685036898,0.0156299509108067,0.0177503973245621,0.0188760925084352,0.0168205834925175,0.0174032002687454,0.0166606139391661,0.0170934442430735,0.0186030175536871,0.0161885097622871,0.0162225514650345,0.0201591178774834,0.0194061510264874,0.0179367866367102,0.0199802927672863,0.0183289833366871,0.0170340482145548,0.0158180613070726,0.0179216414690018,0.0160997230559587,0.0176598411053419,0.0162767209112644,0.0181770455092192,0.0205447226762772,0.0127102062106133,0.0182427745312452,0.0180938169360161,
701.0,0.0176632441580296,0.0186139307916164,0.0182670224457979,0.0180258564651012,0.0170083753764629,0.0188161619007587,0.0189537871629,0.0187135152518749,0.0185099169611931,0.0186070278286934,0.0188276655972004,0.0190794747322798,0.0194221902638674,0.0188446324318647,0.0176458433270454,0.0157629325985909,0.0194444265216589,0.0184823237359524,0.0157307926565409,0.0159036424010992,0.0150092700496316,0.0191310755908489,0.0160460956394672,0.0180454030632973,0.0191916637122631,0.0170731395483017,0.0176799539476633,0.0169640369713306,0.0175751131027937,0.0189873520284891,0.0165818575769663,0.0165360774844885,0.0204624403268099,0.0197497177869082,0.0182613059878349,0.0203136261552572,0.018690649420023,0.0173966158181429,0.0163004081696272,0.0182896107435226,0.0163834504783154,0.0179980434477329,0.0166661087423563,0.0185909625142813,0.0209217257797718,0.0130259785801172,0.018637053668499,0.0183785185217857,
702.0,0.0180251765996218,0.0190230831503868,0.018786596134305,0.0185627937316895,0.0175753179937601,0.0194501150399446,0.0195228084921837,0.0192019026726484,0.0190323181450367,0.0189982410520315,0.0194354578852654,0.0196142103523016,0.0199044514447451,0.0192124117165804,0.0180511251091957,0.0160877835005522,0.0200097281485796,0.0189046170562506,0.0160556919872761,0.0162797253578901,0.0155030274763703,0.0195898581296206,0.0165811032056808,0.0184661075472832,0.019636258482933,0.017444783821702,0.018083680421114,0.01738884113729,0.0181880444288254,0.0195075944066048,0.0171001385897398,0.016968859359622,0.0209139920771122,0.0202400367707014,0.0187121778726578,0.0207848679274321,0.0191852506250143,0.0178849454969168,0.0169032346457243,0.0187913682311773,0.0167962610721588,0.0184695739299059,0.017183693125844,0.0191462114453316,0.0214434023946524,0.0134422918781638,0.0191631074994802,0.0187949500977993,
703.0,0.0185202099382877,0.0195635110139847,0.0194480586796999,0.0192351937294006,0.0182759445160627,0.0202371571213007,0.0202370006591082,0.0198297072201967,0.0196855217218399,0.0195353887975216,0.0201815571635962,0.0202967654913664,0.0205354578793049,0.0197253450751305,0.0185868050903082,0.0165315251797438,0.0207162946462631,0.0194715522229671,0.0165029540657997,0.0167704541236162,0.016110772266984,0.020195359364152,0.0172440074384212,0.0190240330994129,0.0202244352549315,0.0179480612277985,0.0186238288879395,0.0179448910057545,0.0189358592033386,0.0201709046959877,0.0177464056760073,0.0175272580236197,0.0215215496718884,0.0208792556077242,0.0193090178072453,0.0214150454849005,0.0198237933218479,0.0185062736272812,0.0176338143646717,0.0194321200251579,0.0173299815505743,0.0190811567008495,0.0178318787366152,0.0198426581919193,0.0221244040876627,0.0139605365693569,0.0198307689279318,0.0193466730415821,
704.0,0.0190172772854567,0.0201077107340097,0.0201176330447197,0.019916720688343,0.0189871173352003,0.0210359431803226,0.0209616832435131,0.0204659402370453,0.0203470252454281,0.0200821794569492,0.0209327284246683,0.0209855046123266,0.0211727190762758,0.0202485546469688,0.0191259328275919,0.01698212698102,0.021432913839817,0.0200427118688822,0.0169578026980162,0.0172682926058769,0.0167313516139984,0.0208085346966982,0.0179134905338287,0.0195901673287153,0.0208229683339596,0.0184624399989843,0.0191719830036163,0.0185094829648733,0.0196918491274118,0.0208360906690359,0.0183958429843187,0.018088536337018,0.0221365001052618,0.0215236246585846,0.0199151691049337,0.0220542680472136,0.0204711928963661,0.0191350933164358,0.0183746144175529,0.0200818590819836,0.0178706925362349,0.0196977034211159,0.0184883419424295,0.0205490794032812,0.022816488519311,0.0144849745556712,0.0205021724104881,0.0199071019887924,
705.0,0.0194076709449291,0.0205492675304413,0.0206794440746307,0.0204993207007647,0.0196014083921909,0.021723372861743,0.0215767230838537,0.0209974050521851,0.0209111366420984,0.0205180682241917,0.0215774849057198,0.0215590298175812,0.0216920059174299,0.0206633228808641,0.0195614472031593,0.0173427704721689,0.022043664008379,0.0205006208270788,0.0173224974423647,0.0176820736378431,0.0172755233943462,0.0213095098733902,0.0184854865074158,0.0200523938983679,0.0213137734681368,0.0188808273524046,0.0196171253919601,0.0189742632210255,0.020346362143755,0.0213840305805206,0.0189433377236128,0.0185499005019665,0.0226309429854155,0.0220511369407177,0.0204118471592665,0.0225725155323744,0.0210093762725592,0.0196627024561167,0.0190226621925831,0.0206272415816784,0.0183224268257618,0.0202060509473085,0.0190489385277033,0.0211536735296249,0.0233894307166338,0.0149342222139239,0.0210601948201656,0.0203644577413797,
706.0,0.019734051078558,0.0209179800003767,0.0211648009717464,0.0210092570632696,0.0201455410569906,0.0223401226103306,0.0221027620136738,0.0214530732482672,0.0213955398648977,0.0208682864904404,0.0221466198563576,0.0220581702888012,0.0221287682652473,0.0209977552294731,0.0199224799871445,0.0176384337246418,0.0225606206804514,0.0208889450877905,0.0176306907087564,0.0180249866098166,0.0177555456757545,0.0217314325273037,0.0189930405467749,0.0204415637999773,0.0217222515493631,0.0192239880561829,0.0199912544339895,0.0193609409034252,0.0209267772734165,0.0218597054481506,0.019425343722105,0.0189529322087765,0.0230409409850836,0.0225000977516174,0.020837876945734,0.0230132155120373,0.0214676465839148,0.0201179496943951,0.0196004007011652,0.0210932400077581,0.0187119450420141,0.0206519346684217,0.0195464547723532,0.0216893665492535,0.0238738991320133,0.0153319863602519,0.0215461496263742,0.0207363404333591,
707.0,0.0200446341186762,0.0212646760046482,0.021634703502059,0.0215043593198061,0.0206729397177696,0.0229378268122673,0.0226125363260508,0.0218879114836454,0.021858798339963,0.021203400567174,0.022697115316987,0.022539122030139,0.022551329806447,0.0213192943483591,0.0202740840613842,0.0179198123514652,0.023061690852046,0.0212609656155109,0.0179218854755163,0.0183646995574236,0.0182192604988813,0.0221397448331118,0.019491408020258,0.0208141691982746,0.0221123844385147,0.0195592828094959,0.0203502606600523,0.0197367947548628,0.0214900951832533,0.0223113186657429,0.0198968853801489,0.0193383693695068,0.0234384331852198,0.0229360722005367,0.0212478283792734,0.0234326608479023,0.021910360082984,0.0205617919564247,0.0201676227152348,0.0215458180755377,0.0190804321318865,0.0210813600569963,0.0200274754315615,0.0222041234374046,0.0243444480001926,0.0157272536307573,0.0220159906893969,0.0210960321128368,
708.0,0.020340833812952,0.0215956661850214,0.0220919027924538,0.0219854991883039,0.0211906768381596,0.0235195010900497,0.0231109838932753,0.0223087854683399,0.0223059207201004,0.0215304233133793,0.0232343692332506,0.0230055600404739,0.0229609757661819,0.0216283276677132,0.0206136330962181,0.0181902404874563,0.0235517341643572,0.0216194055974483,0.0182012487202883,0.0186997875571251,0.0186758134514093,0.0225354582071304,0.0199794750660658,0.0211753211915493,0.0224875845015049,0.0198854748159647,0.0206978674978018,0.0201031845062971,0.0220423005521297,0.0227431543171406,0.0203581154346466,0.0197086147964001,0.0238237027078867,0.0233546104282141,0.0216427873820066,0.0238342080265284,0.0223377402871847,0.0209925454109907,0.0207241270691156,0.0219854228198528,0.0194365866482258,0.021494448184967,0.0204966571182013,0.0227038841694593,0.024801030755043,0.0161171201616526,0.0224711764603853,0.0214461758732796,
709.0,0.0206051971763372,0.0218985732644796,0.0225148312747478,0.0224306918680668,0.0216847937554121,0.0240690056234598,0.0235736239701509,0.0227019321173429,0.0227205213159323,0.0218277964740992,0.023742388933897,0.0234388206154108,0.0233301669359207,0.0218985546380281,0.02091209217906,0.0184330362826586,0.0240047182887793,0.0219465270638466,0.0184598136693239,0.0190000887960196,0.0191169828176498,0.0228930041193962,0.0204334259033203,0.0215076636523008,0.0228261407464743,0.0201736204326153,0.021015265956521,0.0204341001808643,0.02256671898067,0.0231417305767536,0.0207866989076138,0.0200501400977373,0.0241669006645679,0.0237254295498133,0.0220028441399336,0.0241996385157108,0.0227248501032591,0.0213840361684561,0.0212457589805126,0.0223860275000334,0.0197750981897116,0.0218735318630934,0.0209411587566137,0.0231772288680077,0.0252134911715984,0.0164779033511877,0.0228909961879253,0.0217589642852545,
710.0,0.0208834633231163,0.0222148392349482,0.0229521784931421,0.022891528904438,0.022185618057847,0.0246374886482954,0.0240488518029451,0.0231087245047092,0.0231549106538296,0.0221372805535793,0.0242691766470671,0.0238823071122169,0.0237059760838747,0.0221925973892212,0.0212335512042046,0.0186867453157902,0.0244772229343653,0.022293271496892,0.0187340136617422,0.0193167086690664,0.0195718016475439,0.0232656504958868,0.0209022648632526,0.0218494776636362,0.023178793489933,0.0204816795885563,0.0213418882340193,0.020782470703125,0.0230994708836079,0.0235532131046057,0.0212305728346109,0.0203980822116137,0.0245228074491024,0.0241245683282614,0.0223818346858025,0.0245790630578995,0.023133123293519,0.0217953845858574,0.0217856541275978,0.0228040535002947,0.0201282259076834,0.0222669299691916,0.0213999450206757,0.0236653331667185,0.0256462935358286,0.0168530493974686,0.0233261901885271,0.0220825728029013,
711.0,0.0211213696748018,0.0224853921681643,0.0233415979892015,0.0233032368123531,0.0226456373929977,0.0251564476639032,0.0244701318442822,0.02346495911479,0.0235431380569935,0.0224011968821287,0.0247429609298706,0.0242770276963711,0.024037092924118,0.0224412530660629,0.021512147039175,0.0189043506979942,0.024895366281271,0.0225897040218115,0.0189681798219681,0.0195940937846899,0.0199892353266478,0.0235966667532921,0.0213333070278168,0.0221485290676355,0.0234866216778755,0.0207485444843769,0.0216272883117199,0.0210889335721731,0.0235798191279173,0.0239114668220282,0.0216292105615139,0.0207063443958759,0.0248295776546001,0.0244751330465078,0.0227187480777502,0.0249127261340618,0.023497249931097,0.0221633743494749,0.0222829207777977,0.0231795497238636,0.0204403717070818,0.0226190462708473,0.0218140687793493,0.0241049099713564,0.0260314047336578,0.017199732363224,0.0237106438726187,0.0223636105656624,
712.0,0.0213044304400682,0.0226967446506023,0.0236688759177923,0.0236515626311302,0.0230523813515902,0.0256083384156227,0.0248248819261789,0.0237576868385077,0.0238651260733604,0.0226054228842258,0.0251479148864746,0.0246102660894394,0.0243111234158278,0.0226263869553804,0.0217289868742228,0.0190760046243668,0.0252433456480503,0.0228227507323027,0.0191503688693047,0.0198217760771513,0.0203567706048489,0.0238709915429354,0.0217124093323946,0.0223938524723053,0.0237347669899464,0.0209613684564829,0.0218614768236876,0.0213381331413984,0.0239980146288872,0.0242034364491701,0.0219697263091803,0.0209650192409754,0.0250752326101065,0.0247576627880335,0.0229994487017393,0.0251843854784966,0.0237985253334045,0.0224712230265141,0.0227235089987516,0.023497749119997,0.0207003485411406,0.0229169316589832,0.0221727304160595,0.0244847945868969,0.0263512562960386,0.0175066348165274,0.0240312293171883,0.022588724270463,
713.0,0.0214775986969471,0.0229016896337271,0.023989874869585,0.0239956974983215,0.0234439596533775,0.0260500479489565,0.0251776687800884,0.0240471977740526,0.0241696070879698,0.0227995440363884,0.0255484767258167,0.0249360762536526,0.0245734695345163,0.0228064227849245,0.0219365824013948,0.0192460771650076,0.0255893841385841,0.0230609904974699,0.01933160610497,0.0200550239533186,0.020716892555356,0.0241361018270254,0.0220828633755445,0.0226341392844915,0.0239738449454308,0.0211783889681101,0.0220929514616728,0.0215802527964115,0.0244155488908291,0.0244921948760748,0.0223081931471825,0.0212167166173458,0.0253205578774214,0.0250389780849218,0.0232789553701878,0.02544279769063,0.0240887384861708,0.0227716211229563,0.0231618341058493,0.0238111391663551,0.0209600497037172,0.0232104435563087,0.0225333590060472,0.0248675737529993,0.0266638584434986,0.0178097113966942,0.0243512522429228,0.0228041838854551,
714.0,0.0215649362653494,0.0230168886482716,0.024212634190917,0.0242420267313719,0.0237409174442291,0.0263904053717852,0.0254248455166817,0.0242413897067308,0.0243809781968594,0.0229065287858248,0.0258446410298347,0.0251484513282776,0.0247348193079233,0.0228974986821413,0.0220548156648874,0.0193284135311842,0.0258277896791697,0.0232009626924992,0.0194336678832769,0.0202026255428791,0.0209949370473623,0.0242996644228697,0.0223584324121475,0.0227793008089066,0.0241181626915932,0.021292669698596,0.0222242623567581,0.0217320378869772,0.0247307363897562,0.0246736090630293,0.0225523691624403,0.0213819704949856,0.0254541486501694,0.0252145305275917,0.0234587378799915,0.0256013534963131,0.0242809019982815,0.022972110658884,0.0235005877912045,0.0240253675729036,0.0211336426436901,0.0234036762267351,0.0227949265390635,0.0251431800425053,0.0268664546310902,0.018038809299469,0.0245711486786604,0.0229252260178328,
715.0,0.0213293824344873,0.0227877292782068,0.0240677446126938,0.0241198353469372,0.0236734207719564,0.0263271126896143,0.0252817254513502,0.024065837264061,0.0242238380014896,0.0226730927824974,0.0257448777556419,0.0249804127961397,0.0245196614414454,0.0226450804620981,0.0218436550348997,0.0191235598176718,0.0256721451878548,0.0229920893907547,0.0192449185997248,0.0200417134910822,0.0209550354629755,0.0240973494946957,0.0222945511341095,0.0225820951163769,0.0238991044461727,0.0210897680372,0.0220193509012461,0.0215542949736118,0.0246677529066801,0.02448052726686,0.0224518422037363,0.0212222579866648,0.0252085812389851,0.0250125154852867,0.0232828669250011,0.0253800749778748,0.0241036769002676,0.0228257365524769,0.0234751421958208,0.0238742902874947,0.0209905635565519,0.0232411120086908,0.0227121487259865,0.0250422898679972,0.0266676433384418,0.0179938469082117,0.0244220625609159,0.0227030832320452,
716.0,0.0205944497138262,0.022023843601346,0.0233523901551962,0.0234242640435696,0.0230380017310381,0.0256299842149019,0.0245357993990183,0.0233159158378839,0.0234882701188326,0.0219065379351377,0.0250292103737593,0.02422995865345,0.0237230379134417,0.0218601375818253,0.0211222097277641,0.0184818562120199,0.0249077342450619,0.0222475472837687,0.0186070259660482,0.0194093585014343,0.0204174928367138,0.0233311727643013,0.0217049680650234,0.0218580365180969,0.0231155566871166,0.0204095412045717,0.021304052323103,0.0208682157099247,0.0240172743797302,0.0237134825438261,0.021818196401,0.0205596145242453,0.0243839919567108,0.024229109287262,0.0225615166127682,0.0245654508471489,0.0233537591993809,0.0221461188048124,0.0228876173496246,0.0231599975377321,0.0203563012182713,0.0225346796214581,0.0221002325415611,0.0243607964366674,0.0258472319692373,0.0175224002450705,0.0237001609057188,0.0219526849687099,
717.0,0.0193440578877926,0.0207060817629099,0.0220370981842279,0.0221212022006512,0.0218150112777948,0.0242680702358484,0.0231591779738665,0.0219725407660007,0.0221490934491158,0.0205776728689671,0.0236646253615618,0.0228459965437651,0.0223273988813162,0.0205279905349016,0.0198635533452034,0.0173632521182299,0.0235004182904959,0.0209316276013851,0.0174951907247305,0.0182881392538548,0.0193541366606951,0.0219720136374235,0.0205505415797234,0.0205803159624338,0.0217470284551382,0.0191994365304708,0.0200487300753593,0.0196499116718769,0.0227371286600828,0.0223374385386705,0.0206187199801207,0.0193757694214582,0.0229362528771162,0.022826449945569,0.02126694470644,0.0231209062039852,0.0220097582787275,0.0208946615457535,0.0217096079140902,0.0218601785600185,0.0191944632679224,0.021264623850584,0.0209158398211002,0.0230473354458809,0.024365259334445,0.0165924336761236,0.0223636105656624,0.0206537283957005,
718.0,0.0183500368148088,0.0196470115333796,0.0209982730448246,0.0210931822657585,0.0208544041961432,0.023201672360301,0.0220680311322212,0.020907374098897,0.0210910644382238,0.0195178687572479,0.0225958321243525,0.0217556748539209,0.021214472129941,0.0194627195596695,0.018857778981328,0.0164697468280792,0.0223900023847818,0.0198817402124405,0.0166063699871302,0.0174007061868906,0.0185197852551937,0.020888913422823,0.0196432545781136,0.0195591524243355,0.0206572413444519,0.0182349123060703,0.0190494060516357,0.0186839997768402,0.0217349585145712,0.0212419871240854,0.0196772571653128,0.018433840945363,0.0217776037752628,0.0217119734734297,0.0202440749853849,0.0219726823270321,0.0209430083632469,0.0199054684489965,0.0207950249314308,0.0208302233368158,0.0182795226573944,0.0202616360038519,0.0199883040040731,0.0220131706446409,0.0231877434998751,0.0158719383180141,0.0213063824921846,0.0196153726428747,
719.0,0.0181118529289961,0.019390782341361,0.0208129454404116,0.0209234394133091,0.0207347255200148,0.0230752918869257,0.0218765586614609,0.0206975601613522,0.0208942387253046,0.0192645564675331,0.0224452391266823,0.0215581860393286,0.0209681186825037,0.0191961787641048,0.0186244212090969,0.0162571519613266,0.0221915729343891,0.0196469128131866,0.0164013877511024,0.0172230582684278,0.018431780859828,0.0206592287868261,0.0195314269512892,0.0193354301154613,0.0204126201570034,0.0180195886641741,0.018830981105566,0.0184843968600035,0.0216131322085857,0.0210144482553005,0.0195375829935074,0.0182451196014881,0.0215080231428146,0.0214818399399519,0.0200468953698874,0.0217227730900049,0.0207319427281618,0.0197270512580872,0.0207175966352224,0.0206456743180752,0.0181167647242546,0.0200789589434862,0.0198685079813004,0.0218671262264252,0.0229542683809996,0.0158006530255079,0.0211148057132959,0.019376914948225,
720.0,0.0188343804329634,0.0201761201024055,0.0217298250645399,0.0218650586903095,0.0217183902859688,0.0241753458976746,0.0228558909147978,0.0215918403118849,0.0218070652335882,0.0200399849563837,0.0234817713499069,0.0225027669221163,0.0218399837613106,0.0199523661285639,0.0193851199001074,0.016915075480938,0.0231670662760735,0.0204605776816607,0.0170783195644617,0.0179592873901129,0.019328722730279,0.0215337239205837,0.020461181178689,0.0201454553753138,0.0212541650980711,0.0187647603452206,0.0196180026978254,0.0192695464938879,0.0226354971528053,0.0219068489968777,0.0204338245093822,0.0190336368978024,0.0223839245736599,0.0223905090242624,0.020910469815135,0.0226229950785637,0.0216275006532669,0.0205949358642101,0.0217331182211638,0.0215615704655647,0.0189185217022896,0.020957050845027,0.0207971334457397,0.022877736017108,0.0239409357309341,0.0165676102042198,0.0220391098409891,0.0201721135526896,
721.0,0.0201651640236378,0.0216249860823154,0.0233696084469557,0.0235335007309914,0.023414246737957,0.0260708387941122,0.0245864931493998,0.0231944210827351,0.0234522931277752,0.0214774888008833,0.0252981726080179,0.0241884421557188,0.0234303195029497,0.0213705264031887,0.0207847002893686,0.0181249473243952,0.0249088946729898,0.0219485033303499,0.0183186214417219,0.0192897114902735,0.0208679530769587,0.0231170877814293,0.0220620445907116,0.0216139331459999,0.0228017494082451,0.0201302506029606,0.0210484061390162,0.0206956397742033,0.024406224489212,0.0235141441226006,0.0219971239566803,0.0204406045377254,0.0239942148327827,0.0240330100059509,0.0224569123238325,0.0242643915116787,0.0232367143034935,0.0221443213522434,0.0234621874988079,0.0231821164488792,0.0203363802284002,0.0225141439586878,0.0224041156470776,0.0246332157403231,0.0257069393992424,0.0178777854889631,0.0236843060702086,0.0216205194592476,
722.0,0.020924050360918,0.0224584583193064,0.0243440978229046,0.0245275255292654,0.0244474504143,0.0272236820310354,0.0256138686090708,0.0241336785256863,0.0244264379143715,0.0223026107996702,0.0263956040143967,0.025184603407979,0.0243503265082836,0.0221788268536329,0.0215939283370972,0.0188218746334314,0.0259424336254597,0.022815465927124,0.0190330799669027,0.0200737696141005,0.0218118131160736,0.0240422543138266,0.0230332817882299,0.0224691983312368,0.0236982330679893,0.0209206491708755,0.0218776185065508,0.0215295646339655,0.0254805870354176,0.0244477577507496,0.0229336973279715,0.0212650448083878,0.0249266102910042,0.0249940212816,0.023366317152977,0.0252148844301701,0.0241780821233988,0.0230546034872532,0.0245194975286722,0.0241394769400358,0.0211704466491938,0.0234309155493975,0.0233768206089735,0.0256912279874086,0.0267473924905062,0.0186796337366104,0.0246597342193127,0.0224526561796665,
723.0,0.020741606131196,0.0222737193107605,0.024215729907155,0.0244075562804937,0.0243814121931791,0.0271495096385479,0.0254796762019396,0.0239803548902273,0.024285102263093,0.0221133939921856,0.0262984037399292,0.0250387359410524,0.0241664331406355,0.0219790078699589,0.0214236564934254,0.0186690744012594,0.0258007198572159,0.0226504504680634,0.0188828390091658,0.0199498608708382,0.0217709857970476,0.0238786973059177,0.0229655224829912,0.0223105624318123,0.0235172528773546,0.0207623392343521,0.0217149201780558,0.0213824044913054,0.0254027862101793,0.0242739897221327,0.0228365827351809,0.0211307443678379,0.0247343685477972,0.0248268228024244,0.0232242196798325,0.0250261500477791,0.02402064204216,0.0229166261851788,0.0244720466434956,0.0240081548690796,0.0210504084825516,0.0232971869409084,0.0233020819723606,0.0255996640771627,0.0265863221138716,0.0186419896781445,0.0245262086391449,0.0222735889256001,
724.0,0.0202705468982458,0.0217737946659327,0.0237497221678495,0.0239500012248755,0.0239662975072861,0.0266961585730314,0.0249840933829546,0.0234946124255657,0.0237985011190176,0.0216101799160242,0.0258265491575003,0.0245353821665049,0.0236505623906851,0.0214760154485703,0.0209463536739349,0.0182486716657877,0.0252919383347034,0.0221600122749805,0.0184751264750957,0.0195417832583189,0.0214290134608746,0.0233787689357996,0.0225758086889982,0.0218368228524923,0.0230088774114847,0.0203192643821239,0.0212474837899208,0.0209328532218933,0.0249683726578951,0.0237638652324677,0.0224193185567856,0.0207015611231327,0.0241905208677053,0.0243088100105524,0.0227597840130329,0.0244920887053013,0.0235334653407335,0.022472120821476,0.0240906029939651,0.0235513858497143,0.0206513591110706,0.0228495728224516,0.0229036919772625,0.0251570362597704,0.0260473880916834,0.0183444209396839,0.0240473300218582,0.0217903479933739,
725.0,0.0202642641961575,0.0217795949429274,0.0238298904150724,0.0240396074950695,0.0241019167006016,0.0268537122756243,0.0250708665698767,0.0235435012727976,0.0238631796091795,0.0216143205761909,0.0259455759078264,0.0246027670800686,0.0236750785261393,0.0214676707983017,0.0209559015929699,0.0182489305734634,0.0253682676702738,0.0221820678561926,0.0184883940964937,0.01958535797894,0.0215763617306948,0.0234184190630913,0.0227052643895149,0.0218697916716337,0.0230348985642195,0.0203431416302919,0.0212720353156328,0.0209734067320824,0.0251069068908691,0.0238011460751295,0.0225207936018705,0.0207468587905169,0.0242064520716667,0.0243571028113365,0.0228219199925661,0.0245239492505789,0.0235882978886366,0.0225419960916042,0.0242484658956528,0.0236312616616488,0.0207193717360497,0.0229230113327503,0.023031048476696,0.0252865198999643,0.0261115487664938,0.0184701159596443,0.0241244435310364,0.0218060314655304,
726.0,0.0205368120223284,0.0220879781991243,0.0242314320057631,0.0244531910866499,0.0245596077293158,0.0273674223572016,0.0254965964704752,0.0239115841686726,0.0242553409188986,0.0219146646559238,0.0264159888029099,0.0250061843544245,0.0240233354270458,0.0217553358525038,0.0212554056197405,0.0185047015547752,0.0257877372205257,0.0225084125995636,0.0187558215111494,0.0198973249644041,0.0220085084438324,0.0237829685211182,0.0231418907642365,0.0222021825611591,0.0233766920864582,0.0206471383571625,0.0215930268168449,0.0213017836213112,0.0255828071385622,0.0241636075079441,0.0229223780333996,0.0210750810801983,0.024556677788496,0.0247383005917072,0.0231918580830097,0.0248901396989822,0.0239637922495604,0.0229137726128101,0.0247262865304947,0.0240264739841223,0.0210670251399279,0.023305356502533,0.0234646331518888,0.0257490482181311,0.0265306942164898,0.0188433639705181,0.024526396766305,0.0221186149865389,
727.0,0.0207609031349421,0.0223410148173571,0.0245654620230198,0.0248015746474266,0.0249452870339155,0.0278012156486511,0.0258466638624668,0.0242199059575796,0.0245837010443211,0.0221517644822598,0.0268166121095419,0.0253395959734917,0.0243126414716244,0.0219899080693722,0.0214999783784151,0.0187186468392611,0.0261334870010614,0.0227761752903461,0.0189798548817635,0.0201565977185965,0.0223769899457693,0.0240890085697174,0.0235139522701502,0.0224740691483021,0.0236561298370361,0.0209016893059015,0.0218624360859394,0.0215702187269926,0.0259875133633614,0.0244625303894281,0.0232537426054478,0.0213494189083576,0.0248442851006985,0.0250496286898851,0.0234946440905333,0.0251899734139442,0.0242749117314816,0.023222342133522,0.0251388382166624,0.0243564452975988,0.0213634148240089,0.0236261617392302,0.0238288138061762,0.0261365789920092,0.0268766283988953,0.0191619750112295,0.0248568430542946,0.0223757643252611,
728.0,0.0208898615092039,0.022483179345727,0.0247785914689302,0.0250269211828709,0.0252084992825985,0.0281027536839247,0.0260763969272375,0.0244100391864777,0.0247925911098719,0.0222896412014961,0.0270823240280151,0.0255501456558704,0.0244796760380268,0.0221183095127344,0.0216414555907249,0.0188374761492014,0.0263539329171181,0.0229400638490915,0.0191064085811377,0.0203152913600206,0.0226426869630814,0.0242645181715488,0.0237567294389009,0.0226357132196426,0.0238244477659464,0.0210534892976284,0.0220197271555662,0.0217361971735954,0.0262635163962841,0.0246376115828753,0.0234755557030439,0.0215162653476,0.0250085331499577,0.0252374652773142,0.0236819349229336,0.0253701321780682,0.0244635418057442,0.0234184786677361,0.0254224520176649,0.0245727691799402,0.0215484201908112,0.023823618888855,0.0240750946104527,0.0264000184834003,0.0270972196012735,0.0193839129060507,0.0250670183449984,0.0225274711847305,
729.0,0.0211035776883364,0.0227228235453367,0.0250983294099569,0.0253588799387217,0.0255779027938843,0.0285184197127819,0.0264141298830509,0.0247089900076389,0.0251061078161001,0.0225264187902212,0.0274620484560728,0.0258704256266356,0.0247513800859451,0.0223434623330832,0.021876223385334,0.0190381072461605,0.0266878791153431,0.0231994800269604,0.0193190909922123,0.0205619148910046,0.0230045933276415,0.0245498847216368,0.0241068806499243,0.0228947810828686,0.0240923687815666,0.0212964974343777,0.0222686380147934,0.02199736982584,0.0266486350446939,0.0249197613447905,0.0237959939986467,0.0217794179916382,0.0252797678112984,0.0255381613969803,0.0239748675376177,0.025655360892415,0.0247588101774454,0.0237103868275881,0.025809533894062,0.0248924121260643,0.0218298174440861,0.0241273064166307,0.0244255624711514,0.0267753023654222,0.0274299550801516,0.0196894984692335,0.0253839176148176,0.0227731131017208,
730.0,0.021484486758709,0.0231461450457573,0.0256189033389091,0.0258907396346331,0.026148397475481,0.0291568487882614,0.0269589964300394,0.0252055246382952,0.0256188809871674,0.0229452587664127,0.0280616823583841,0.0263985823839903,0.0252216979861259,0.0227477662265301,0.022283710539341,0.019392104819417,0.0272313617169857,0.0236408188939095,0.019687756896019,0.0209757946431637,0.0235445611178875,0.0250354818999767,0.0246516447514296,0.0233381595462561,0.0245514195412397,0.02170804515481,0.0226967874914408,0.0224352106451988,0.0272426344454288,0.0254006572067738,0.024305447936058,0.0222188178449869,0.0257541593164206,0.026042839512229,0.0244607031345367,0.0261443126946688,0.0252528358250856,0.0241895895451307,0.0263963006436825,0.0254066232591867,0.0222870763391256,0.0246271137148142,0.0249690841883421,0.0273585170507431,0.0279764998704195,0.0201522596180439,0.0259025916457176,0.0231979470700026,
731.0,0.0220588557422161,0.0237725898623466,0.0263621844351292,0.026644442230463,0.0269432403147221,0.0300493109971285,0.0277390591800213,0.0259155556559563,0.0263553950935602,0.0235659051686525,0.0289070755243301,0.0271580759435892,0.0259125791490078,0.0233497824519873,0.0228819716721773,0.0199152752757072,0.0280052460730076,0.0242879632860422,0.0202228333801031,0.021574929356575,0.0242821648716927,0.0257344674319029,0.0254022106528282,0.0239859391003847,0.0252278614789248,0.0223049800843,0.02332753688097,0.0230682585388422,0.0280704293400049,0.0260988082736731,0.0250279773026705,0.0228483621031046,0.026454471051693,0.0267661549150944,0.0251554548740387,0.026864156126976,0.0259652175009251,0.0248826574534178,0.0272059720009565,0.0261384584009647,0.0229329690337181,0.0253382902592421,0.0257233865559101,0.0281709171831608,0.028764434158802,0.0207881256937981,0.0266449842602015,0.0238253157585859,
732.0,0.0228538773953915,0.0246371403336525,0.0273709613829851,0.0276777427643538,0.0280143935233355,0.031240401789546,0.02880341373384,0.0268860384821892,0.0273628309369087,0.024425158277154,0.0300332196056843,0.0281865410506725,0.0268661603331566,0.0241950191557407,0.0237189084291458,0.0206451881676912,0.029066251590848,0.0251784715801477,0.0209598578512669,0.0223827697336674,0.0252653565257788,0.0266983136534691,0.0264134705066681,0.024870689958334,0.0261673908680677,0.0231353081762791,0.0241944640874863,0.0239355582743883,0.0291799008846283,0.0270650815218687,0.0259979125112295,0.0237045083194971,0.0274206232279539,0.0277554839849472,0.0261031333357096,0.0278481990098953,0.026945561170578,0.0258296020328999,0.0282872039824724,0.0271329674869776,0.0238108467310667,0.0262999888509512,0.0267327278852463,0.02926279976964,0.0298441089689732,0.0216310322284698,0.02764674089849,0.0246987044811249,
733.0,0.0236298218369484,0.025476424023509,0.0283556003123522,0.0286779329180717,0.0290498491376638,0.0323944017291069,0.02983383461833,0.0278266258537769,0.0283367391675711,0.0252557061612606,0.0311282984912395,0.0291802957653999,0.0277926754206419,0.025012319907546,0.0245282407850027,0.0213506035506725,0.0300949960947037,0.0260504949837923,0.0216755643486977,0.0231695249676704,0.0262215249240398,0.0276360847055912,0.0273943655192852,0.0257305018603802,0.0270776227116585,0.0239437818527222,0.0250382218509912,0.0247767213732004,0.0302582513540983,0.0280017908662558,0.0269408728927374,0.0245372354984283,0.0283588878810406,0.0287186000496149,0.0270231124013662,0.0288061760365963,0.0278966557234526,0.0267460625618696,0.0293339360505342,0.0281027313321829,0.0246654320508242,0.0272352322936058,0.0277174133807421,0.0303261000663042,0.0308942124247551,0.0224551428109407,0.0286246240139008,0.0255445875227451,
734.0,0.0241679269820452,0.0260596349835396,0.0290545225143433,0.029380239546299,0.0297857709228992,0.0332193076610565,0.0305584464222193,0.028484994545579,0.0290200207382441,0.025829141959548,0.0319122187793255,0.0298783108592033,0.0284372009336948,0.0255743414163589,0.0250858254730701,0.0218373313546181,0.0308164022862911,0.026663601398468,0.0221747476607561,0.0237247459590435,0.0269096419215202,0.0282908454537392,0.0280936881899834,0.0263325441628695,0.0277084298431873,0.0245072282850742,0.0256271809339523,0.0253637805581093,0.0310280360281467,0.0286521818488836,0.0276101622730494,0.0251230988651514,0.0290099047124386,0.0293941739946604,0.0276687052100897,0.0294740945100784,0.0285617224872112,0.027386549860239,0.0300800744444132,0.0287888906896114,0.0252695567905903,0.0278960596770048,0.0284232553094625,0.0310870073735714,0.031630665063858,0.0230523776262999,0.0293180570006371,0.026128962635994,
735.0,0.0243222061544657,0.0262436643242836,0.0292964838445187,0.0296323392540216,0.030070248991251,0.0335364528000355,0.0308171715587378,0.0287074688822031,0.0292648915201426,0.0260107759386301,0.0322026312351227,0.0301246345043182,0.0286407880485058,0.0257527995854616,0.0252642054110765,0.0219952445477247,0.031066445633769,0.0268559399992228,0.0223371013998985,0.0239068940281868,0.0271785501390696,0.0285018626600504,0.0283611491322517,0.026528375223279,0.0279124621301889,0.0246887914836407,0.0258126463741064,0.0255561284720898,0.0313136540353298,0.0288627408444881,0.0278455279767513,0.0253186207264662,0.0292108152061701,0.0296145081520081,0.0278864670544863,0.029676977545023,0.0287864841520786,0.0276035610586405,0.0303634889423847,0.0290230829268694,0.0254789888858795,0.0281227678060532,0.0286822225898504,0.0313713289797306,0.0318749137222767,0.0232818555086851,0.0295508429408073,0.0263139847666025,
736.0,0.0244337283074856,0.0263757277280092,0.029478257521987,0.0298186335712671,0.0302817989140749,0.0337783731520176,0.0310053173452616,0.0288650654256344,0.0294413715600967,0.02613758854568,0.0324245616793633,0.0303097497671843,0.0287892669439316,0.0258777476847172,0.0253861844539642,0.0221035033464432,0.0312521196901798,0.0269988663494587,0.0224532075226307,0.0240453574806452,0.0273934211581945,0.0286605712026358,0.0285692512989044,0.0266712699085474,0.0280602537095547,0.0248225927352905,0.0259488187730312,0.0257009230554104,0.0315338894724846,0.0290178693830967,0.0280301626771688,0.0254649296402931,0.0293581373989582,0.0297774970531464,0.0280482582747936,0.0298310294747353,0.0289516728371382,0.0277668721973896,0.0305783879011869,0.0291987955570221,0.0256420504301786,0.0282967872917652,0.0288820397108793,0.0315827466547489,0.0320564731955528,0.0234643593430519,0.0297314003109932,0.0264460500329733,
737.0,0.0245647691190243,0.0265259388834238,0.0296780057251453,0.0300205573439598,0.0305090080946684,0.0340340584516525,0.0312115177512169,0.0290402546525002,0.0296325068920851,0.0262788888067007,0.0326591730117798,0.0305054988712072,0.028953904286027,0.0260150711983442,0.0255246628075838,0.022225009277463,0.031450979411602,0.0271585304290056,0.0225780885666609,0.0242000091820955,0.0276204477995634,0.0288349147886038,0.0287880823016167,0.0268298834562302,0.0282287765294313,0.0249742083251476,0.0261081624776125,0.0258620753884315,0.0317712649703026,0.029189245775342,0.0282281432300806,0.0256264638155699,0.0295258387923241,0.0299612656235695,0.0282270777970552,0.0300075449049473,0.0291315950453281,0.0279429107904434,0.0308062918484211,0.0293949395418167,0.025818757712841,0.0284862443804741,0.0290983319282532,0.03180892765522,0.0322577692568302,0.0236587431281805,0.0299246031790972,0.0265932884067297,
738.0,0.0247026719152927,0.0266839358955622,0.0298843253403902,0.0302308686077595,0.0307473354041576,0.0342941544950008,0.0314284302294254,0.0292271934449673,0.0298350714147091,0.0264284498989582,0.0328950844705105,0.030700821429491,0.029122905805707,0.0261566862463951,0.0256750918924809,0.022355830296874,0.0316522754728794,0.02732078358531,0.0227043535560369,0.0243567619472742,0.0278463717550039,0.0290109384804964,0.02900680154562,0.0269933417439461,0.0284070763736963,0.0251323711127043,0.0262784007936716,0.0260276086628437,0.0320137143135071,0.0293639078736305,0.0284234099090099,0.0257915239781141,0.0296992529183626,0.0301514882594347,0.0284110754728317,0.0301869325339794,0.0293168537318707,0.0281196571886539,0.031037449836731,0.0295991245657206,0.0259946268051863,0.0286765489727259,0.0293185841292143,0.0320410914719105,0.0324655212461948,0.0238529089838266,0.030113635584712,0.0267470311373472,
739.0,0.0247970651835203,0.0267881061881781,0.030033640563488,0.0303861722350121,0.0309200435876846,0.0344898141920567,0.0315770581364632,0.0293579939752817,0.0299885589629412,0.0265366639941931,0.0330737829208374,0.0308478157967329,0.0292454063892365,0.0262520685791969,0.0257772356271744,0.0224437434226274,0.0318021364510059,0.027433117851615,0.022794097661972,0.0244603212922812,0.0280191991478205,0.0291425734758377,0.0291750635951757,0.027104988694191,0.0285241678357124,0.0252388305962086,0.0263888537883759,0.0261479467153549,0.0321943201124668,0.0294854436069727,0.02856838516891,0.0259064678102732,0.029816098511219,0.0302751995623112,0.0285372734069824,0.0303066726773977,0.0294545572251081,0.0282513685524464,0.0312034990638494,0.0297412499785423,0.0261220540851355,0.0288133434951305,0.0294779017567635,0.0322008021175861,0.0326146185398102,0.0239967033267021,0.0302583202719688,0.0268570482730865,
740.0,0.0249360166490078,0.0269425101578236,0.0302346404641867,0.0305899120867252,0.0311393495649099,0.0347369499504566,0.0317809917032719,0.0295341853052378,0.0301843080669641,0.0266905091702938,0.0333054102957249,0.0310444664210081,0.0294188242405653,0.0263962931931019,0.0259225331246853,0.0225725751370192,0.0319971032440662,0.0275955740362406,0.0229280218482018,0.024611234664917,0.0282358285039663,0.0293212942779064,0.0293833073228598,0.027265777811408,0.0286964606493711,0.0253914836794138,0.0265470556914806,0.0263135880231857,0.0324264280498028,0.0296554584056139,0.0287646874785423,0.026067852973938,0.0299799926578999,0.0304537490010262,0.0287166479974985,0.030476501211524,0.0296364929527044,0.0284282211214304,0.0314198359847069,0.0299325026571751,0.0262966528534889,0.029000798240304,0.0296864826232195,0.0324186310172081,0.0328148938715458,0.0241854172199965,0.0304525699466467,0.0270139202475548,
741.0,0.0251313075423241,0.0271628461778164,0.0305021330714226,0.0308586154133081,0.0314271524548531,0.0350584983825684,0.0320581570267677,0.0297742336988449,0.0304408706724644,0.0269011128693819,0.0336058400571346,0.031308725476265,0.0296564679592848,0.0266021508723497,0.0261257737874985,0.0227537229657173,0.0322634056210518,0.0278217457234859,0.0231133047491312,0.0248222257941961,0.0285120327025652,0.029563307762146,0.029654847458005,0.0274898931384087,0.0289365034550428,0.0256052762269974,0.0267697386443615,0.0265391394495964,0.0327314957976341,0.0298958364874125,0.0290236324071884,0.0262892488390207,0.0302138142287731,0.0307049695402384,0.0289621986448765,0.030717246234417,0.0298836417496204,0.0286674369126558,0.0317027494311333,0.0301900785416365,0.0265292320400476,0.0292530711740255,0.0299606453627348,0.0327098220586777,0.0330872423946857,0.0244285520166159,0.0307096317410469,0.0272309649735689,
742.0,0.0253672953695059,0.0274298600852489,0.0308163296431303,0.0311765968799591,0.0317685715854168,0.0354391150176525,0.032386776059866,0.0300653949379921,0.0307494960725307,0.0271533187478781,0.0339566245675087,0.0316259898245335,0.0299405734986067,0.0268517583608627,0.0263728424906731,0.0229714792221785,0.0325938500463963,0.0280921570956707,0.0233309026807547,0.0250724870711565,0.0288321971893311,0.0298552345484495,0.0299823582172394,0.0277583729475737,0.0292197428643703,0.0258621089160442,0.0270375516265631,0.0268085468560457,0.0330918245017529,0.0301937405019999,0.0293237436562777,0.0265528615564108,0.0305063482373953,0.0310063324868679,0.029250729829073,0.031013360247016,0.030185816809535,0.0289561655372381,0.0320315025746822,0.0304953940212727,0.0267998557537794,0.0295504201203585,0.0302806533873081,0.033047404140234,0.0334167741239071,0.0247037820518017,0.0310129839926958,0.0274918023496866,
743.0,0.0256686378270388,0.0277543254196644,0.0312022659927607,0.0315708369016647,0.0321748182177544,0.0358926542103291,0.0327893234789371,0.0304333437234163,0.0311384852975607,0.0274779386818409,0.0343894697725773,0.0320116877555847,0.0302962847054005,0.0271664001047611,0.0266830492764711,0.0232421532273293,0.0329889133572578,0.0284238755702972,0.0236019510775805,0.0253759697079659,0.029214994981885,0.0302166379988194,0.0303708054125309,0.0280885193496943,0.0295726172626019,0.0261708963662386,0.0273586958646774,0.027131836861372,0.033510971814394,0.0305544175207615,0.0296911057084799,0.0268776882439852,0.0308684855699539,0.0313715524971485,0.0296031162142754,0.0313770920038223,0.0305485855787992,0.0293072313070297,0.0324299894273281,0.0308672841638327,0.0271324440836906,0.0299139674752951,0.0306638069450855,0.0334561541676521,0.033820066601038,0.0250273924320936,0.0313897989690304,0.0278134141117334,
744.0,0.0258953794836998,0.0280016381293535,0.0314970053732395,0.0318683832883835,0.0324902310967445,0.036240853369236,0.033097006380558,0.0307056475430727,0.0314303897321224,0.0277234744280577,0.0347216129302979,0.0323051027953625,0.0305632557719946,0.0274019781500101,0.0269155260175467,0.0234440714120865,0.0332842878997326,0.0286753345280886,0.0238065384328365,0.0256057679653168,0.0295109879225492,0.0304886642843485,0.0306623820215464,0.0283378977328539,0.0298402328044176,0.0264057125896215,0.0276024453341961,0.027375465258956,0.0338339731097221,0.0308244153857231,0.0299696773290634,0.027120977640152,0.0311393495649099,0.031650822609663,0.0298750624060631,0.0316492989659309,0.0308235473930836,0.0295714419335127,0.032730046659708,0.0311560705304146,0.027383716776967,0.0301914773881435,0.0309605281800032,0.0337722897529602,0.0341259799897671,0.0252744294703007,0.0316802375018597,0.0280556082725525,
745.0,0.0260367877781391,0.0281625222414732,0.0316884070634842,0.0320566780865192,0.0326982624828815,0.0364713370800018,0.0332937836647034,0.0308715626597404,0.0316115245223045,0.0278751850128174,0.0349361002445221,0.0324932895600796,0.0307303108274937,0.0275490321218967,0.0270594675093889,0.0235702395439148,0.0334694683551788,0.0288361068814993,0.0239367503672838,0.02575390227139,0.0297063998878002,0.0306626446545124,0.0308514405041933,0.0284952092915773,0.0300109405070543,0.0265594031661749,0.02776132337749,0.027532447129488,0.0340502671897411,0.0309939347207546,0.0301473625004292,0.0272733680903912,0.0313061848282814,0.0318295732140541,0.0300502087920904,0.031820010393858,0.0310004036873579,0.0297372359782457,0.0329192206263542,0.0313435420393944,0.0275425892323256,0.0303695481270552,0.03115638718009,0.0339784286916256,0.034320991486311,0.0254366602748632,0.0318691767752171,0.0282092820852995,
746.0,0.0261890888214111,0.0283308979123831,0.0318891331553459,0.0322564989328384,0.0328995250165462,0.0367083363234997,0.0334917679429054,0.0310540683567524,0.0318049043416977,0.0280336961150169,0.0351551249623299,0.0326865091919899,0.0309101305902004,0.0277091804891825,0.0272125508636236,0.0237083733081818,0.0336617156863213,0.0290045365691185,0.0240767728537321,0.0259102508425713,0.0299009922891855,0.0308529213070869,0.0310561768710613,0.0286582317203283,0.0301920380443335,0.0267221294343472,0.0279289875179529,0.02769960090518,0.0342683531343937,0.0311718620359898,0.0303318053483963,0.027436088770628,0.0314792767167091,0.03200638666749,0.0302201192826033,0.0320019237697124,0.0311828125268221,0.0299075469374657,0.033114492893219,0.031522911041975,0.0277081318199635,0.0305508021265268,0.0313497260212898,0.0341800898313522,0.0345222838222981,0.0256023444235325,0.0320619158446789,0.0283733773976564,
747.0,0.0262838341295719,0.0284424982964993,0.0320232920348644,0.0323948711156845,0.0330460593104362,0.036867018789053,0.033631619066,0.0311730988323689,0.0319401696324348,0.0281485207378864,0.0353127643465996,0.032824419438839,0.0310343373566866,0.027812035754323,0.0273209735751152,0.0238039344549179,0.0338038690388203,0.0291207898408175,0.0241633057594299,0.026013245806098,0.0300409533083439,0.0309752505272627,0.0311923008412123,0.0287687908858061,0.0303160808980465,0.0268309619277716,0.0280427355319262,0.0278118159621954,0.0344218239188194,0.0312937386333942,0.0304568652063608,0.0275487974286079,0.031592421233654,0.0321272537112236,0.0303372126072645,0.0321170948445797,0.0313050411641598,0.0300234369933605,0.0332461558282375,0.0316508151590824,0.0278218779712915,0.0306773390620947,0.0314806029200554,0.0343173407018185,0.0346556566655636,0.0257163289934397,0.0321864262223244,0.0284799691289663,
748.0,0.0263045877218246,0.0284721367061138,0.0320629701018333,0.0324357263743877,0.0330981723964214,0.0369151942431927,0.0336737595498562,0.0312000531703234,0.0319833420217037,0.0281807519495487,0.0353643521666527,0.0328663215041161,0.0310631264001131,0.027833241969347,0.0273441318422556,0.0238260235637426,0.0338421277701855,0.0291477032005787,0.0241776946932077,0.0260386001318693,0.0300863068550825,0.0309991780668497,0.0312320832163095,0.0287945549935102,0.0303478054702282,0.026857353746891,0.0280697681009769,0.0278397984802723,0.0344708599150181,0.0313236825168133,0.030489606782794,0.0275758244097233,0.0316155925393105,0.0321534648537636,0.0303655844181776,0.0321399085223675,0.0313349701464176,0.0300509296357632,0.0332759991288185,0.0316863097250462,0.0278541799634695,0.0307116787880659,0.0315203107893467,0.0343545600771904,0.0346877761185169,0.0257499050348997,0.0322177410125732,0.0285057350993156,
749.0,0.0262711346149445,0.0284371264278889,0.0320287384092808,0.0323959179222584,0.0330665521323681,0.0368766412138939,0.0336318835616112,0.0311539750546217,0.0319491401314735,0.0281400810927153,0.0353233106434345,0.032824482768774,0.0310131441801786,0.0277922749519348,0.0272934976965189,0.0237869210541248,0.0337866917252541,0.0291013345122337,0.0241387616842985,0.0260027982294559,0.030051838606596,0.0309499651193619,0.0311981812119484,0.0287514682859182,0.0303038321435452,0.0268197152763605,0.028027605265379,0.0278016123920679,0.0344326980412006,0.0312771089375019,0.0304493196308613,0.0275324657559395,0.0315678678452969,0.0321006774902344,0.0303194969892502,0.0320913083851337,0.0312917903065681,0.0300054550170898,0.0332213677465916,0.0316423028707504,0.0278197340667248,0.0306685194373131,0.0314874909818172,0.0343085452914238,0.0346379950642586,0.0257192440330982,0.0321773923933506,0.0284679532051086,
750.0,0.0262477528303862,0.0284128077328205,0.0320068895816803,0.0323685705661774,0.0330419950187206,0.0368517301976681,0.0336014665663242,0.0311174429953098,0.0319220758974552,0.0281129572540522,0.0352923087775707,0.0327922999858856,0.0309861656278372,0.0277677495032549,0.0272625777870417,0.0237633418291807,0.0337524674832821,0.0290791131556034,0.0241140834987164,0.0259785037487745,0.030038746073842,0.0309296771883965,0.0311801508069038,0.028727650642395,0.0302767939865589,0.0268040746450424,0.0280081108212471,0.0277830958366394,0.0344105251133442,0.0312453452497721,0.030432365834713,0.0275113470852375,0.0315388888120651,0.0320696085691452,0.0302922856062651,0.0320531390607357,0.0312697701156139,0.0299767404794693,0.0331820473074913,0.0316198654472828,0.0277980975806713,0.0306423846632242,0.0314695313572884,0.0342748165130615,0.0346001051366329,0.0257072187960148,0.0321492925286293,0.0284373071044683,
751.0,0.0262852255254984,0.0284609999507666,0.0320606119930744,0.0324220210313797,0.0330904796719551,0.0369094051420689,0.0336495004594326,0.031156187877059,0.0319679826498032,0.0281527210026979,0.0353422574698925,0.0328374654054642,0.031029749661684,0.0278033558279276,0.0272989422082901,0.0237961206585169,0.0337971560657024,0.0291239693760872,0.0241437908262014,0.026014095172286,0.0300944000482559,0.0309769362211227,0.0312309022992849,0.02877052500844,0.0303236115723848,0.026847843080759,0.0280533451586962,0.0278293825685978,0.0344679690897465,0.0312934145331383,0.0304784066975117,0.0275527406483889,0.0315833166241646,0.0321136713027954,0.0303360912948847,0.0320968516170979,0.0313141234219074,0.0300162937492132,0.0332178846001625,0.0316650159657002,0.0278387982398272,0.0306927636265755,0.0315205901861191,0.0343201942741871,0.0346459336578846,0.025748124346137,0.032198891043663,0.02847695723176,
752.0,0.0263839568942785,0.0285747498273849,0.0321884043514729,0.03255220875144,0.0332200154662132,0.0370525717735291,0.0337776988744736,0.0312689989805222,0.032090999186039,0.028260750696063,0.0354813896119595,0.0329637639224529,0.0311440136283636,0.027904162183404,0.0274022351950407,0.0238849706947804,0.0339208617806435,0.0292336773127317,0.0242276266217232,0.0261113308370113,0.0302161015570164,0.0310916379094124,0.0313514433801174,0.0288776457309723,0.0304426904767752,0.0269502457231283,0.0281610954552889,0.0279353354126215,0.0346031226217747,0.0314133688807487,0.0305892005562782,0.0276541858911514,0.0316964089870453,0.0322258435189724,0.0304466132074595,0.0322129167616367,0.0314270742237568,0.0301222316920757,0.0333300083875656,0.0317797139286995,0.0279393512755632,0.0308112967759371,0.0316387712955475,0.0344466902315617,0.0347729735076427,0.0258447136729956,0.0323213003575802,0.0285839457064867,
753.0,0.0265124533325434,0.0287130624055862,0.0323489345610142,0.0327127389609814,0.0333925448358059,0.0372369959950447,0.0339440368115902,0.0314137823879719,0.0322529561817646,0.028402166441083,0.0356679074466228,0.0331293717026711,0.0312932357192039,0.02804203517735,0.0275368914008141,0.0240008793771267,0.0340825840830803,0.0293736774474382,0.0243376158177853,0.026239076629281,0.0303664915263653,0.0312407203018665,0.0315056145191193,0.029014028608799,0.0305944550782442,0.0270818695425987,0.0282982904464006,0.0280664432793856,0.034772664308548,0.0315593332052231,0.0307335574179888,0.0277836211025715,0.0318395085632801,0.0323658287525177,0.0305851101875305,0.0323539264500141,0.031575933098793,0.0302584115415812,0.0334767363965511,0.03192999958992,0.0280662644654512,0.0309539437294006,0.0317869819700718,0.034610889852047,0.0349358171224594,0.025970671325922,0.0324731431901455,0.0287192668765783,
754.0,0.0266175474971533,0.0288309138268232,0.0324751846492291,0.0328327938914299,0.0335164219141006,0.0373745337128639,0.0340706296265125,0.031520277261734,0.0323784574866295,0.0285108014941216,0.0358016453683376,0.0332473255693913,0.0314096249639988,0.0281511098146439,0.027634721249342,0.0240921042859554,0.0342077985405922,0.0294846538454294,0.0244244318455458,0.0263368878513575,0.0304825846105814,0.0313584171235561,0.0316253677010536,0.0291240736842155,0.030712503939867,0.0271905958652496,0.0284109618514776,0.0281785484403372,0.0349072068929672,0.0316761545836926,0.030844833701849,0.0278894584625959,0.031962838023901,0.0324873775243759,0.0306948535144329,0.0324734263122082,0.0316925495862961,0.0303672756999731,0.033574640750885,0.0320455245673656,0.0281718987971544,0.0310684535652399,0.0319076292216778,0.034727044403553,0.0350689217448235,0.0260661449283361,0.0325974449515343,0.0288298577070236,
755.0,0.0266726966947317,0.0288948081433773,0.0325441285967827,0.0328981280326843,0.0335788391530514,0.0374431014060974,0.0341362841427326,0.0315755940973759,0.0324421226978302,0.0285681039094925,0.0358718149363995,0.0333085022866726,0.0314715094864368,0.0282070077955723,0.0276826787739992,0.0241394713521004,0.0342677943408489,0.0295431427657604,0.024467496201396,0.02638697065413,0.0305422730743885,0.0314175151288509,0.0316843092441559,0.029179759323597,0.0307729430496693,0.0272467024624348,0.0284637957811356,0.0282333828508854,0.0349763594567776,0.0317370444536209,0.0309037566184998,0.0279428213834763,0.0320233404636383,0.0325439348816872,0.0307502560317516,0.0325299724936485,0.0317558869719505,0.0304221101105213,0.0336156971752644,0.0321045368909836,0.0282229743897915,0.0311313904821873,0.0319685190916061,0.0347804389894009,0.0351292341947556,0.0261092633008957,0.0326564759016037,0.028882022947073,
756.0,0.0266284067183733,0.028853876516223,0.0324969626963139,0.0328508168458939,0.0335247330367565,0.0373789630830288,0.0340812616050243,0.0315223447978497,0.0323926843702793,0.028526471927762,0.0358160175383091,0.0332534499466419,0.0314224101603031,0.0281594078987837,0.0276368614286184,0.0240996442735195,0.034204188734293,0.0294969901442528,0.0244232919067144,0.0263434406369925,0.0304915942251682,0.0313658341765404,0.0316277183592319,0.0291297864168882,0.0307263676077127,0.0272007957100868,0.0284129399806261,0.0281828809529543,0.0349185466766357,0.031686894595623,0.030854444950819,0.0278943721204996,0.0319642387330532,0.032478891313076,0.0306950304657221,0.032467283308506,0.0317079462110996,0.0303665306419134,0.0335424207150936,0.0320488177239895,0.0281708035618067,0.0310798529535532,0.0319108664989471,0.034714724868536,0.0350613705813885,0.0260555446147919,0.0325977988541126,0.0288283154368401,
757.0,0.0262211821973324,0.0284290984272957,0.0320102944970131,0.032359816133976,0.0330208651721478,0.0368131473660469,0.0335672572255135,0.0310397837311029,0.031918078660965,0.0281055998057127,0.0352733507752419,0.0327432900667191,0.0309491734951735,0.0277319774031639,0.0272250212728977,0.023733127862215,0.033684141933918,0.0290557090193033,0.0240514930337667,0.0259453020989895,0.0300290714949369,0.0308990199118853,0.031146178022027,0.0286894608289003,0.0302747879177332,0.0267881974577904,0.0279927775263786,0.0277593582868576,0.0343912839889526,0.0312146954238415,0.0303870588541031,0.02747274748981,0.0314804017543793,0.0319852754473686,0.0302241444587708,0.0319757796823978,0.0312307067215443,0.0298990476876497,0.033015962690115,0.0315580330789089,0.0277449563145638,0.0305960401892662,0.0314209423959255,0.0341874770820141,0.0345375686883926,0.0256518311798573,0.0321136116981506,0.0283944923430681,
758.0,0.0239169504493475,0.0259594134986401,0.0292328260838985,0.0295472703874111,0.0301451943814754,0.0336142927408218,0.0306510291993618,0.0283236876130104,0.0291569419205189,0.0256699193269014,0.0322107709944248,0.0298801455646753,0.0282553136348724,0.025321064516902,0.0248534511774778,0.0216514319181442,0.0307541638612747,0.026537274941802,0.0219576191157103,0.0236821789294481,0.027413334697485,0.0282113961875439,0.0284267142415047,0.0261836536228657,0.0276450756937265,0.0244554579257965,0.0255535561591387,0.0253286194056273,0.0313946641981602,0.02850098349154,0.0277317687869072,0.0250778179615736,0.0287375878542662,0.029196884483099,0.0275783613324165,0.029191043227911,0.0285116508603096,0.0272835399955511,0.0301215369254351,0.028798196464777,0.0253238882869482,0.0279072504490614,0.0286711771041155,0.0312174297869205,0.0315435230731964,0.0234118830412626,0.0293284431099892,0.025912880897522,
759.0,0.0191002618521452,0.020739208906889,0.023356830701232,0.0236062984913588,0.024088067933917,0.02686458081007,0.0244872979819775,0.0226213354617357,0.0232963841408491,0.0205079764127731,0.0257404893636703,0.0238639879971743,0.0225699245929718,0.0202268939465284,0.0198505762964487,0.0172902755439281,0.0245684739202261,0.0211980566382408,0.0175379477441311,0.0189145002514124,0.021909361705184,0.0225381050258875,0.0227137077599764,0.0209156293421984,0.0220822114497423,0.0195358637720346,0.0204069223254919,0.0202263109385967,0.0250841230154037,0.0227692592889071,0.0221499353647232,0.0200295932590961,0.0229566693305969,0.0233234390616417,0.0220247637480497,0.0233187396079302,0.0227713212370873,0.0217870827764273,0.0240577179938555,0.0230056047439575,0.0202246475964785,0.0222905967384577,0.0229039043188095,0.0249447803944349,0.0251987893134356,0.0186997000128031,0.0234320517629385,0.0206965692341328,
760.0,0.0135502154007554,0.0146920774132013,0.0165437795221806,0.0167235303670168,0.0170787032693625,0.0190433599054813,0.0173414722084999,0.0160314105451107,0.0164926182478666,0.0145196532830596,0.0182410329580307,0.0169117636978626,0.0159858446568251,0.014322736300528,0.0140606472268701,0.0122583070769906,0.0174019820988178,0.0150032779201865,0.0124180717393756,0.0134001960977912,0.0155427679419518,0.0159690529108047,0.0161124207079411,0.0148284174501896,0.0156374722719193,0.0138411317020655,0.0144539084285498,0.0143359769135714,0.0177865084260702,0.0161315687000752,0.0157010965049267,0.0141882859170437,0.0162665024399757,0.0165277756750584,0.0156105440109968,0.0165217481553555,0.0161235332489014,0.0154334716498852,0.0170551240444183,0.0163149312138557,0.0143279293552041,0.0158174987882376,0.0162462443113327,0.0176781564950943,0.0178386680781841,0.0132478717714548,0.0166000295430422,0.0146731836721301,
761.0,0.0117055913433433,0.0126719912514091,0.0142699908465147,0.0144242392852902,0.0147315235808492,0.0164196044206619,0.0149511275812984,0.0138271721079946,0.0142165124416351,0.0125195048749447,0.0157377757132053,0.014601482078433,0.0137897627428174,0.0123545620590448,0.0121303107589483,0.0105795208364725,0.0150118581950665,0.0129447095096111,0.0107111809775233,0.0115687251091003,0.013414922170341,0.0137752154842019,0.0139129683375359,0.0128032993525267,0.0134900705888867,0.0119472108781338,0.0124780256301165,0.0123731251806021,0.015362017787993,0.0139201963320374,0.0135599970817566,0.012245281599462,0.0140371089801192,0.014263435266912,0.0134778283536434,0.0142594072967768,0.0139091480523348,0.0133178560063243,0.0147205172106624,0.0140872998163104,0.0123700201511383,0.0136663550511003,0.0140358190983534,0.0152619890868664,0.0153886890038848,0.0114301070570946,0.0143389021977782,0.0126786679029465,
762.0,0.0124384053051472,0.0134707074612379,0.0151578430086374,0.015318744815886,0.0156460013240576,0.0174363851547241,0.0158811304718256,0.0146854780614376,0.0151041736826301,0.013309826143086,0.0167165566235781,0.0155116487294436,0.0146561460569501,0.0131303472444415,0.0128917368128896,0.0112410914152861,0.0159472171217203,0.0137586779892445,0.0113783413544297,0.0122906202450395,0.0142449475824833,0.0146356150507927,0.0147739760577679,0.0135986004024744,0.0143379289656878,0.0126973409205675,0.0132626676931977,0.0131427245214581,0.016317380592227,0.0147964349016547,0.0144039606675506,0.0130073335021734,0.0149195156991482,0.015152401290834,0.0143205756321549,0.0151483314111829,0.0147749967873096,0.0141425672918558,0.0156187089160085,0.0149588398635387,0.0131373107433319,0.0145161328837276,0.0149057516828179,0.0162086896598339,0.0163523573428392,0.0121309701353312,0.0152349937707186,0.0134749952703714,
763.0,0.0140892341732979,0.0152676478028297,0.0171685535460711,0.0173464417457581,0.017712228000164,0.0197387877851725,0.0179855413734913,0.0166287608444691,0.0171092711389065,0.0150837972760201,0.0189269483089447,0.0175640974193811,0.0166052971035242,0.0148744862526655,0.0146027617156506,0.0127332108095288,0.0180547460913658,0.0155858937650919,0.0128861833363771,0.0139162233099341,0.0161218866705894,0.0165783893316984,0.0167196467518806,0.0153990453109145,0.0162437669932842,0.014384544454515,0.0150254871696234,0.0148850725963712,0.0184718929231167,0.0167632456868887,0.016303651034832,0.0147291989997029,0.0169000420719385,0.0171565525233746,0.0162175931036472,0.0171541087329388,0.0167330987751484,0.0160085633397102,0.0176619961857796,0.0169299654662609,0.0148703930899501,0.0164333563297987,0.0168662182986736,0.0183386765420437,0.0185155142098665,0.0137230474501848,0.0172450616955757,0.0152597650885582,
764.0,0.0156146008521318,0.0169134233146906,0.0190167054533958,0.0192079432308674,0.0196018666028976,0.0218408405780792,0.0199114214628935,0.0184101518243551,0.0189429055899382,0.0167028103023767,0.0209510698914528,0.0194523725658655,0.0183888040482998,0.0164710562676191,0.0161669030785561,0.0141048291698098,0.0199805423617363,0.0172584410756826,0.0142700718715787,0.0154098607599735,0.0178407710045576,0.0183592643588781,0.0185064300894737,0.017060287296772,0.0179883390665054,0.0159340873360634,0.0166446976363659,0.0164915751665831,0.0204525254666805,0.0185613799840212,0.0180475916713476,0.0163126830011606,0.0187093839049339,0.0189906693994999,0.0179566144943237,0.0189940836280584,0.0185312665998936,0.0177230630069971,0.0195381417870522,0.0187431015074253,0.0164638701826334,0.0181993003934622,0.0186681430786848,0.0202821251004934,0.0204870235174894,0.0151848653331399,0.0190875977277756,0.0169006902724504,
765.0,0.0181829184293747,0.0196894910186529,0.0221301317214966,0.0223457831889391,0.0228141527622938,0.0254069548100233,0.0231698602437973,0.0214214045554399,0.0220543965697289,0.019446911290288,0.0243715085089207,0.0226338151842356,0.0213978160172701,0.0191808883100748,0.0188150443136692,0.0164204351603985,0.0232469495385885,0.0200887769460678,0.0166098214685917,0.0179334729909897,0.0207446459680796,0.0213617142289877,0.0215209443122149,0.0198452826589346,0.0209393911063671,0.0185442194342613,0.0193662326782942,0.019194558262825,0.023779958486557,0.0215939674526453,0.0209917221218348,0.018979400396347,0.0217636488378048,0.0220785643905401,0.0208722818642855,0.0220864899456501,0.0215592812746763,0.020623380318284,0.0227083973586559,0.0218019131571054,0.0191481430083513,0.021158441901207,0.0217107962816954,0.0235688947141171,0.0238327756524086,0.0176629722118378,0.0221961922943592,0.0196609627455473,
766.0,0.020991250872612,0.0227405652403831,0.0255531314760447,0.0258034635335207,0.0263306647539139,0.029316758736968,0.0267478656023741,0.0247210636734962,0.0254656188189983,0.0224590040743351,0.0281247645616531,0.0261268261820078,0.0247017536312342,0.0221471376717091,0.0217203572392464,0.0189545266330242,0.0268290471285582,0.0231943149119616,0.0191752519458532,0.0206968374550343,0.0239279232919216,0.0246545858681202,0.0248263254761696,0.0228992849588394,0.0241766255348921,0.0214069001376629,0.0223597213625908,0.0221529472619295,0.0274327844381332,0.0249157622456551,0.0242188423871994,0.0219006557017565,0.0251124557107687,0.0254690013825893,0.0240714084357023,0.0254811923950911,0.024885443970561,0.0237976107746363,0.0261756367981434,0.0251502655446529,0.0220918618142605,0.0244051143527031,0.0250354129821062,0.0271804053336382,0.0274989549070597,0.0203784294426441,0.0256073623895645,0.0226883422583342,
767.0,0.02345453761518,0.0254244077950716,0.0285650566220284,0.028846712782979,0.0294127948582172,0.0327498838305473,0.0298951547592878,0.0276183839887381,0.0284617114812136,0.0251076072454453,0.0314247347414494,0.0291951522231102,0.027608685195446,0.0247531365603209,0.0242739859968424,0.0211782231926918,0.0299719367176294,0.0259218234568834,0.0214249733835459,0.0231209769845009,0.0267215166240931,0.02755032107234,0.0277261380106211,0.0255839414894581,0.0270191039890051,0.0239217765629292,0.0249939132481813,0.0247517246752977,0.0306436754763126,0.0278349630534649,0.027050981298089,0.0244668889790773,0.0280550960451365,0.0284483563154936,0.0268863532692194,0.0284634251147509,0.0278125945478678,0.0265839118510485,0.0292142555117607,0.0280902944505215,0.0246798451989889,0.0272595472633839,0.0279498305171728,0.0303488820791245,0.0307174734771252,0.0227574985474348,0.0286020915955305,0.0253463480621576,
768.0,0.0251600202172995,0.0272786226123571,0.0306449476629496,0.0309398490935564,0.0315413475036621,0.0351237505674362,0.032073799520731,0.0296221170574427,0.030536076053977,0.026942590251565,0.0337095484137535,0.0313104502856731,0.0296220127493143,0.026564983651042,0.0260419268161058,0.0227184947580099,0.0321395099163055,0.0278061348944902,0.0229743905365467,0.0247961990535259,0.0286487061530352,0.0295572821050882,0.0297234933823347,0.0274411123245955,0.0289825163781643,0.0256596747785807,0.0268103815615177,0.0265542045235634,0.0328589379787445,0.029860058799386,0.0290051642805338,0.0262443274259567,0.0300913043320179,0.0305022746324539,0.0288347713649273,0.0305183008313179,0.0298377815634012,0.0285144541412592,0.0313110314309597,0.0301268752664328,0.0264711193740368,0.0292310919612646,0.0299672614783049,0.032521590590477,0.0329443737864494,0.0243938211351633,0.0306658558547497,0.0271793268620968,
769.0,0.0261139813810587,0.0283203925937414,0.0318075940012932,0.0321089178323746,0.0327290073037148,0.0364448428153992,0.0332862660288811,0.0307357273995876,0.0316954478621483,0.0279725342988968,0.0349873341619968,0.032498225569725,0.0307502560317516,0.0275773126631975,0.0270301885902882,0.0235852301120758,0.0333501249551773,0.028865922242403,0.0238458756357431,0.0257338676601648,0.0297224298119545,0.0306785143911839,0.0308396965265274,0.0284834410995245,0.0300891138613224,0.0266331806778908,0.02782510407269,0.0275593046098948,0.034090269356966,0.0309938229620457,0.0300952084362507,0.0272388402372599,0.0312259532511234,0.0316435731947422,0.0299149937927723,0.0316654480993748,0.0309658199548721,0.0295861847698689,0.0324654020369053,0.0312576293945313,0.0274640321731567,0.0303269531577826,0.0310862306505442,0.0337273813784122,0.0341838672757149,0.0253060478717089,0.0318220146000385,0.028206953778863,
770.0,0.0266214124858379,0.0288725607097149,0.0324194617569447,0.032726563513279,0.0333510190248489,0.0371295511722565,0.0339181125164032,0.0313157066702843,0.0323060676455498,0.0285119768232107,0.0356509350240231,0.0331201702356339,0.0313382372260094,0.0281092021614313,0.0275482032448053,0.0240401942282915,0.0339836552739143,0.0294249877333641,0.0243036635220051,0.0262286458164454,0.030280202627182,0.0312624275684357,0.0314222127199173,0.0290286615490913,0.030672425404191,0.0271497964859009,0.0283613707870245,0.0280877184122801,0.0347338579595089,0.0315881073474884,0.0306625626981258,0.027758926153183,0.0318156406283379,0.0322391428053379,0.0304754674434662,0.0322661213576794,0.031553577631712,0.030143741518259,0.03305559232831,0.0318482033908367,0.027982447296381,0.030899403616786,0.0316665470600128,0.0343542881309986,0.0348280556499958,0.0257773026823998,0.0324241891503334,0.0287459511309862,
771.0,0.0269044786691666,0.0291769448667765,0.0327538922429085,0.0330620631575584,0.0336855463683605,0.0374917201697826,0.0342583991587162,0.0316272638738155,0.0326390452682972,0.0288041904568672,0.0360039845108986,0.033452358096838,0.0316525958478451,0.0283995866775513,0.0278282687067986,0.0242830291390419,0.0343223325908184,0.0297261420637369,0.0245467368513346,0.026495398953557,0.0305750444531441,0.0315751247107983,0.0317327827215195,0.0293206721544266,0.0309875514358282,0.0274326615035534,0.0286571681499481,0.0283766686916351,0.0350827611982822,0.0319087766110897,0.030966566875577,0.0280378852039576,0.0321330614387989,0.0325586311519146,0.0307738203555346,0.0325898602604866,0.0318702533841133,0.0304433926939964,0.0333630070090294,0.0321675166487694,0.0282622594386339,0.0312073286622763,0.0319758728146553,0.0346865728497505,0.0351722128689289,0.0260228868573904,0.0327440202236176,0.02903663367033,
772.0,0.0270799081772566,0.0293690990656614,0.0329622812569141,0.0332566685974598,0.03388537093997,0.0377092026174068,0.0344685353338718,0.0318162702023983,0.0328423529863358,0.0289934780448675,0.0362263172864914,0.0336560346186161,0.0318521186709404,0.0285813417285681,0.0280007440596819,0.0244302451610565,0.0345223173499107,0.0299071818590164,0.024689419195056,0.0266492292284966,0.0307494793087244,0.0317710861563683,0.0319202393293381,0.0295026376843452,0.0311838500201702,0.0275996085256338,0.0288408193737268,0.0285547114908695,0.0352962426841259,0.0321070626378059,0.0311558321118355,0.0282086953520775,0.0323359221220016,0.0327472165226936,0.0309502482414246,0.032786350697279,0.0320679396390915,0.0306254364550114,0.0335420779883862,0.0323598235845566,0.0284274760633707,0.031390056014061,0.0321611948311329,0.0348773263394833,0.0353830233216286,0.0261674858629704,0.0329418666660786,0.0292172972112894,
773.0,0.0271883886307478,0.0294954665005207,0.0330932512879372,0.0333842113614082,0.0340096205472946,0.0378442369401455,0.0346010103821754,0.0319317281246185,0.0329701863229275,0.0291151832789183,0.0363627709448338,0.0337856262922287,0.031986016780138,0.0286974012851715,0.0281078815460205,0.0245250687003136,0.0346458815038204,0.0300313998013735,0.0247851852327585,0.026752907782793,0.0308594778180122,0.0318996459245682,0.0320378951728344,0.0296157244592905,0.0313082635402679,0.0277112741023302,0.0289568863809109,0.028663769364357,0.0354269929230213,0.0322342365980148,0.0312684252858162,0.0283145103603601,0.032459668815136,0.0328612439334393,0.0310610458254814,0.0329040177166462,0.0321919694542885,0.030733622610569,0.0336418934166431,0.0324786677956581,0.028528006747365,0.031503539532423,0.0322709679603577,0.0349943451583385,0.0355161242187023,0.0262518581002951,0.0330689810216427,0.0293307602405548,
774.0,0.0272637940943241,0.0295805931091309,0.0331787876784801,0.0334696583449841,0.0340904146432877,0.0379268862307072,0.0346841178834438,0.0320075564086437,0.0330567471683025,0.0291953887790442,0.0364492498338223,0.0338718108832836,0.0320732817053795,0.0287759955972433,0.028181528672576,0.0245933700352907,0.034727793186903,0.0301154013723135,0.0248494204133749,0.0268238093703985,0.0309294518083334,0.0319811552762985,0.0321096628904343,0.0296882521361113,0.0313917994499207,0.0277862511575222,0.0290328878909349,0.0287335887551308,0.0355065241456032,0.032316192984581,0.031337421387434,0.0283839832991362,0.0325402803719044,0.0329324305057526,0.0311309434473515,0.0329796262085438,0.032271109521389,0.0308013763278723,0.0336961410939693,0.0325519070029259,0.028592286631465,0.0315774753689766,0.0323391407728195,0.0350625440478325,0.0355969592928886,0.0263039506971836,0.0331503562629223,0.0294081885367632,
775.0,0.0273375269025564,0.0296558160334826,0.033256221562624,0.0335443057119846,0.0341628044843674,0.0379979498684406,0.0347558595240116,0.0320779159665108,0.0331374183297157,0.0292675420641899,0.036527507007122,0.0339484103024006,0.0321441702544689,0.0288477540016174,0.0282521303743124,0.0246582888066769,0.0348033010959625,0.0301839523017406,0.024902256205678,0.0268835537135601,0.0309896692633629,0.0320486389100552,0.0321690738201141,0.0297545436769724,0.0314681604504585,0.0278499163687229,0.0291013568639755,0.028797609731555,0.0355759561061859,0.0323874615132809,0.0314008072018623,0.0284480415284634,0.0326146967709064,0.0329966023564339,0.0311914775520563,0.0330505482852459,0.0323410332202911,0.0308641735464334,0.033743716776371,0.0326157473027706,0.0286498721688986,0.0316447727382183,0.032400943338871,0.0351168736815453,0.035663228482008,0.0263521261513233,0.0332184061408043,0.0294800717383623,
776.0,0.0274482052773237,0.0297797806560993,0.0333876498043537,0.033674705773592,0.0342858880758286,0.0381379872560501,0.0348887369036675,0.0321928337216377,0.03326665610075,0.0293898843228817,0.0366643108427525,0.0340727902948856,0.0322666615247726,0.0289612039923668,0.0283607412129641,0.0247522611171007,0.0349283032119274,0.0302982144057751,0.0249905381351709,0.0269822794944048,0.0310995224863291,0.0321748517453671,0.0322844125330448,0.0298729240894318,0.0315909758210182,0.027959642931819,0.0292175523936749,0.0289085265249014,0.0357100181281567,0.0325147993862629,0.0315169729292393,0.0285553988069296,0.0327326431870461,0.0331144109368324,0.0313048027455807,0.0331699140369892,0.0324644818902016,0.0309743192046881,0.0338481180369854,0.032738234847784,0.0287479516118765,0.0317619144916534,0.0325087979435921,0.0352321937680244,0.035793125629425,0.0264384932816029,0.0333363451063633,0.0295892097055912,
777.0,0.027501966804266,0.0298360139131546,0.0334449633955956,0.033730011433363,0.0343354716897011,0.0381883904337883,0.0349422283470631,0.0322387255728245,0.0333218760788441,0.0294499546289444,0.0367196835577488,0.0341264717280865,0.0323243662714958,0.029016712680459,0.0284099075943232,0.0247936341911554,0.0349768623709679,0.0303515922278166,0.0250312015414238,0.0270269587635994,0.031139774248004,0.0322277247905731,0.0323287695646286,0.0299196727573872,0.0316451676189899,0.0280076935887337,0.0292705409228802,0.0289559625089169,0.0357632040977478,0.0325724221765995,0.0315627455711365,0.0286006070673466,0.0327848680317402,0.0331605039536953,0.0313488729298115,0.0332181826233864,0.032515000551939,0.0310219582170248,0.0338755212724209,0.0327848866581917,0.0287830419838429,0.0318057760596275,0.0325544774532318,0.0352742485702038,0.035844624042511,0.0264652818441391,0.0333873443305492,0.0296433959156275,
778.0,0.0275231525301933,0.0298576634377241,0.0334642194211483,0.0337430723011494,0.0343431569635868,0.0381879173219204,0.0349500887095928,0.0322454683482647,0.0333336368203163,0.0294678993523121,0.0367284491658211,0.0341416969895363,0.0323433727025986,0.029035247862339,0.0284256264567375,0.0248080026358366,0.034985039383173,0.0303693525493145,0.0250451192259789,0.0270396862179041,0.0311393868178129,0.0322410576045513,0.0323313623666763,0.0299300849437714,0.0316624864935875,0.0280238725244999,0.0292864758521318,0.0289699081331491,0.0357701331377029,0.0325877070426941,0.0315694697201252,0.0286095049232244,0.0327997766435146,0.0331649966537952,0.031351912766695,0.0332262925803661,0.0325237847864628,0.0310273747891188,0.0338606834411621,0.0327902734279633,0.0287857465445995,0.0318106971681118,0.0325601100921631,0.035270418971777,0.0358508378267288,0.0264580398797989,0.0333994477987289,0.0296626128256321,
779.0,0.027561204507947,0.0299050118774176,0.0335099883377552,0.0337798334658146,0.0343737676739693,0.0382156260311604,0.0349818952381611,0.0322730429470539,0.0333668813109398,0.029498552903533,0.0367615260183811,0.0341797359287739,0.032381035387516,0.0290675032883883,0.0284593906253576,0.0248409379273653,0.0350195355713367,0.0304055251181126,0.0250736698508263,0.0270677804946899,0.0311594977974892,0.0322806760668755,0.0323548056185246,0.0299681089818478,0.0317036807537079,0.0280632711946964,0.0293214395642281,0.0290066450834274,0.0358023978769779,0.0326221473515034,0.0316000878810883,0.0286367386579514,0.0328349992632866,0.0331912711262703,0.0313751026988029,0.0332566760480404,0.03255520388484,0.0310448277741671,0.0338718295097351,0.0328213758766651,0.0288125462830067,0.0318419188261032,0.0325791426002979,0.0352855361998081,0.0358817502856255,0.0264684297144413,0.0334315188229084,0.0296940486878157,
780.0,0.0276295132935047,0.0299789812415838,0.0335767716169357,0.0338516719639301,0.034445907920599,0.0382852144539356,0.0350501015782356,0.0323365032672882,0.0334456972777843,0.0295778717845678,0.0368329733610153,0.0342467352747917,0.0324562564492226,0.029140830039978,0.0285221189260483,0.0248966198414564,0.035085666924715,0.0304781012237072,0.0251226257532835,0.0271272864192724,0.0312190800905228,0.0323533490300179,0.0324157923460007,0.030033415183425,0.0317783355712891,0.0281283035874367,0.0293931439518929,0.0290690790861845,0.0358730778098106,0.0326963923871517,0.0316678658127785,0.0287003852427006,0.0329067334532738,0.0332563892006874,0.0314377509057522,0.0333245359361172,0.0326248668134212,0.0311085525900126,0.0339193567633629,0.0328828431665897,0.0288719441741705,0.0319094806909561,0.0326368547976017,0.0353464260697365,0.0359541736543179,0.026510514318943,0.0334994047880173,0.0297613926231861,
781.0,0.0277017112821341,0.030059851706028,0.0336543135344982,0.0339290127158165,0.0345212109386921,0.0383686050772667,0.0351324267685413,0.0324071533977985,0.0335321538150311,0.0296572297811508,0.0369162857532501,0.0343236364424229,0.0325366295874119,0.0292193274945021,0.0285946559160948,0.0249557048082352,0.0351615771651268,0.0305550135672092,0.02517662756145,0.0271881967782974,0.0312819108366966,0.0324305109679699,0.0324824564158916,0.0301055852323771,0.0318592488765717,0.0281939227133989,0.0294685531407595,0.0291376709938049,0.035952664911747,0.0327763222157955,0.0317348353564739,0.0287663079798222,0.0329848974943161,0.0333276689052582,0.03150475025177,0.0333995744585991,0.0327029787003994,0.0311803761869669,0.0339676551520824,0.0329543687403202,0.0289337057620287,0.0319798775017262,0.0327004157006741,0.0354119800031185,0.0360350161790848,0.0265532657504082,0.0335767678916454,0.0298357475548983,
782.0,0.0277431346476078,0.0301084537059069,0.0337031222879887,0.0339715927839279,0.0345597229897976,0.038412481546402,0.0351801924407482,0.0324440896511078,0.0335793569684029,0.0297016035765409,0.0369628593325615,0.0343680419027805,0.03258316218853,0.0292611196637154,0.0286395624279976,0.0249894522130489,0.0352002047002316,0.0305972676724195,0.0252081491053104,0.0272181034088135,0.0313089787960052,0.0324750170111656,0.0325170494616032,0.0301483608782291,0.0319070182740688,0.028232553973794,0.0295095779001713,0.0291760992258787,0.035995427519083,0.0328232049942017,0.0317667350172997,0.0287989620119333,0.0330271124839783,0.0333640314638615,0.0315376855432987,0.0334391891956329,0.0327451452612877,0.0312159527093172,0.0339809283614159,0.0329941287636757,0.0289624202996492,0.0320125073194504,0.0327305905520916,0.0354387015104294,0.0360749699175358,0.0265664160251617,0.0336175374686718,0.0298778470605612,
783.0,0.0277326796203852,0.0300958100706339,0.0336888283491135,0.0339535437524319,0.034539133310318,0.0383762679994106,0.0351547002792358,0.0324194021522999,0.0335585288703442,0.0296979881823063,0.036936841905117,0.034346729516983,0.032571442425251,0.0292425379157066,0.0286278054118156,0.0249784160405397,0.0351666137576103,0.0305814333260059,0.0251969657838345,0.0272001475095749,0.0312792584300041,0.0324625000357628,0.0324958451092243,0.0301349982619286,0.0318945460021496,0.0282275415956974,0.029493935406208,0.0291576460003853,0.0359695926308632,0.0328132808208466,0.031746931374073,0.0287793148308992,0.0330053903162479,0.0333389602601528,0.0315143242478371,0.0334146544337273,0.0327210910618305,0.0311882607638836,0.0339406244456768,0.0329693146049976,0.0289373472332954,0.0319837667047977,0.0327029712498188,0.0354015864431858,0.0360413640737534,0.0265354961156845,0.0335882194340229,0.029861880466342,
784.0,0.0277506355196238,0.0301101114600897,0.0336996912956238,0.0339621230959892,0.0345373749732971,0.0383710004389286,0.035157784819603,0.032414935529232,0.0335698947310448,0.0297088380903006,0.0369450375437737,0.034352146089077,0.0325765945017338,0.0292603764683008,0.0286360345780849,0.0249833520501852,0.0351746827363968,0.0305911805480719,0.0252020824700594,0.0272111911326647,0.0312803126871586,0.0324641764163971,0.0324905067682266,0.0301402844488621,0.0318997986614704,0.0282268337905407,0.0295012537389994,0.0291617065668106,0.0359728708863258,0.0328189060091972,0.0317402072250843,0.0287822298705578,0.0330100245773792,0.0333310067653656,0.0315110869705677,0.0334123633801937,0.0327249467372894,0.0311862044036388,0.033921480178833,0.0329651273787022,0.0289325043559074,0.0319848358631134,0.0326951034367085,0.0353831723332405,0.0360455028712749,0.026530122384429,0.0335877425968647,0.0298692733049393,
785.0,0.0277735739946365,0.0301376394927502,0.0337173603475094,0.0339790619909763,0.0345475524663925,0.0383777059614658,0.0351726859807968,0.032423909753561,0.0335862673819065,0.0297310892492533,0.0369598492980003,0.0343684293329716,0.0325972884893417,0.0292821563780308,0.0286493543535471,0.024995343759656,0.0351888351142406,0.0306107997894287,0.0252141524106264,0.0272234678268433,0.0312793627381325,0.0324768647551537,0.0324917696416378,0.0301565993577242,0.0319171510636806,0.0282389670610428,0.0295185018330812,0.029172744601965,0.0359795652329922,0.0328333303332329,0.0317488573491573,0.0287965461611748,0.0330235250294209,0.0333395041525364,0.0315153002738953,0.0334212929010391,0.0327386371791363,0.0311927031725645,0.0339138060808182,0.0329726077616215,0.0289411712437868,0.0319949090480804,0.0326996333897114,0.0353812202811241,0.0360591672360897,0.0265284664928913,0.0336008258163929,0.0298906490206718,
786.0,0.0277560688555241,0.0301261655986309,0.0336894579231739,0.0339469872415066,0.0345143377780914,0.0383338592946529,0.0351385325193405,0.0323939211666584,0.0335532687604427,0.0297184996306896,0.0369201675057411,0.0343387015163898,0.0325810573995113,0.0292580351233482,0.028624577447772,0.0249763336032629,0.0351483076810837,0.0305889472365379,0.0251928344368935,0.0271941833198071,0.03123096562922,0.0324512831866741,0.0324516892433167,0.0301360245794058,0.0318975411355495,0.0282242652028799,0.0294978953897953,0.0291459169238806,0.0359362624585629,0.0328093022108078,0.0317230895161629,0.0287733729928732,0.0329948514699936,0.0333102643489838,0.0314798690378666,0.0333889201283455,0.0327083058655262,0.0311575401574373,0.0338619090616703,0.0329408198595047,0.0289157815277576,0.0319620445370674,0.0326655134558678,0.0353408269584179,0.0360201671719551,0.0264867842197418,0.0335713513195515,0.0298735573887825,
787.0,0.0276476126164198,0.0300043001770973,0.0335487313568592,0.0337909497320652,0.0343540534377098,0.0381569601595402,0.034973781555891,0.0322461538016796,0.0334100648760796,0.029597781598568,0.0367546528577805,0.0341860838234425,0.0324427299201488,0.0291398875415325,0.0285063963383436,0.0248728394508362,0.0349901206791401,0.0304578375071287,0.0250813458114862,0.0270814262330532,0.0310942810028791,0.0323099456727505,0.0323012545704842,0.030007541179657,0.0317660942673683,0.028108038008213,0.0293744541704655,0.0290235076099634,0.0357817374169827,0.0326756648719311,0.0315783768892288,0.0286439992487431,0.0328581407666206,0.0331548862159252,0.0313403382897377,0.0332406163215637,0.0325644575059414,0.0310162659734488,0.0336840078234673,0.0327953435480595,0.0287848133593798,0.0318223237991333,0.0325161851942539,0.0351739153265953,0.0358560085296631,0.0263555143028498,0.0334235914051533,0.0297420043498278,
788.0,0.027497049421072,0.0298398640006781,0.0333545431494713,0.0335985571146011,0.0341507308185101,0.0379261635243893,0.0347742550075054,0.0320546850562096,0.0332180298864841,0.0294315591454506,0.0365420542657375,0.0339855588972569,0.0322538912296295,0.0289759151637554,0.0283460114151239,0.0247298125177622,0.0347758643329144,0.0302882101386786,0.0249354466795921,0.0269248336553574,0.0309060979634523,0.032127246260643,0.0321092270314693,0.0298319421708584,0.031583845615387,0.0279448721557856,0.0292065124958754,0.0288519840687513,0.035568468272686,0.0324857458472252,0.0313876196742058,0.0284767709672451,0.0326668731868267,0.0329501293599606,0.0311509799212217,0.0330456122756004,0.0323736034333706,0.0308300666511059,0.0334609486162663,0.0325968973338604,0.0286058578640223,0.0316307544708252,0.0323162153363228,0.0349513255059719,0.0356436148285866,0.0261852312833071,0.0332320556044579,0.0295768100768328,
789.0,0.0273542851209641,0.0296865664422512,0.033171720802784,0.0334169901907444,0.0339570194482803,0.0377037264406681,0.03458097204566,0.0318724103271961,0.0330372825264931,0.0292759705334902,0.0363375581800938,0.0337971933186054,0.0320772267878056,0.0288232807070017,0.0281906649470329,0.0245969481766224,0.0345756113529205,0.0301274117082357,0.0247960984706879,0.0267734993249178,0.0307255759835243,0.0319522172212601,0.031922236084938,0.0296678822487593,0.0314120277762413,0.0277887508273125,0.0290476176887751,0.028687559068203,0.0353622138500214,0.0323044918477535,0.031207712367177,0.0283176843076944,0.0324825011193752,0.0327581912279129,0.0309689398854971,0.0328590162098408,0.0321889221668243,0.0306494291871786,0.0332486741244793,0.032404825091362,0.0284334644675255,0.0314465835690498,0.0321202650666237,0.0347374975681305,0.0354414358735085,0.026023056358099,0.0330473817884922,0.0294190999120474,
790.0,0.0272450372576714,0.0295714642852545,0.0330349914729595,0.033269826322794,0.033801332116127,0.0375251621007919,0.0344173014163971,0.0317267216742039,0.0328986681997776,0.0291588772088289,0.0361711941659451,0.0336507707834244,0.0319448187947273,0.028710151091218,0.028068570420146,0.0244981367141008,0.0344261154532433,0.0299990922212601,0.0246847718954086,0.026655999943614,0.0305847488343716,0.0318114347755909,0.0317688696086407,0.0295438021421433,0.0312835425138474,0.0276700165122747,0.0289270170032978,0.028562992811203,0.0352007821202278,0.0321688391268253,0.0310681257396936,0.028191277757287,0.0323414094746113,0.032610472291708,0.030825762078166,0.0327107347548008,0.0320424064993858,0.0305044073611498,0.0330770537257195,0.0322552919387817,0.0282991826534271,0.0313037037849426,0.0319631956517696,0.0345692113041878,0.0352795347571373,0.0258944258093834,0.0328969657421112,0.0292899999767542,
791.0,0.0271499492228031,0.029477184638381,0.0329221189022064,0.0331500843167305,0.0336771421134472,0.0373814031481743,0.0342909134924412,0.0316040590405464,0.032779648900032,0.029057826846838,0.0360337719321251,0.0335249193012714,0.0318350940942764,0.0286088436841965,0.0279737859964371,0.0244081821292639,0.0343007110059261,0.029890313744545,0.0245911870151758,0.0265598818659782,0.030458178371191,0.0316974595189095,0.0316508263349533,0.029432712122798,0.0311788897961378,0.0275748800486326,0.0288304816931486,0.0284641869366169,0.0350652597844601,0.0320599786937237,0.0309523921459913,0.0280893687158823,0.0322308652102947,0.0324860513210297,0.0307041946798563,0.0325881130993366,0.0319307558238506,0.0303900390863419,0.0329353995621204,0.0321415439248085,0.0281922277063131,0.0311873015016317,0.0318455509841442,0.0344334542751312,0.0351411737501621,0.0257858131080866,0.0327721498906612,0.0291858669370413,
792.0,0.0270754266530275,0.0293970834463835,0.0328238010406494,0.033050425350666,0.0335710756480694,0.037260863929987,0.0341870859265327,0.0315057002007961,0.032680943608284,0.0289779119193554,0.0359199233353138,0.0334213115274906,0.0317414328455925,0.0285252965986729,0.0278915204107761,0.024336589500308,0.0341888219118118,0.0298055708408356,0.0245207771658897,0.026479247957468,0.0303580313920975,0.0316072776913643,0.0315489210188389,0.0293502900749445,0.0310877710580826,0.0274964310228825,0.0287518240511417,0.0283860731869936,0.0349636636674404,0.0319683291018009,0.0308573506772518,0.0280049424618483,0.0321351774036884,0.0323792695999146,0.0306057333946228,0.0324886329472065,0.0318352691829205,0.0302981194108725,0.0328155755996704,0.0320418812334538,0.0281080305576324,0.0310952048748732,0.0317439138889313,0.0343175232410431,0.0350319854915142,0.0256939679384232,0.0326712615787983,0.0291050374507904,
793.0,0.0270552635192871,0.0293695945292711,0.0327862426638603,0.0330122113227844,0.0335267372429371,0.0372076109051704,0.0341459847986698,0.0314680635929108,0.0326467081904411,0.0289544314146042,0.0358761101961136,0.0333829857409,0.0317063704133034,0.0284977164119482,0.0278600305318832,0.0243098326027393,0.0341398343443871,0.029778691008687,0.0244978610426188,0.0264483410865068,0.0303144529461861,0.031572874635458,0.0315033718943596,0.0293228439986706,0.0310523547232151,0.0274683590978384,0.0287239272147417,0.0283554717898369,0.0349263735115528,0.0319338478147984,0.0308174062520266,0.0279708001762629,0.0320974439382553,0.0323310233652592,0.0305637940764427,0.0324484817683697,0.0317963846027851,0.0302594508975744,0.0327555872499943,0.0319973193109035,0.028074786067009,0.0310543980449438,0.0316956974565983,0.0342581458389759,0.0349892787635326,0.0256520491093397,0.0326294489204884,0.0290761850774288,
794.0,0.0271136239171028,0.0294287353754044,0.0328477770090103,0.033070333302021,0.0335817225277424,0.0372597649693489,0.0342028550803661,0.0315187610685825,0.0327100642025471,0.0290139652788639,0.0359395556151867,0.0334430076181889,0.0317660868167877,0.0285555962473154,0.027913648635149,0.0243492741137743,0.0341954194009304,0.0298352632671595,0.024540388956666,0.0264953635632992,0.0303506348282099,0.0316233597695827,0.0315508246421814,0.0293700285255909,0.0311101134866476,0.0275198593735695,0.0287754721939564,0.0283974371850491,0.034976951777935,0.0319921411573887,0.0308630038052797,0.0280163493007421,0.0321545898914337,0.0323772542178631,0.0306065194308758,0.0324976593255997,0.0318505577743053,0.0303020235151052,0.0327879153192043,0.032047014683485,0.0281162932515144,0.0310913491994143,0.031737569719553,0.0342911966145039,0.0350422970950603,0.0256852693855762,0.0326779820024967,0.0291248578578234,
795.0,0.0272178612649441,0.0295505691319704,0.0329649224877357,0.0331923253834248,0.0336989164352417,0.0373821929097176,0.0343251004815102,0.0316235348582268,0.0328259132802486,0.0291258729994297,0.0360685847699642,0.0335626564919949,0.0318877249956131,0.0286698136478662,0.0280219539999962,0.0244443845003843,0.0343112945556641,0.02994754165411,0.0246295686811209,0.0265896208584309,0.0304515361785889,0.0317462496459484,0.0316581502556801,0.0294821374118328,0.031230516731739,0.0276254955679178,0.0288824811577797,0.0284995250403881,0.0350968465209007,0.0321157798171043,0.0309754889458418,0.0281222313642502,0.0322634652256966,0.0324923619627953,0.0307154320180416,0.032608300447464,0.031962338835001,0.0304073188453913,0.0328819863498211,0.032161571085453,0.0282103847712278,0.0312035139650106,0.0318435318768024,0.0344007574021816,0.0351655818521976,0.0257568638771772,0.0328019559383392,0.0292388685047627,
796.0,0.0273625534027815,0.0297060459852219,0.0331345461308956,0.0333602614700794,0.0338606052100658,0.0375576429069042,0.034495759755373,0.0317775718867779,0.0329927615821362,0.0292831771075726,0.0362486019730568,0.0337308682501316,0.0320516675710678,0.028819989413023,0.0281682312488556,0.0245731603354216,0.0344795025885105,0.0301038566976786,0.0247529018670321,0.026723125949502,0.0305993109941483,0.0319152697920799,0.0318118259310722,0.0296357944607735,0.0313993953168392,0.0277744065970182,0.0290375873446465,0.0286489482969046,0.0352739989757538,0.032283753156662,0.0311343856155872,0.0282640419900417,0.0324295908212662,0.0326527208089828,0.0308672860264778,0.0327761285007,0.0321240425109863,0.0305589213967323,0.0330278128385544,0.032321285456419,0.0283486768603325,0.0313595868647099,0.0319939479231834,0.03456199914217,0.0353406704962254,0.0258717760443687,0.0329713188111782,0.029396902769804,
797.0,0.0275162402540445,0.0298674069344997,0.0333152189850807,0.03353551030159,0.0340311042964458,0.0377452485263348,0.0346764884889126,0.0319432020187378,0.0331723913550377,0.0294489003717899,0.0364362187683582,0.033906415104866,0.0322234742343426,0.0289748534560204,0.0283180586993694,0.0247047524899244,0.03465661033988,0.0302665289491415,0.024879327043891,0.0268624853342772,0.0307527463883162,0.0320853143930435,0.031969141215086,0.029792670160532,0.0315715074539185,0.0279252585023642,0.0291995480656624,0.0288038235157728,0.0354578606784344,0.0324546247720718,0.0312943533062935,0.0284091718494892,0.0326081365346909,0.0328160412609577,0.0310192164033651,0.0329500213265419,0.032293513417244,0.0307161472737789,0.0331809148192406,0.0324831083416939,0.0284913256764412,0.0315176360309124,0.0321502834558487,0.0347291752696037,0.0355219542980194,0.0259971581399441,0.0331425666809082,0.0295585561543703,
798.0,0.0276247467845678,0.029992938041687,0.0334363840520382,0.0336574837565422,0.0341524928808212,0.0378774479031563,0.0348044335842133,0.0320548191666603,0.0332965701818466,0.0295624453574419,0.0365621447563171,0.0340233631432056,0.032348208129406,0.0290868561714888,0.0284197386354208,0.0247958675026894,0.0347717478871346,0.0303759630769491,0.0249620843678713,0.0269538555294275,0.0308503657579422,0.0321943201124668,0.0320659056305885,0.0298982113599777,0.0316801071166992,0.0280175525695086,0.0293032918125391,0.028901306912303,0.0355706699192524,0.0325676761567593,0.0313914455473423,0.028510419651866,0.0327207408845425,0.0329214408993721,0.031112102791667,0.0330511555075645,0.0324030071496964,0.0308174714446068,0.0332710444927216,0.0325846485793591,0.0285774245858192,0.0316214039921761,0.0322537906467915,0.0348354801535606,0.0356394983828068,0.0260740611702204,0.0332547724246979,0.0296655297279358,
799.0,0.0275830700993538,0.0299468152225018,0.0333785675466061,0.0335986651480198,0.0340893268585205,0.0378027856349945,0.0347376763820648,0.0319877006113529,0.0332388915121555,0.0295201539993286,0.036493044346571,0.0339647494256496,0.0322932042181492,0.029041925445199,0.0283708311617374,0.024753849953413,0.0347045324742794,0.0303252711892128,0.0249185878783464,0.0269017238169909,0.0307833719998598,0.032134797424078,0.0320013947784901,0.0298459939658642,0.0316284112632275,0.027973435819149,0.0292521510273218,0.0288476813584566,0.0354972966015339,0.0325085520744324,0.0313269570469856,0.028455201536417,0.032655842602253,0.0328523404896259,0.0310476496815681,0.0329888463020325,0.0323439054191113,0.0307540465146303,0.0331861600279808,0.032518845051527,0.0285230297595263,0.0315581597387791,0.0321826599538326,0.0347524657845497,0.0355625711381435,0.0260134432464838,0.0331792943179607,0.0296116583049297,
800.0,0.0274953842163086,0.0298527218401432,0.0332687273621559,0.0334855988621712,0.0339692793786526,0.0376627445220947,0.0346150584518909,0.0318706482648849,0.0331235192716122,0.0294265728443861,0.0363643914461136,0.0338473655283451,0.0321818701922894,0.0289480555802584,0.0282836053520441,0.0246699601411819,0.034580584615469,0.0302209444344044,0.0248364899307489,0.0268130023032427,0.0306700225919485,0.0320277437567711,0.0318872891366482,0.029745040461421,0.0315230153501034,0.0278838444501162,0.0291529353708029,0.0287490040063858,0.0353690199553967,0.03239955753088,0.0312161687761545,0.0283511560410261,0.03254159912467,0.0327324643731117,0.0309390407055616,0.0328733511269093,0.0322302915155888,0.0306397788226604,0.033042948693037,0.0324033349752426,0.0284163579344749,0.0314476191997528,0.0320622511208057,0.0346174202859402,0.035436574369669,0.0259094387292862,0.0330611914396286,0.0295103453099728,
801.0,0.0274420026689768,0.0297995526343584,0.0332000739872456,0.033412292599678,0.03388886526227,0.0375668071210384,0.0345362983644009,0.0317978523671627,0.0330493599176407,0.02936708368361,0.0362813845276833,0.0337693616747856,0.0321128889918327,0.028889574110508,0.0282346531748772,0.0246168132871389,0.0344998314976692,0.03015380166471,0.024785565212369,0.0267616827040911,0.0305962041020393,0.0319633074104786,0.0318091735243797,0.0296822804957628,0.0314542129635811,0.0278245098888874,0.0290899015963078,0.0286864917725325,0.0352857895195484,0.0323335528373718,0.0311464909464121,0.0282854828983545,0.032473623752594,0.0326530821621418,0.0308691412210464,0.0327949002385139,0.0321554280817509,0.0305659137666225,0.0329407528042793,0.0323283225297928,0.0283400435000658,0.0313767492771149,0.0319843217730522,0.0345304943621159,0.0353612452745438,0.0258362665772438,0.0329944938421249,0.0294475648552179,
802.0,0.0274563375860453,0.0298152007162571,0.0332062914967537,0.0334140993654728,0.0338862724602222,0.0375608131289482,0.034533903002739,0.0318017825484276,0.0330616161227226,0.0293833762407303,0.0362887606024742,0.0337815135717392,0.0321307107806206,0.0289026573300362,0.0282436870038509,0.0246273800730705,0.0345075912773609,0.0301721673458815,0.0247975569218397,0.0267680361866951,0.0305916871875525,0.0319752208888531,0.0318031907081604,0.0296970456838608,0.0314702838659287,0.0278351474553347,0.0291010066866875,0.0286941453814507,0.0352884493768215,0.0323471687734127,0.031152905896306,0.0282990299165249,0.0324875600636005,0.0326477512717247,0.0308676715940237,0.0327986814081669,0.0321647636592388,0.0305741932243109,0.0329326242208481,0.0323311164975166,0.0283468943089247,0.0313755460083485,0.0319808535277843,0.0345258936285973,0.0353626571595669,0.025827145203948,0.032996017485857,0.0294573996216059,
803.0,0.0274930689483881,0.0298522505909204,0.0332440808415413,0.0334514006972313,0.0339211672544479,0.0375863164663315,0.0345654711127281,0.0318283885717392,0.0331050641834736,0.0294228252023458,0.0363250151276588,0.0338141359388828,0.0321682095527649,0.0289387498050928,0.0282755363732576,0.0246573910117149,0.0345376655459404,0.0302085727453232,0.024824108928442,0.0267912782728672,0.0306159276515245,0.0320059657096863,0.0318272896111012,0.0297264270484447,0.0315077230334282,0.027870174497366,0.0291343089193106,0.0287296827882528,0.0353199131786823,0.0323784351348877,0.0311792772263289,0.028331208974123,0.0325187891721725,0.0326733700931072,0.0308891162276268,0.0328249707818031,0.0321936681866646,0.0305969323962927,0.0329471379518509,0.0323561355471611,0.028368266299367,0.0314011536538601,0.0320018455386162,0.0345428735017776,0.0353881642222404,0.0258377101272345,0.0330204144120216,0.0294878520071507,
804.0,0.0275770612061024,0.0299400985240936,0.0333401896059513,0.0335467308759689,0.0340118557214737,0.0376797057688236,0.0346568785607815,0.0319066941738129,0.0331976376473904,0.0295063611119986,0.0364129394292831,0.0339006930589676,0.0322544164955616,0.0290200486779213,0.0283500365912914,0.0247276574373245,0.0346211940050125,0.0302910506725311,0.0248907897621393,0.0268581751734018,0.0306907016783953,0.0320896171033382,0.0319068059325218,0.0298072099685669,0.0315990969538689,0.0279489867389202,0.029219439253211,0.0288079455494881,0.035411536693573,0.0324650183320045,0.031258799135685,0.0284104719758034,0.0326005890965462,0.0327567793428898,0.0309644509106874,0.0329082272946835,0.0322755761444569,0.0306704267859459,0.0330141633749008,0.0324380211532116,0.0284385625272989,0.0314780659973621,0.0320766754448414,0.0346141643822193,0.0354757159948349,0.0258925072848797,0.0331050418317318,0.0295717790722847,
805.0,0.0277123469859362,0.0300872717052698,0.0334978587925434,0.0336989238858223,0.0341588109731674,0.0378468222916126,0.034810483455658,0.0320448987185955,0.0333445072174072,0.0296421702951193,0.03656405210495,0.0340520925819874,0.0324015505611897,0.0291556268930435,0.0284750442951918,0.024842930957675,0.034769631922245,0.0304309017956257,0.025004256516695,0.0269782859832048,0.0308191664516926,0.032236609607935,0.0320442505180836,0.0299503933638334,0.0317506268620491,0.028075834736228,0.0293614342808723,0.0289337206631899,0.0355686396360397,0.0326185263693333,0.0313989073038101,0.0285417884588242,0.0327450074255466,0.0328988395631313,0.031098511070013,0.0330553539097309,0.0324201062321663,0.0308059714734554,0.0331402868032455,0.0325834415853024,0.0285670105367899,0.031612291932106,0.0322113521397114,0.0347504429519176,0.0356328412890434,0.0259980149567127,0.0332574881613255,0.0297142416238785,
806.0,0.0278553087264299,0.0302529614418745,0.0336695574223995,0.0338578447699547,0.0343238674104214,0.0380258597433567,0.0349783673882484,0.0322004444897175,0.0335157513618469,0.0298027098178864,0.0367543809115887,0.0342208705842495,0.0325739234685898,0.0293190348893404,0.0286284200847149,0.0249688252806664,0.0349421091377735,0.0305916778743267,0.0251249652355909,0.027119405567646,0.0309628322720528,0.032399844378233,0.0321930609643459,0.0301038753241301,0.0319060049951077,0.0282178334891796,0.0295090172439814,0.0290847644209862,0.0357370115816593,0.0327872410416603,0.0315468460321426,0.0286732912063599,0.0329085513949394,0.033045656979084,0.0312389004975557,0.0332094915211201,0.0325776524841785,0.0309518706053495,0.0332731865346432,0.0327355787158012,0.0286999754607677,0.0317671447992325,0.0323583967983723,0.034907091408968,0.0357996001839638,0.0261177532374859,0.0334206707775593,0.029858062043786,
807.0,0.0278747547417879,0.0302750822156668,0.0336810126900673,0.0338711924850941,0.034328106790781,0.0380253382027149,0.0349913761019707,0.032210323959589,0.0335367135703564,0.0298265293240547,0.0367651209235191,0.0342325232923031,0.0325882025063038,0.0293371826410294,0.028641514480114,0.0249747950583696,0.0349476970732212,0.0306084752082825,0.0251329503953457,0.0271310862153769,0.0309637002646923,0.0324122235178947,0.0321908704936504,0.030112199485302,0.0319182388484478,0.0282268151640892,0.0295272134244442,0.0290890913456678,0.0357412472367287,0.0328022055327892,0.0315547585487366,0.0286830272525549,0.0329212993383408,0.0330452024936676,0.031237781047821,0.0332177169620991,0.0325912460684776,0.0309530962258577,0.0332561396062374,0.0327353402972221,0.028699018061161,0.0317671000957489,0.0323519669473171,0.034905206412077,0.0358078069984913,0.0261084102094173,0.0334273353219032,0.0298707988113165,
808.0,0.0277583878487349,0.0301444921642542,0.0335283875465393,0.0337234698235989,0.0341654643416405,0.0378421321511269,0.0348323211073875,0.0320613123476505,0.033387266099453,0.0297008994966745,0.0365922264754772,0.0340779609978199,0.0324411764740944,0.0292061045765877,0.0285154711455107,0.0248616803437471,0.0347815044224262,0.0304727889597416,0.0250220783054829,0.0270089786499739,0.0308161862194538,0.0322669595479965,0.032034058123827,0.029974827542901,0.0317801684141159,0.0280997753143311,0.0293980222195387,0.0289509072899818,0.0355730764567852,0.0326541848480701,0.0314106047153473,0.0285551082342863,0.0327723473310471,0.0328877754509449,0.0310869198292494,0.0330650098621845,0.0324439667165279,0.030802845954895,0.0330842360854149,0.0325808636844158,0.0285600665956736,0.0316145047545433,0.032192375510931,0.0347288586199284,0.035640362650156,0.0259711239486933,0.0332713946700096,0.0297422241419554,
809.0,0.0275469422340393,0.0299142133444548,0.0332716070115566,0.0334609113633633,0.0338957346975803,0.0375419184565544,0.0345533154904842,0.0318039022386074,0.0331186428666115,0.0294743105769157,0.0363058596849442,0.0338131040334702,0.0321947373449802,0.0289838071912527,0.028305608779192,0.0246758349239826,0.0345071442425251,0.03023836389184,0.02483169734478,0.0268021579831839,0.03057218529284,0.0320196114480495,0.0317790955305099,0.0297473035752773,0.031540896743536,0.0278874821960926,0.0291639920324087,0.028729910030961,0.0352916158735752,0.032400269061327,0.031162466853857,0.0283280462026596,0.0325171388685703,0.0326249450445175,0.0308375526219606,0.0328006148338318,0.0321841686964035,0.0305554885417223,0.0328099802136421,0.032327625900507,0.028332369402051,0.0313704460859299,0.0319388322532177,0.034435760229826,0.0353514403104782,0.0257575213909149,0.0330108143389225,0.0295178331434727,
810.0,0.0273270886391401,0.0296800769865513,0.0330044850707054,0.0331846959888935,0.0336176604032516,0.0372222028672695,0.0342709869146347,0.0315389968454838,0.0328501872718334,0.0292397700250149,0.0360026471316814,0.0335356742143631,0.0319416522979736,0.0287596080452204,0.0280762389302254,0.0244808252900839,0.0342233926057816,0.0300006922334433,0.0246322527527809,0.0265850499272347,0.0303159914910793,0.03176424279809,0.0315168723464012,0.0295103397220373,0.0312871187925339,0.027669470757246,0.0289364568889141,0.0284933224320412,0.0350027233362198,0.0321470201015472,0.0309110376983881,0.0281011927872896,0.0322621427476406,0.0323583856225014,0.0305890925228596,0.0325348377227783,0.0319225005805492,0.0303109809756279,0.0325165465474129,0.0320577993988991,0.0280996430665255,0.0311100240796804,0.031675148755312,0.0341503582894802,0.035064410418272,0.0255381148308516,0.0327449142932892,0.0292957220226526,
811.0,0.026972483843565,0.0293024498969316,0.0325685553252697,0.0327472016215324,0.0331629775464535,0.0367147140204906,0.033809456974268,0.0311129055917263,0.0324163101613522,0.0288627687841654,0.0355223827064037,0.0330817960202694,0.0315197445452213,0.0283839423209429,0.0277049504220486,0.0241549834609032,0.0337568446993828,0.0296092983335257,0.0243005342781544,0.0262365248054266,0.0299003031104803,0.0313452444970608,0.0310872327536345,0.0291233640164137,0.030878271907568,0.0273063331842422,0.0285570025444031,0.0281142052263021,0.0345331393182278,0.0317291542887688,0.0304972622543573,0.0277319215238094,0.0318399220705032,0.0319291613996029,0.0301789529621601,0.0321082882583141,0.0315009951591492,0.0299060437828302,0.0320679061114788,0.0316230580210686,0.0277231298387051,0.0306971184909344,0.0312504507601261,0.0336975753307343,0.0346030928194523,0.0251921862363815,0.0323154143989086,0.0289127863943577,
812.0,0.0263682045042515,0.0286497753113508,0.0318281129002571,0.0320054665207863,0.0323976501822472,0.0358675830066204,0.0330293774604797,0.0303970519453287,0.0316757969558239,0.0282175652682781,0.0347123071551323,0.0323189310729504,0.0308023411780596,0.0277415849268436,0.0270784944295883,0.0236019529402256,0.0329740159213543,0.0289380513131619,0.023742251098156,0.0256398320198059,0.0292036477476358,0.0306292586028576,0.0303639620542526,0.0284613538533449,0.0301819369196892,0.0266827512532473,0.0279072169214487,0.027473172172904,0.0337361022830009,0.0310080796480179,0.0297935418784618,0.0270970016717911,0.0311142560094595,0.0311985556036234,0.0294832605868578,0.0313771553337574,0.0307795405387878,0.0292137954384089,0.0313211418688297,0.0308946240693331,0.0270879045128822,0.0299986898899078,0.0305299032479525,0.0329268649220467,0.0338167399168015,0.0246019493788481,0.0315812490880489,0.0282521639019251,
813.0,0.0254697576165199,0.0276679266244173,0.0307339709252119,0.030900040641427,0.0312784127891064,0.0346232019364834,0.0318866185843945,0.0293463654816151,0.0305776167660952,0.0272531118243933,0.0335098281502724,0.0312039237469435,0.0297492649406195,0.026795819401741,0.0261528231203556,0.0227916482836008,0.0318352915346622,0.0279425010085106,0.0229287967085838,0.0247487667948008,0.0281873289495707,0.0295699909329414,0.0293090045452118,0.0274786669760942,0.0291445683687925,0.0257612038403749,0.0269516222178936,0.0265225283801556,0.0325608849525452,0.0299358628690243,0.0287587139755487,0.0261524245142937,0.0300403218716383,0.0301162600517273,0.0284650288522244,0.0302862394601107,0.0297068059444427,0.0281957890838385,0.0302135199308395,0.029827194288373,0.0261537376791239,0.0289602726697922,0.029464665800333,0.0317818522453308,0.0326498225331306,0.0237218979746103,0.0304897408932447,0.0272843800485134,
814.0,0.0244637243449688,0.0265656374394894,0.0294998846948147,0.029662461951375,0.0300175938755274,0.0332262106239796,0.0306092649698257,0.028164966031909,0.0293497983366251,0.026170065626502,0.0321580357849598,0.0299495197832584,0.0285573489964008,0.0257212370634079,0.025109326466918,0.0218788608908653,0.0305573623627424,0.0268235187977552,0.0220061652362347,0.0237640608102083,0.0270589329302311,0.0283914245665073,0.0281341634690762,0.0263840444386005,0.0279777701944113,0.0247374009341002,0.0258770436048508,0.0254528857767582,0.0312499534338713,0.0287403427064419,0.0276005398482084,0.0251042749732733,0.028842605650425,0.0289122685790062,0.0273239463567734,0.0290703549981117,0.0285207983106375,0.0270620081573725,0.0289817675948143,0.0286338049918413,0.0250994469970465,0.0278006009757519,0.0282829366624355,0.0305000729858875,0.0313416942954063,0.0227644182741642,0.0292735639959574,0.0262058712542057,
815.0,0.0236074477434158,0.0256333816796541,0.0284513682126999,0.0286039095371962,0.0289475377649069,0.0320355035364628,0.0295180287212133,0.0271642543375492,0.0283083487302065,0.0252442602068186,0.0310111846774817,0.0288889408111572,0.0275475699454546,0.0248129162937403,0.0242221523076296,0.0211038794368505,0.0294694788753986,0.02587372623384,0.0212271418422461,0.0229215584695339,0.0260957386344671,0.0273832902312279,0.0271309856325388,0.0254515502601862,0.0269810948520899,0.0238624252378941,0.0249582417309284,0.0245443545281887,0.0301345624029636,0.0277249030768871,0.0266181007027626,0.0242158342152834,0.0278231110423803,0.0278819669038057,0.0263504721224308,0.0280438847839832,0.02750557474792,0.0260963626205921,0.0279369037598372,0.0276187118142843,0.0242044534534216,0.0268179159611464,0.0272798016667366,0.0294083263725042,0.0302243251353502,0.0219550393521786,0.02823531255126,0.025280836969614,
816.0,0.0230754092335701,0.0250599291175604,0.027804596349597,0.0279441904276609,0.0282853469252586,0.0312914550304413,0.0288350265473127,0.0265465695410967,0.0276645421981812,0.0246692318469286,0.0303017124533653,0.0282341782003641,0.0269274543970823,0.0242534652352333,0.0236718356609344,0.0206257980316877,0.0287914797663689,0.025285679847002,0.0207490436732769,0.0223918631672859,0.0254904925823212,0.0267530791461468,0.0265007466077805,0.0248706601560116,0.0263642854988575,0.0233167037367821,0.0243858024477959,0.0239832028746605,0.0294386390596628,0.0270955860614777,0.0260111782699823,0.0236634891480207,0.0271883122622967,0.0272324662655592,0.0257412493228912,0.0274081993848085,0.026868486776948,0.0254930295050144,0.0272824708372355,0.0269850250333548,0.0236499737948179,0.026209631934762,0.0266546066850424,0.0287243109196424,0.0295265354216099,0.0214445944875479,0.0275849439203739,0.0246987529098988,
817.0,0.0229537542909384,0.0249281674623489,0.0276583936065435,0.0277977716177702,0.0281271003186703,0.0311076007783413,0.0286723766475916,0.0264003444463015,0.027517220005393,0.0245444905012846,0.0301336199045181,0.028074836358428,0.0267859511077404,0.0241155121475458,0.0235414169728756,0.0205175392329693,0.0286265164613724,0.0251474212855101,0.0206338744610548,0.0222692675888538,0.025341909378767,0.0266125164926052,0.0263456329703331,0.0247372109442949,0.026233347132802,0.0231974814087152,0.0242564827203751,0.0238555055111647,0.0292709302157164,0.0269520338624716,0.0258723292499781,0.0235318224877119,0.0270403306931257,0.0270725097507238,0.0255920439958572,0.0272499807178974,0.0267251636832953,0.0253483764827251,0.0271112304180861,0.0268288068473339,0.0235156696289778,0.0260662101209164,0.0265036597847939,0.0285503435879946,0.0293626245111227,0.0213074684143066,0.0274295937269926,0.0245632976293564,
818.0,0.0232593864202499,0.025239571928978,0.0280067622661591,0.0281509570777416,0.028475234284997,0.031488448381424,0.0290247350931168,0.0267290733754635,0.0278637446463108,0.0248585492372513,0.030506519600749,0.0284339729696512,0.0271220300346613,0.0244320705533028,0.0238459892570972,0.0207827892154455,0.028980303555727,0.0254702381789684,0.0208958275616169,0.0225505046546459,0.0256503149867058,0.0269535072147846,0.0266730431467295,0.0250512082129717,0.0265648327767849,0.0234930422157049,0.0245710071176291,0.0241616200655699,0.0296406801789999,0.0272876732051373,0.0261944886296988,0.0238313246518373,0.0273811593651772,0.0274094771593809,0.0259123630821705,0.0275836456567049,0.0270649883896112,0.0256660468876362,0.027440195903182,0.0271605737507343,0.0238128304481506,0.0263883378356695,0.0268299449235201,0.0288955457508564,0.0297276172786951,0.0215676464140415,0.0277690775692463,0.0248804222792387,
819.0,0.0238104518502951,0.0258400365710258,0.0286707803606987,0.028816943988204,0.0291401259601116,0.0322251655161381,0.0297099594026804,0.0273478459566832,0.0285242199897766,0.0254532173275948,0.0312242787331343,0.0290995333343744,0.0277616400271654,0.0250195283442736,0.0244148168712854,0.0212744064629078,0.0296581741422415,0.0260786395519972,0.0213911086320877,0.0230845678597689,0.02624786272645,0.0275971982628107,0.0272941906005144,0.0256417281925678,0.0271944981068373,0.0240486990660429,0.0251585803925991,0.0247384533286095,0.0303377248346806,0.0279322974383831,0.0268063005059958,0.0243990607559681,0.0280232299119234,0.0280489176511765,0.0265175085514784,0.0282309055328369,0.0277058649808168,0.0262717995792627,0.0280749406665564,0.0277965273708105,0.0243695843964815,0.0269974526017904,0.0274509061127901,0.0295618176460266,0.0304267127066851,0.0220706723630428,0.0284215491265059,0.0254755560308695,
820.0,0.0242957733571529,0.0263950042426586,0.0292783994227648,0.0294224396348,0.0297426637262106,0.0328954234719276,0.0303384494036436,0.0279043596237898,0.0291287507861853,0.0259985793381929,0.0318792499601841,0.0296935066580772,0.0283466894179583,0.0255446322262287,0.0249255765229464,0.0217153038829565,0.030273025855422,0.0266285967081785,0.0218408368527889,0.0235687345266342,0.026791388168931,0.0281802974641323,0.0278526786714792,0.0261762887239456,0.0277732275426388,0.0245535746216774,0.0256877522915602,0.0252589508891106,0.0309628322720528,0.0285225976258516,0.0273626465350389,0.0249098800122738,0.0286042932420969,0.028623890131712,0.0270580966025591,0.0288205072283745,0.0282841194421053,0.0268181040883064,0.0286403559148312,0.0283710453659296,0.0248658303171396,0.0275464374572039,0.0280080568045378,0.0301625039428473,0.0310613587498665,0.0225212872028351,0.0290161222219467,0.0260104946792126,
821.0,0.0243233796209097,0.0264281202107668,0.0293083544820547,0.0294525567442179,0.0297621730715036,0.032916285097599,0.0303584318608046,0.0279259197413921,0.029161524027586,0.0260310415178537,0.0319014266133308,0.0297276750206947,0.0283782910555601,0.0255747716873884,0.0249495059251785,0.0217361953109503,0.0302948690950871,0.0266531854867935,0.0218682829290628,0.0235864669084549,0.0268048010766506,0.0281994827091694,0.0278727486729622,0.0262038018554449,0.0278047397732735,0.0245779156684875,0.0257098656147718,0.025273697450757,0.0309818591922522,0.0285442005842924,0.0273863729089499,0.024919617921114,0.0286342035979033,0.0286444630473852,0.0270681120455265,0.0288351196795702,0.0282994639128447,0.0268288943916559,0.0286326874047518,0.0283846594393253,0.0248779412358999,0.0275646820664406,0.0280138347297907,0.0301732029765844,0.0310775097459555,0.0225255992263556,0.0290382523089647,0.0260286405682564,
822.0,0.0240211598575115,0.0260773561894894,0.0289092883467674,0.0290483310818672,0.0293548107147217,0.0324560329318047,0.0299368072301149,0.0275582149624825,0.0287554934620857,0.0256800875067711,0.0314599871635437,0.0293338224291801,0.0279988776892424,0.0252357702702284,0.0246203765273094,0.0214544981718063,0.0298779271543026,0.0262934062629938,0.0215683411806822,0.0232657790184021,0.0264312755316496,0.0278120692819357,0.0274871252477169,0.0258549507707357,0.0274213366210461,0.0242429152131081,0.025365823879838,0.0249307565391064,0.0305547136813402,0.0281532928347588,0.0270096100866795,0.0245838966220617,0.0282381568104029,0.0282408148050308,0.0266927666962147,0.0284374859184027,0.0279087778180838,0.0264554768800735,0.0282287131994963,0.0279962308704853,0.0245321951806545,0.0271963756531477,0.0276285894215107,0.0297434609383345,0.0306350383907557,0.0222048126161098,0.028629232198,0.0256724487990141,
823.0,0.0239737220108509,0.0260119624435902,0.0288308095186949,0.0289652775973082,0.0292680468410254,0.03234988078475,0.0298478323966265,0.0274824853986502,0.0286673437803984,0.0256086122244596,0.0313674733042717,0.029250729829073,0.0279239676892757,0.0251688528805971,0.0245551895350218,0.0214016363024712,0.0297859497368336,0.0262202974408865,0.0215057171881199,0.0232003349810839,0.0263479556888342,0.0277337990701199,0.0274018347263336,0.0257890615612268,0.0273379907011986,0.0241770967841148,0.0252967569977045,0.0248661022633314,0.030461810529232,0.0280758999288082,0.0269290264695883,0.0245156306773424,0.0281581021845341,0.0281474255025387,0.0266164131462574,0.0283547360450029,0.0278271678835154,0.0263778287917376,0.0281330961734056,0.0279152654111385,0.0244603306055069,0.0271176677197218,0.0275462530553341,0.0296452175825834,0.0305370353162289,0.0221320129930973,0.0285404827445745,0.0256077125668526,
824.0,0.0245196335017681,0.0266175288707018,0.029502397403121,0.0296367332339287,0.029933849349618,0.0330813750624657,0.0305366367101669,0.0280979126691818,0.0293364394456148,0.0262031238526106,0.0320901684463024,0.0299126710742712,0.0285672675818205,0.0257492400705814,0.0251135006546974,0.0218863897025585,0.0304620135575533,0.0268242750316858,0.0220062490552664,0.0237337257713079,0.0269458815455437,0.0283743627369404,0.0280241686850786,0.0263855829834938,0.0279728528112173,0.0247415956109762,0.0258763674646616,0.0254421345889568,0.0311536341905594,0.0287289507687092,0.0275477077811956,0.0250703897327185,0.0288189053535461,0.0287891048938036,0.0272293519228697,0.0290046352893114,0.0284658502787352,0.0269847232848406,0.0287516843527555,0.028548451140523,0.0250245090574026,0.0277228355407715,0.0281656589359045,0.0303201768547297,0.0312443412840366,0.0226343050599098,0.0292033832520247,0.0262124016880989,
825.0,0.0253852065652609,0.0275689605623484,0.0305509176105261,0.0306845102459192,0.0309950113296509,0.0342507064342499,0.0316278301179409,0.0290968902409077,0.0303960833698511,0.027152368798852,0.0332295075058937,0.0309794750064611,0.0295839123427868,0.0266812983900309,0.0260111782699823,0.0226625185459852,0.0315437018871307,0.027792664244771,0.0227885767817497,0.0245854258537292,0.0279010701924562,0.029382910579443,0.02900873683393,0.0273219831287861,0.0289911013096571,0.0256255827844143,0.0268105957657099,0.02634646743536,0.032254658639431,0.0297594219446182,0.0285285227000713,0.0259709618985653,0.029842596501112,0.029806062579155,0.028191214427352,0.0300369150936604,0.0294802151620388,0.0279431696981192,0.0297564566135406,0.029551150277257,0.0259129852056503,0.0287004671990871,0.0291556864976883,0.0313818417489529,0.0323601961135864,0.0234268419444561,0.0302436873316765,0.027150571346283,
826.0,0.0257728360593319,0.0279944278299809,0.0310156345367432,0.0311483982950449,0.0314550474286079,0.034756351262331,0.0321040526032448,0.0295338369905949,0.0308623388409615,0.0275721345096827,0.0337235555052757,0.0314420759677887,0.0300334058701992,0.0270883347839117,0.0264120697975159,0.0230085551738739,0.0320114456117153,0.028217401355505,0.0231353472918272,0.0249561555683613,0.0283124521374702,0.0298322942107916,0.0294306166470051,0.0277345031499863,0.029434448108077,0.0260172113776207,0.0272222552448511,0.0267412718385458,0.0327330939471722,0.0302069410681725,0.0289534218609333,0.0263620223850012,0.0302836056798697,0.0302515346556902,0.0286042187362909,0.030482666566968,0.0299238860607147,0.0283533502370119,0.0301833916455507,0.0299926400184631,0.0262906979769468,0.0291272774338722,0.0295823235064745,0.0318377576768398,0.0328417271375656,0.0237615872174501,0.0306927133351564,0.0275568477809429,
827.0,0.0256840959191322,0.0278886985033751,0.0308948550373316,0.0310259312391281,0.0313195325434208,0.0346040315926075,0.0319663658738136,0.0294083897024393,0.0307368244975805,0.0274689048528671,0.0335841104388237,0.0313087739050388,0.0299169886857271,0.0269782301038504,0.0263108611106873,0.0229203868657351,0.0318717807531357,0.0281030125916004,0.0230443906039,0.0248509664088488,0.0281862746924162,0.0297136176377535,0.029300007969141,0.0276249628514051,0.0293082147836685,0.0259158480912447,0.027113551273942,0.0266282744705677,0.032587680965662,0.0300785284489393,0.0288267508149147,0.0262496750801802,0.0301556698977947,0.030122296884656,0.0284779760986567,0.0303486026823521,0.0297962427139282,0.0282263737171888,0.0300375279039145,0.0298653580248356,0.0261716153472662,0.0290035139769316,0.029450036585331,0.0316902361810207,0.0326957777142525,0.0236515421420336,0.0305587071925402,0.0274445861577988,
828.0,0.0254397131502628,0.0276051685214043,0.0305791459977627,0.0307080075144768,0.0309938974678516,0.0342402905225754,0.0316288992762566,0.0291017312556505,0.0304186809808016,0.0271997135132551,0.0332468263804913,0.0309907235205173,0.0296158511191607,0.0267089791595936,0.0260421670973301,0.0226880237460136,0.0315405838191509,0.0278165768831968,0.0228071510791779,0.0245965681970119,0.0278902016580105,0.029400784522295,0.0289971474558115,0.0273451283574104,0.0290033463388681,0.0256516672670841,0.0268387068063021,0.0263516493141651,0.0322385989129543,0.0297679211944342,0.0285235662013292,0.0259793717414141,0.0298524349927902,0.02980069629848,0.0281826816499233,0.0300307627767324,0.0294820871204138,0.0279325600713491,0.0297100562602282,0.0295441150665283,0.0259026288986206,0.02870212495327,0.0291394162923098,0.031346820294857,0.0323510728776455,0.0234054531902075,0.0302406623959541,0.0271724369376898,
829.0,0.0254073888063431,0.0275825075805187,0.0305368341505528,0.0306679159402847,0.0309412851929665,0.0341705270111561,0.0315822772681713,0.0290662553161383,0.0303740687668324,0.0271588135510683,0.0331950485706329,0.0309528838843107,0.0295757371932268,0.0266857258975506,0.0260136686265469,0.0226664952933788,0.031494177877903,0.0277735367417336,0.0227760300040245,0.0245704036206007,0.0278425849974155,0.0293642301112413,0.02894626557827,0.0273072589188814,0.0289723705500364,0.0256190430372953,0.0268086940050125,0.026324974372983,0.0321949943900108,0.0297255869954824,0.028479028493166,0.0259366687387228,0.0298116598278284,0.0297451578080654,0.0281348470598459,0.0299810599535704,0.0294432193040848,0.027880584821105,0.0296490378677845,0.0294931121170521,0.0258633736521006,0.028663681820035,0.0290905404835939,0.0312933772802353,0.0323038920760155,0.0233508925884962,0.0301942881196737,0.02713174931705,
830.0,0.025540454313159,0.0277346167713404,0.0307016689330339,0.0308290608227253,0.0310925282537937,0.0343365967273712,0.0317449197173119,0.0292170755565166,0.0305328667163849,0.0273048356175423,0.0333580560982227,0.0311158373951912,0.0297315288335085,0.0268316939473152,0.0261544194072485,0.0227901414036751,0.0316496975719929,0.0279249474406242,0.0228978879749775,0.0246991440653801,0.0279794074594975,0.0295168813318014,0.0290876198559999,0.0274527296423912,0.0291294362396002,0.0257549937814474,0.026952913030982,0.0264648851007223,0.0323539823293686,0.0298864301294088,0.0286219455301762,0.0260714869946241,0.0299658887088299,0.0298930685967207,0.0282737780362368,0.0301336031407118,0.0295961741358042,0.0280273780226707,0.0297795217484236,0.0296444278210402,0.0259911399334669,0.0288108382374048,0.0292302835732698,0.0314399786293507,0.0324705578386784,0.0234598331153393,0.0303477272391319,0.0272746402770281,
831.0,0.0257498249411583,0.0279587842524052,0.0309510305523872,0.0310784373432398,0.0313366577029228,0.0346077382564545,0.0319957919418812,0.0294440481811762,0.0307795610278845,0.027534706518054,0.0336161814630032,0.031362883746624,0.0299745015799999,0.0270489826798439,0.0263653043657541,0.0229718592017889,0.0318926274776459,0.0281613059341908,0.0230881031602621,0.0248933285474777,0.0281972978264093,0.0297535955905914,0.0293117538094521,0.0276817120611668,0.0293670929968357,0.0259674899280071,0.0271713584661484,0.0266742464154959,0.0326008088886738,0.0301319193094969,0.028849745169282,0.0262827817350626,0.0302061438560486,0.0301260091364384,0.0284941140562296,0.0303742699325085,0.0298299062997103,0.0282554645091295,0.0299946255981922,0.0298794135451317,0.0261923260986805,0.0290360394865274,0.0294550135731697,0.0316681526601315,0.0327225923538208,0.0236429162323475,0.0305852089077234,0.0275020133703947,
832.0,0.0259556043893099,0.0281760897487402,0.0311787314713001,0.031319759786129,0.0315763987600803,0.0348606370389462,0.0322336480021477,0.0296602118760347,0.0310141239315271,0.0277510117739439,0.0338659398257732,0.0315975956618786,0.0302094500511885,0.0272607486695051,0.0265656523406506,0.0231438316404819,0.0321288704872131,0.0283803697675467,0.0232724696397781,0.0250838585197926,0.0284061431884766,0.0299894213676453,0.0295217856764793,0.0279030986130238,0.0295982733368874,0.0261764228343964,0.0273818578571081,0.0268783625215292,0.0328467637300491,0.0303581114858389,0.0290737580507994,0.0264799222350121,0.0304381661117077,0.0303396638482809,0.0287026297301054,0.0306019186973572,0.0300544500350952,0.0284551344811916,0.0302044674754143,0.030095187947154,0.0263872854411602,0.0292509216815233,0.0296761635690928,0.031884528696537,0.0329539142549038,0.0238125938922167,0.0308081358671188,0.0277209393680096,
833.0,0.0262619387358427,0.0285018719732761,0.0315361805260181,0.0316707044839859,0.0319277159869671,0.0352324992418289,0.0325935482978821,0.0299925804138184,0.0313653200864792,0.0280711948871613,0.0342462807893753,0.0319537557661533,0.0305549148470163,0.0275805536657572,0.0268688015639782,0.0234148465096951,0.0324843786656857,0.0287015866488218,0.0235381200909615,0.0253740288317204,0.0287151727825403,0.0303264334797859,0.0298411250114441,0.0282072313129902,0.0299282316118479,0.0264682695269585,0.0276978630572557,0.0271817278116941,0.0332054235041142,0.030702406540513,0.0293906573206186,0.0267827343195677,0.0307803880423307,0.0306758861988783,0.0290112141519785,0.0309375002980232,0.0303914006799459,0.0287713073194027,0.0305217709392309,0.0304306447505951,0.0266739595681429,0.0295737013220787,0.0299945678561926,0.0322301685810089,0.0333187878131866,0.0240714307874441,0.0311487819999456,0.0280315205454826,
834.0,0.0266773775219917,0.0289588514715433,0.0320363417267799,0.0321635156869888,0.0324191264808178,0.0357668623328209,0.0331007651984692,0.0304549038410187,0.0318558774888515,0.0285193119198084,0.0347800366580486,0.0324526615440845,0.0310367327183485,0.0280153583735228,0.0272939186543226,0.0237858630716801,0.0329832769930363,0.0291484072804451,0.0239040348678827,0.025773074477911,0.0291522052139044,0.0307966116815805,0.0302964895963669,0.0286467224359512,0.0303981844335794,0.026879632845521,0.0281343683600426,0.027606837451458,0.0337144955992699,0.0311796683818102,0.0298425946384668,0.0271996818482876,0.0312629453837872,0.0311441142112017,0.0294585358351469,0.0314145274460316,0.0308601837605238,0.0292120855301619,0.0309748630970716,0.0309004709124565,0.0270840227603912,0.0300252828747034,0.0304485447704792,0.0327151790261269,0.0338327437639236,0.024432772770524,0.0316298753023148,0.0284626241773367,
835.0,0.0271475110203028,0.0294796619564295,0.0326049625873566,0.0327310562133789,0.0329813323915005,0.0363844260573387,0.0336806625127792,0.0309826005250216,0.0324196629226208,0.029029306024313,0.035389918833971,0.0330219604074955,0.0315881669521332,0.0285112019628286,0.0277795717120171,0.0242036897689104,0.0335556268692017,0.0296619441360235,0.0243220999836922,0.0262228511273861,0.0296540651470423,0.0313385017216206,0.030819695442915,0.0291593112051487,0.0309400595724583,0.0273549780249596,0.0286312215030193,0.0280918404459953,0.034300722181797,0.0317225344479084,0.0303670540452003,0.0276712104678154,0.0318124033510685,0.0316781625151634,0.0299739725887775,0.0319626070559025,0.0313949957489967,0.0297138597816229,0.0314959920942783,0.0314314365386963,0.0275558605790138,0.0305406674742699,0.0309709385037422,0.0332687348127365,0.0344184078276157,0.0248464327305555,0.0321824550628662,0.0289611108601093,
836.0,0.0275736134499311,0.0299365911632776,0.03310851380229,0.0332365296781063,0.0334782116115093,0.0369234345853329,0.0341910757124424,0.0314569510519505,0.0329269990324974,0.0294761937111616,0.035930410027504,0.0335262976586819,0.0320782251656055,0.028967497870326,0.028209725394845,0.0245783571153879,0.0340657308697701,0.0301247481256723,0.0246967021375895,0.0266202073544264,0.0300958286970854,0.0318240374326706,0.031279169023037,0.0296044740825891,0.0314126089215279,0.0277752615511417,0.0290763434022665,0.0285187475383282,0.0348152108490467,0.0322079211473465,0.0308293886482716,0.028092073276639,0.0322881676256657,0.0321586281061172,0.03041529096663,0.0324413925409317,0.0318715758621693,0.0301639009267092,0.0319527089595795,0.0318941064178944,0.027965759858489,0.0309965424239635,0.0314243510365486,0.0337637364864349,0.0349370129406452,0.0252176579087973,0.0326744392514229,0.0294136665761471,
837.0,0.0278856717050076,0.0302649103105068,0.0334614850580692,0.0335970930755138,0.0338385663926601,0.0373135097324848,0.034555621445179,0.0318021476268768,0.033283744007349,0.0298092607408762,0.0363187380135059,0.0338946580886841,0.0324277319014072,0.0292834378778934,0.0285204257816076,0.0248476397246122,0.0344265066087246,0.0304566472768784,0.0249641165137291,0.0269066877663136,0.0304149612784386,0.0321704111993313,0.0316132158041,0.029927296563983,0.0317599028348923,0.0280833374708891,0.0293988864868879,0.0288330651819706,0.0351846553385258,0.0325643010437489,0.0311664380133152,0.0284009389579296,0.032640878111124,0.0324969217181206,0.0307326521724463,0.0327848829329014,0.0322160869836807,0.0304863024502993,0.0322822257876396,0.0322346724569798,0.0282626431435347,0.0313248708844185,0.0317566804587841,0.0341099537909031,0.0353173911571503,0.0254821926355362,0.0330276004970074,0.0297355931252241,
838.0,0.0281190350651741,0.0305143091827631,0.0337294675409794,0.033867422491312,0.0341011472046375,0.0376135483384132,0.0348295643925667,0.0320533141493797,0.0335515439510345,0.0300645660609007,0.0366051383316517,0.034165021032095,0.0326921343803406,0.0295206177979708,0.0287549570202827,0.0250527057796717,0.0346958711743355,0.0307025332003832,0.0251687504351139,0.0271257776767015,0.0306534264236689,0.0324300676584244,0.0318630486726761,0.0301684588193893,0.0320258177816868,0.0283165201544762,0.0296417009085417,0.0290735028684139,0.0354646556079388,0.0328279100358486,0.0314112901687622,0.0286283623427153,0.0329060032963753,0.0327442549169064,0.0309750158339739,0.0330447442829609,0.0324776209890842,0.0307251196354628,0.0325230583548546,0.0324937105178833,0.0284910257905722,0.0315738245844841,0.0320051424205303,0.0343707501888275,0.0355955064296722,0.0256780423223972,0.0332855358719826,0.0299759041517973,
839.0,0.0283093694597483,0.0307233519852161,0.0339608862996101,0.0340919643640518,0.0343117043375969,0.0378605872392654,0.035057008266449,0.032251849770546,0.0337769500911236,0.0302709229290485,0.0368379987776279,0.0343817546963692,0.0329110100865364,0.0297228842973709,0.028948076069355,0.0252235326915979,0.0349170677363873,0.030905170366168,0.0253407657146454,0.0273094810545444,0.0308466870337725,0.0326452776789665,0.0320630706846714,0.0303661152720451,0.0322439819574356,0.0285057667642832,0.0298414975404739,0.0292679499834776,0.0356962867081165,0.0330406278371811,0.0316047444939613,0.0288097057491541,0.03312112018466,0.0329489298164845,0.0311748012900352,0.0332581251859665,0.0326933301985264,0.0309201795607805,0.0327125154435635,0.0327051356434822,0.0286795143038034,0.0317802838981152,0.0322034098207951,0.0345865227282047,0.0358153209090233,0.0258369073271751,0.0334927886724472,0.030176343396306,
840.0,0.0284736100584269,0.0308989956974983,0.0341600179672241,0.0342809893190861,0.0345004983246326,0.0380486138164997,0.0352473445236683,0.0324247218668461,0.0339654237031937,0.0304348543286324,0.0370388068258762,0.0345734022557735,0.0330860689282417,0.0298907700926065,0.0291074123233557,0.025361679494381,0.0350951552391052,0.0310825761407614,0.0254789497703314,0.027460590004921,0.0310050882399082,0.0328247733414173,0.0322227366268635,0.0305368509143591,0.0324197225272655,0.0286588501185179,0.0300090722739697,0.0294179525226355,0.0358831249177456,0.0332286432385445,0.0317755937576294,0.0289675649255514,0.0333074852824211,0.0331300646066666,0.0313304141163826,0.0334272719919682,0.0328674167394638,0.0310854874551296,0.032867968082428,0.0328782051801682,0.0288246348500252,0.0319490917026997,0.0323646776378155,0.0347505956888199,0.03600699827075,0.0259664338082075,0.0336719751358032,0.0303482562303543,
841.0,0.0285711828619242,0.0310062989592552,0.0342725478112698,0.0343962237238884,0.0346054174005985,0.0381611846387386,0.0353588797152042,0.032528892159462,0.0340805873274803,0.0305411480367184,0.0371508784592152,0.0346770882606506,0.0331944227218628,0.0299952439963818,0.0292058140039444,0.0254403315484524,0.0352094732224941,0.0311882328242064,0.0255700834095478,0.027549272403121,0.0310997292399406,0.0329296924173832,0.0323165990412235,0.0306377615779638,0.0325247533619404,0.0287473537027836,0.0301118548959494,0.0295088645070791,0.0359834767878056,0.0333348698914051,0.0318731777369976,0.0290626063942909,0.0334121622145176,0.0332185253500938,0.031420361250639,0.0335225537419319,0.0329673737287521,0.0311755556613207,0.0329576320946217,0.0329740308225155,0.0289084985852242,0.0320390686392784,0.0324595309793949,0.0348400808870792,0.0361110605299473,0.0260344408452511,0.0337722599506378,0.0304503813385963,
842.0,0.0286287907510996,0.0310675799846649,0.034326110035181,0.0344593971967697,0.0346620604395866,0.0382161177694798,0.0354185998439789,0.0325825400650501,0.0341434925794601,0.0306067317724228,0.0372132547199726,0.0347332805395126,0.0332586839795113,0.0300535038113594,0.0292633157223463,0.0254904702305794,0.0352703593671322,0.0312480255961418,0.0256187189370394,0.0275986585766077,0.0311476029455662,0.0329846702516079,0.0323663055896759,0.0306936334818602,0.0325835570693016,0.0287987068295479,0.0301709547638893,0.0295594856142998,0.0360349081456661,0.0333918929100037,0.0319257862865925,0.0291148610413074,0.0334638804197311,0.0332607328891754,0.0314641185104847,0.0335777476429939,0.0330183766782284,0.0312221739441156,0.0329963229596615,0.0330220088362694,0.0289527587592602,0.0320860333740711,0.0325073041021824,0.0348831191658974,0.0361633226275444,0.0260629374533892,0.0338236764073372,0.0304993987083435,
843.0,0.0286814980208874,0.0311224199831486,0.0343740023672581,0.034508503973484,0.0347159095108509,0.038254339247942,0.0354698970913887,0.0326256528496742,0.0341956280171871,0.0306615866720676,0.0372738838195801,0.0347910150885582,0.0333147868514061,0.0301009118556976,0.0293120294809341,0.0255416166037321,0.0353108122944832,0.0312994383275509,0.0256517007946968,0.0276415124535561,0.0311825964599848,0.0330331549048424,0.0324083305895329,0.030743595212698,0.0326354391872883,0.0288487691432238,0.0302200950682163,0.0296038817614317,0.0360877849161625,0.0334447361528873,0.0319746844470501,0.0291584525257349,0.0335087217390537,0.033305685967207,0.0314992778003216,0.0336325988173485,0.0330629758536816,0.0312680266797543,0.033022366464138,0.0330647490918636,0.0289918128401041,0.0321342684328556,0.0325440652668476,0.0349201932549477,0.036213181912899,0.0260894130915403,0.0338704958558083,0.030539408326149,
844.0,0.0287560950964689,0.0312171541154385,0.0344805754721165,0.0345863923430443,0.0347977317869663,0.038338016718626,0.0355583690106869,0.0327111221849918,0.0342896617949009,0.0307440012693405,0.0373647212982178,0.0348809100687504,0.0334030985832214,0.0301840603351593,0.0293866954743862,0.0256033968180418,0.0353862456977367,0.0313748903572559,0.0257214140146971,0.0277078691869974,0.0312485583126545,0.0331257283687592,0.0324856005609035,0.0308267585933208,0.0327241607010365,0.0289280973374844,0.0302945896983147,0.0296868290752172,0.0361859500408173,0.0335295088589191,0.0320563316345215,0.029229985550046,0.0335929244756699,0.0333716534078121,0.0315758883953094,0.0337155163288116,0.0331503115594387,0.03134785592556,0.0330933481454849,0.0331426188349724,0.0290652588009834,0.0322163365781307,0.0326148122549057,0.0349928550422192,0.0363011211156845,0.0261566042900085,0.0339531637728214,0.0306355729699135,
845.0,0.0288489144295454,0.0313260816037655,0.0345935598015785,0.0347029082477093,0.0349062830209732,0.0384576469659805,0.0356713086366653,0.0328147783875465,0.0344038717448711,0.0308572463691235,0.0374791584908962,0.034989457577467,0.033515453338623,0.0302916262298822,0.0294924527406693,0.0256851315498352,0.0355013497173786,0.031480647623539,0.0258042998611927,0.0278006922453642,0.031348641961813,0.0332394167780876,0.0325844958424568,0.0309245474636555,0.0328262001276016,0.0290259700268507,0.0303957127034664,0.0297868065536022,0.0362944975495338,0.0336360111832619,0.0321497842669487,0.029320077970624,0.0337021611630917,0.0334726423025131,0.0316705442965031,0.0338166169822216,0.0332574844360352,0.031438335776329,0.0331795960664749,0.0332407914102077,0.0291514173150063,0.032310638576746,0.0327121764421463,0.0350948795676231,0.0364130325615406,0.0262231957167387,0.0340685807168484,0.0307436753064394,
846.0,0.0288953091949224,0.0313706286251545,0.0346347838640213,0.034761231392622,0.0349512957036495,0.0385101512074471,0.0357199497520924,0.0328494198620319,0.034452348947525,0.0309105142951012,0.037526298314333,0.0350350178778172,0.0335669219493866,0.0303453877568245,0.0295422822237015,0.0257224831730127,0.0355558916926384,0.0315318964421749,0.0258397329598665,0.0278395805507898,0.0313872508704662,0.0332799255847931,0.0326173715293407,0.0309660583734512,0.0328738056123257,0.0290707536041737,0.0304440855979919,0.0298252403736115,0.0363311730325222,0.033684104681015,0.0321829095482826,0.0293590202927589,0.0337537340819836,0.0335139408707619,0.0317056961357594,0.0338504388928413,0.0332955308258533,0.0314688496291637,0.0332021415233612,0.0332728587090969,0.029183940961957,0.0323396436870098,0.0327490419149399,0.0351321510970593,0.0364589542150497,0.0262421052902937,0.0341152101755142,0.0307823978364468,
847.0,0.0288260448724031,0.0312797352671623,0.034533828496933,0.0346633642911911,0.0348435044288635,0.0383906364440918,0.035613477230072,0.0327393785119057,0.0343520678579807,0.0308185387402773,0.0374133102595806,0.0349329933524132,0.0334722325205803,0.0302660781890154,0.0294532664120197,0.0256483927369118,0.0354482978582382,0.0314413830637932,0.0257681682705879,0.0277498662471771,0.0312769711017609,0.0331677086651325,0.0325035601854324,0.0308802220970392,0.0327913425862789,0.0289905164390802,0.030359111726284,0.0297312494367361,0.0362154096364975,0.0335917212069035,0.0320869460701942,0.0292755030095577,0.0336613282561302,0.0334040559828281,0.0316061265766621,0.0337369628250599,0.0331855788826942,0.0313696786761284,0.0330861285328865,0.0331589095294476,0.0290962532162666,0.0322320535778999,0.032641164958477,0.0350114703178406,0.0363490246236324,0.0261630844324827,0.0340007729828358,0.0306856818497181,
848.0,0.0285899192094803,0.0310216415673494,0.0342435725033283,0.0343620032072067,0.0345376022160053,0.0380340330302715,0.0352902412414551,0.032462939620018,0.0340547598898411,0.0305547565221787,0.0370806604623795,0.0346209369599819,0.0331807769834995,0.0300028193742037,0.0291969832032919,0.0254244990646839,0.0351263135671616,0.0311602428555489,0.0255477223545313,0.027510404586792,0.0309979841113091,0.0328887403011322,0.0322115421295166,0.0306178200989962,0.0325022004544735,0.0287396833300591,0.0300959553569555,0.029476061463356,0.0358861759305,0.0333047322928905,0.0318229123950005,0.0290219485759735,0.0333607196807861,0.0331130288541317,0.0313247218728065,0.0334421992301941,0.032900758087635,0.0310911014676094,0.0327861644327641,0.0328653603792191,0.0288391467183828,0.0319533087313175,0.0323482565581799,0.0346821621060371,0.0360278785228729,0.0259246248751879,0.0337014049291611,0.0304356776177883,
849.0,0.0283247027546167,0.0307291485369205,0.0339139215648174,0.0340336449444294,0.0342050231993198,0.0376558378338814,0.0349455587565899,0.032154954969883,0.0337230414152145,0.0302662272006273,0.0367245525121689,0.034285344183445,0.0328606478869915,0.0297182649374008,0.0289208609610796,0.0251865684986115,0.0347749590873718,0.0308620892465115,0.0253069307655096,0.0272515863180161,0.0306932479143143,0.0325742289423943,0.0318972244858742,0.030325923115015,0.0321861319243908,0.0284646153450012,0.0298160240054131,0.0291935168206692,0.035535030066967,0.0329781733453274,0.0315121114253998,0.0287452433258295,0.033041387796402,0.0327850989997387,0.0310177840292454,0.0331186354160309,0.0325838439166546,0.0307893007993698,0.0324533507227898,0.0325508862733841,0.0285567790269852,0.0316488333046436,0.0320305861532688,0.0343339666724205,0.035668533295393,0.0256631411612034,0.0333728455007076,0.0301475655287504,
850.0,0.0280831139534712,0.0304677505046129,0.0336192883551121,0.0337452106177807,0.0339085720479488,0.0373268723487854,0.0346443094313145,0.0318771600723267,0.0334347672760487,0.0300147496163845,0.0364113263785839,0.0339936539530754,0.032584186643362,0.0294700525701046,0.0286788661032915,0.0249772276729345,0.0344728231430054,0.0306058470159769,0.0250934939831495,0.0270225442945957,0.0304207131266594,0.0322961695492268,0.031618095934391,0.0300637967884541,0.0319098792970181,0.0282216630876064,0.0295666046440601,0.0289417989552021,0.0352273285388947,0.0326904878020287,0.0312273316085339,0.0284950342029333,0.0327605940401554,0.0324910245835781,0.0307429265230894,0.0328302346169949,0.0322970747947693,0.0305208396166563,0.032153282314539,0.0322695933282375,0.0283045247197151,0.031372245401144,0.0317485183477402,0.0340276174247265,0.035352636128664,0.0254320204257965,0.0330809541046619,0.0298827718943357,
851.0,0.0278594400733709,0.030237378552556,0.0333621688187122,0.0334843508899212,0.0336350053548813,0.0370259955525398,0.0343683362007141,0.0316233746707439,0.0331861451268196,0.0297910310328007,0.0361210331320763,0.0337297394871712,0.0323426574468613,0.0292446091771126,0.0284578688442707,0.024781122803688,0.0342084132134914,0.0303732082247734,0.0248978920280933,0.0268100928515196,0.0301713589578867,0.0320541076362133,0.031359925866127,0.0298255085945129,0.0316629484295845,0.0280010718852282,0.0293281394988298,0.0287147704511881,0.0349450297653675,0.0324437655508518,0.030978437513113,0.0282593779265881,0.0324976816773415,0.032229945063591,0.0304886009544134,0.0325683653354645,0.0320356339216232,0.030272088944912,0.0318805761635304,0.0320048555731773,0.0280739478766918,0.0311121661216021,0.0314892716705799,0.0337428040802479,0.0350788570940495,0.0252237115055323,0.0328185446560383,0.0296467076987028,
852.0,0.0275654029101133,0.0299176666885614,0.0330155193805695,0.0331253707408905,0.0332664623856544,0.0366210080683231,0.0339998118579388,0.0312652848660946,0.0328226685523987,0.0294691417366266,0.0357208773493767,0.033359382301569,0.0319909527897835,0.028933223336935,0.0281497500836849,0.0245141498744488,0.0338181667029858,0.0300445016473532,0.0246299728751183,0.0265051946043968,0.0298328176140785,0.0316965319216251,0.0310048814862967,0.0295082535594702,0.0313299261033535,0.0276954490691423,0.0290091969072819,0.0283980201929808,0.0345627814531326,0.0320968069136143,0.0306389313191175,0.0279505047947168,0.0321480445563793,0.0318697057664394,0.0301461294293404,0.0322073213756084,0.0316862277686596,0.0299294088035822,0.0315116569399834,0.0316465087234974,0.0277646910399199,0.0307651367038488,0.0311329532414675,0.0333636477589607,0.0347007215023041,0.0249395482242107,0.0324638299643993,0.0293402578681707,
853.0,0.0272612869739532,0.0295583792030811,0.0326155610382557,0.0327228717505932,0.0328546725213528,0.0361657366156578,0.0335736498236656,0.0308823324739933,0.0324204862117767,0.0291170794516802,0.0352808758616447,0.0329585298895836,0.0316024981439114,0.0285870861262083,0.0278148856014013,0.0242213476449251,0.0333951860666275,0.0296740550547838,0.0243290234357119,0.0261818505823612,0.0294622983783484,0.031310498714447,0.0306183788925409,0.0291541889309883,0.0309488363564014,0.0273604169487953,0.0286633912473917,0.028058847412467,0.0341380722820759,0.0316993147134781,0.0302683375775814,0.0276151690632105,0.031754482537508,0.0314669460058212,0.0297759678214788,0.0318051241338253,0.0312931425869465,0.0295621566474438,0.0311157759279013,0.0312565229833126,0.0274231769144535,0.0303953904658556,0.0307467225939035,0.0329380035400391,0.0342662334442139,0.0246227439492941,0.0320616401731968,0.0289861671626568,
854.0,0.0271256305277348,0.0293809045106173,0.032412976026535,0.0325240083038807,0.0326469391584396,0.0359337702393532,0.0333559066057205,0.0307017676532269,0.0322241224348545,0.0289544034749269,0.0350651666522026,0.0327653214335442,0.0314151011407375,0.0284166671335697,0.0276524499058723,0.0240835081785917,0.0331901460886002,0.0294901691377163,0.0241808276623487,0.0260287411510944,0.0292801205068827,0.0311285108327866,0.0304306726902723,0.0289792660623789,0.030755901709199,0.0271981935948133,0.0284988861531019,0.0278996974229813,0.0339236967265606,0.0314987078309059,0.0300862919539213,0.0274491552263498,0.0315571166574955,0.0312647186219692,0.0295951813459396,0.031606137752533,0.0310956761240959,0.0293825045228004,0.0309161227196455,0.0310636647045612,0.0272490866482258,0.0302196852862835,0.030555872246623,0.0327209047973156,0.0340394526720047,0.0244590528309345,0.0318590514361858,0.0288070403039455,
855.0,0.027352849021554,0.0296350698918104,0.0326948948204517,0.0328045599162579,0.0329210534691811,0.0362339355051517,0.0336500145494938,0.0309650748968124,0.0325013697147369,0.0292169954627752,0.035364892333746,0.0330391637980938,0.0316870957612991,0.0286593325436115,0.0278836078941822,0.0242980886250734,0.0334692224860191,0.0297474060207605,0.0243934746831656,0.0262473486363888,0.0295278821140528,0.0313967615365982,0.0306911822408438,0.0292283184826374,0.031023109331727,0.0274321064352989,0.0287462454289198,0.028138080611825,0.0342029854655266,0.03177260607481,0.0303374771028757,0.0276760663837194,0.0318290628492832,0.0315321534872055,0.0298417862504721,0.0318792797625065,0.0313629098236561,0.0296224895864725,0.0311580393463373,0.031321045011282,0.0274689830839634,0.0304736159741879,0.0308070313185453,0.0329978987574577,0.034322515130043,0.0246562492102385,0.032134834676981,0.0290618259459734,
856.0,0.0279887393116951,0.0303630772978067,0.0334828086197376,0.0335925593972206,0.033708319067955,0.0371018163859844,0.0344650819897652,0.0317022576928139,0.0333040840923786,0.0299255698919296,0.0362197682261467,0.03382832929492,0.0324548408389091,0.0293653719127178,0.0285653751343489,0.024875083938241,0.0342744514346123,0.0304801668971777,0.0249889623373747,0.0268884301185608,0.0302285049110651,0.0321525298058987,0.0314214937388897,0.0299350060522556,0.0317903570830822,0.0280996318906546,0.0294410269707441,0.0288046151399612,0.0350151583552361,0.0325428359210491,0.031072061508894,0.0283593963831663,0.032604031264782,0.0322918780148029,0.0305489022284746,0.0326412580907345,0.0321126244962215,0.0303359888494015,0.0318961925804615,0.0320727825164795,0.0281337685883045,0.0311886575073004,0.0315427742898464,0.0337844304740429,0.0351603552699089,0.0252427831292152,0.0329098775982857,0.0297715552151203,
857.0,0.0286481939256191,0.0310894791036844,0.0342750400304794,0.0343809723854065,0.0345048978924751,0.0379655174911022,0.035277534276247,0.0324445553123951,0.0340948775410652,0.0306390263140202,0.037072915583849,0.0346231572329998,0.0332247130572796,0.0300659537315369,0.0292475204914808,0.0254613477736712,0.0350815616548061,0.0312057510018349,0.0255817621946335,0.0275266636162996,0.030931830406189,0.0329128839075565,0.0321460068225861,0.0306431744247675,0.032549187541008,0.0287656951695681,0.0301401112228632,0.0294849555939436,0.0358377508819103,0.033312700688839,0.0318000838160515,0.0290324110537767,0.0333732031285763,0.0330488160252571,0.0312612317502499,0.033404391258955,0.0328702107071877,0.031051442027092,0.0326297432184219,0.0328224897384644,0.0287889689207077,0.0319166705012321,0.0322768278419971,0.0345667153596878,0.0359865315258503,0.0258307978510857,0.0336886048316956,0.030476588755846,
858.0,0.0290765520185232,0.0315402410924435,0.0347707718610764,0.0348732508718967,0.0350011251866817,0.0384974777698517,0.0357799716293812,0.0329089350998402,0.0345799140632153,0.0310902111232281,0.0375973507761955,0.0351194553077221,0.0337031669914722,0.0304947178810835,0.0296692904084921,0.0258331224322319,0.035581212490797,0.0316490046679974,0.0259493440389633,0.0279199611395597,0.0313693284988403,0.033384907990694,0.0325936414301395,0.0310856476426125,0.0330099686980248,0.0291748605668545,0.0305779669433832,0.0299147088080645,0.0363506674766541,0.0337906181812286,0.0322456210851669,0.0294400453567505,0.0338454358279705,0.0335125476121902,0.0317029692232609,0.03387750685215,0.0333430431783199,0.0314890593290329,0.0330725908279419,0.0332839041948318,0.0291886478662491,0.0323762036859989,0.0327247306704521,0.0350397974252701,0.0364863388240337,0.0261929016560316,0.0341716893017292,0.0309108011424541,
859.0,0.0291961766779423,0.0316686071455479,0.034905981272459,0.0350139588117599,0.0351253226399422,0.0386426113545895,0.035913959145546,0.0330331511795521,0.0347236283123493,0.0312190018594265,0.0377322025597095,0.0352536886930466,0.0338311828672886,0.0306116547435522,0.0297852419316769,0.0259312838315964,0.0357124619185925,0.0317677929997444,0.0260535683482885,0.0280304551124573,0.0314856022596359,0.0335043147206306,0.0327204540371895,0.0312110912054777,0.0331295505166054,0.0292806103825569,0.0306984353810549,0.0300233736634254,0.0364801920950413,0.0339213125407696,0.0323675386607647,0.0295523852109909,0.0339737236499786,0.0336289778351784,0.0318132601678371,0.0340001322329044,0.0334615595638752,0.0315938256680965,0.0331793427467346,0.0334078706800938,0.0293064620345831,0.0324936397373676,0.032834954559803,0.0351450964808464,0.0366188399493694,0.0262853521853685,0.0342939831316471,0.0310284644365311,
860.0,0.0292475111782551,0.0317115373909473,0.0349445007741451,0.0350605137646198,0.0351670049130917,0.0386742241680622,0.0359493009746075,0.0330668687820435,0.0347546935081482,0.0312558859586716,0.0377728454768658,0.0352894105017185,0.0338713005185127,0.0306541696190834,0.029823450371623,0.0259634368121624,0.035742063075304,0.031810462474823,0.0260896533727646,0.0280672293156385,0.0315189734101295,0.0335384532809258,0.0327545367181301,0.0312430933117867,0.0331761725246906,0.0293202009052038,0.0307351145893335,0.0300652757287025,0.0365201272070408,0.0339608378708363,0.0323930345475674,0.0295730847865343,0.0340124815702438,0.033658541738987,0.0318395830690861,0.0340288765728474,0.0334920398890972,0.0316183231770992,0.0332009196281433,0.0334416665136814,0.0293377861380577,0.0325156226754189,0.0328659825026989,0.0351708941161633,0.0366516597568989,0.0263002347201109,0.0343244485557079,0.0310681425035,
861.0,0.0292647089809179,0.0317277759313583,0.0349594615399837,0.0350782535970211,0.0351813472807407,0.0386700443923473,0.0359559878706932,0.033067625015974,0.0347632952034473,0.0312755219638348,0.0377829559147358,0.0352995730936527,0.033887904137373,0.030674297362566,0.0298383627086878,0.0259727332741022,0.0357458367943764,0.0318255312740803,0.0260980259627104,0.0280798077583313,0.0315211564302444,0.033556766808033,0.0327544994652271,0.0312553830444813,0.0331952571868896,0.0293414760380983,0.0307481903582811,0.0300789475440979,0.0365303196012974,0.0339747294783592,0.0324025750160217,0.0295741222798824,0.0340207852423191,0.0336614139378071,0.0318441651761532,0.0340338051319122,0.033505342900753,0.0316284894943237,0.033198207616806,0.0334435105323792,0.0293416026979685,0.0325141064822674,0.0328708067536354,0.0351796485483646,0.0366638265550137,0.0262984745204449,0.0343325212597847,0.031079625710845,
862.0,0.0292079765349627,0.0316740497946739,0.034901425242424,0.0350168608129025,0.035111278295517,0.0385865531861782,0.0358871556818485,0.0329983867704868,0.0347083397209644,0.0312337502837181,0.0377129055559635,0.035236544907093,0.0338314063847065,0.0306307971477509,0.0297893043607473,0.0259247068315744,0.0356773659586906,0.0317698083817959,0.0260436572134495,0.0280292201787233,0.0314540080726147,0.0335043556988239,0.0326801165938377,0.0312086995691061,0.0331356003880501,0.0292947143316269,0.030696876347065,0.0300210192799568,0.0364552102982998,0.0339165441691875,0.032352689653635,0.0295223742723465,0.0339568890631199,0.0335893370211124,0.0317854098975658,0.0339686274528503,0.0334535650908947,0.0315774753689766,0.0331234708428383,0.0333722271025181,0.0292849019169807,0.0324503555893898,0.0328013673424721,0.0351140983402729,0.0366026535630226,0.0262449383735657,0.0342712439596653,0.0310241561383009,
863.0,0.0289925802499056,0.0314378961920738,0.0346361547708511,0.0347476340830326,0.0348287411034107,0.0382935777306557,0.0356145724654198,0.032755583524704,0.0344510152935982,0.0310015939176083,0.0374348945915699,0.0349688492715359,0.0335753075778484,0.0304176043719053,0.0295706558972597,0.0257332287728786,0.0354045517742634,0.0315384939312935,0.0258428025990725,0.0278163813054562,0.0312176514416933,0.0332429930567741,0.0324228256940842,0.0309816040098667,0.0328849405050278,0.0290682762861252,0.0304700136184692,0.0297962911427021,0.036164864897728,0.0336626432836056,0.0321098789572716,0.0293062683194876,0.0337089747190475,0.0333215370774269,0.0315482839941978,0.0337057113647461,0.033205658197403,0.0313395261764526,0.0328549332916737,0.0331175625324249,0.0290672183036804,0.0322063602507114,0.0325432419776917,0.0348372347652912,0.0363229513168335,0.0260361488908529,0.0340127237141132,0.0308023411780596,
864.0,0.0286013707518578,0.0310063809156418,0.0341501757502556,0.0342602133750916,0.0343311205506325,0.0377547256648541,0.0351093374192715,0.032289694994688,0.0339670516550541,0.0305643193423748,0.0368952713906765,0.034479558467865,0.0331078544259071,0.0299885086715221,0.0291602537035942,0.0253786817193031,0.0349088944494724,0.0310913994908333,0.025491101667285,0.0274218339473009,0.0307743418961763,0.0327764004468918,0.0319607853889465,0.0305486004799604,0.0324232243001461,0.0286679714918137,0.0300406571477652,0.02937151491642,0.0356537587940693,0.0331910029053688,0.0316562727093697,0.0288893468677998,0.0332361571490765,0.0328434072434902,0.0310904365032911,0.0332202352583408,0.0327346213161945,0.0308830142021179,0.0323703102767468,0.0326395146548748,0.0286487117409706,0.0317529402673244,0.0320787131786346,0.0343274921178818,0.0358078293502331,0.0256608203053474,0.0335301868617535,0.0303732994943857,
865.0,0.02817845903337,0.0305378958582878,0.0336305238306522,0.0337371565401554,0.0338078588247299,0.0371659845113754,0.0345601700246334,0.0317968986928463,0.0334417670965195,0.0300969276577234,0.0363195911049843,0.033955805003643,0.0326050482690334,0.0295253079384565,0.0287176221609116,0.0249966103583574,0.0343650318682194,0.0306153148412704,0.0251100976020098,0.027003213763237,0.0302922055125237,0.0322779007256031,0.0314608663320541,0.0300783216953278,0.031929075717926,0.0282304529100657,0.0295813344419003,0.0289217978715897,0.0351063683629036,0.032681692391634,0.0311726629734039,0.0284469947218895,0.0327208153903484,0.0323339737951756,0.03060033172369,0.0327078588306904,0.0322142094373703,0.0304004549980164,0.0318555161356926,0.0321349538862705,0.0281977560371161,0.0312625281512737,0.0315772108733654,0.0337778627872467,0.0352393053472042,0.0252545867115259,0.0330014526844025,0.0299055315554142,
866.0,0.0279028248041868,0.0302326232194901,0.0332973934710026,0.0333985276520252,0.0334737226366997,0.0367755740880966,0.0342013798654079,0.0314856767654419,0.0330994613468647,0.0298012718558311,0.0359531864523888,0.0336138308048248,0.0322759561240673,0.0292316023260355,0.0284325182437897,0.0247486736625433,0.0340022295713425,0.0303110163658857,0.0248572751879692,0.0267355050891638,0.0299737676978111,0.0319533012807369,0.0311324223875999,0.029774246737361,0.0316110029816628,0.0279387552291155,0.0292888749390841,0.0286368429660797,0.0347472429275513,0.0323517955839634,0.0308618936687708,0.0281692016869783,0.032384380698204,0.0320032648742199,0.0302878506481647,0.0323830619454384,0.031871285289526,0.0300965625792742,0.0315216295421124,0.0318136662244797,0.0279078204184771,0.030944149941206,0.0312496460974216,0.0334165878593922,0.034858200699091,0.0249843951314688,0.0326529741287231,0.0296029020100832,
867.0,0.0279451943933964,0.0302853230386972,0.0333489328622818,0.0334485806524754,0.0335160568356514,0.0368221029639244,0.0342537797987461,0.0315166302025318,0.0331471003592014,0.0298542957752943,0.0359918400645256,0.0336448810994625,0.0323125198483467,0.0292753875255585,0.0284764915704727,0.0247815996408463,0.034050527960062,0.0303378235548735,0.0248910319060087,0.0267652776092291,0.0300032589584589,0.0319926105439663,0.0311756823211908,0.0298219472169876,0.0316545814275742,0.0279828701168299,0.0293319877237082,0.0286688525229692,0.0347878597676754,0.0324009358882904,0.0308960359543562,0.0282068513333797,0.0324296094477177,0.03203996270895,0.0303250923752785,0.0324210226535797,0.0319294258952141,0.0301304887980223,0.0315494947135448,0.0318396054208279,0.0279440078884363,0.0309893023222685,0.0312960147857666,0.0334491059184074,0.034907728433609,0.0250080861151218,0.0327037461102009,0.0296505931764841,
868.0,0.0283194053918123,0.0307093653827906,0.0337969474494457,0.0339050553739071,0.0339698977768421,0.037311963737011,0.0347134619951248,0.0319339893758297,0.0336029566824436,0.0302711185067892,0.0364825576543808,0.0340875238180161,0.0327568054199219,0.0296771451830864,0.0288622640073299,0.0251085236668587,0.0345108024775982,0.0307554323226213,0.0252283234149218,0.0271297320723534,0.030400775372982,0.0324204377830029,0.0315879844129086,0.0302159413695335,0.0320823155343533,0.0283608175814152,0.0297266151756048,0.0290598906576633,0.0352462343871593,0.0328431688249111,0.0313055664300919,0.0285883713513613,0.0328698828816414,0.0324676223099232,0.0307252388447523,0.032843716442585,0.0323621854186058,0.0305313300341368,0.0319582223892212,0.0322631821036339,0.0283145233988762,0.0313975475728512,0.031702809035778,0.0338897779583931,0.035380695015192,0.025338402017951,0.0331471115350723,0.0300552565604448,
869.0,0.0287889875471592,0.0312204919755459,0.0343523733317852,0.0344565846025944,0.0345181971788406,0.0379118248820305,0.0352794043719769,0.0324504300951958,0.0341550223529339,0.030774712562561,0.0370772071182728,0.0346422344446182,0.0333045981824398,0.0301721096038818,0.0293358508497477,0.0255147106945515,0.0350661389529705,0.0312731266021729,0.0256438795477152,0.0275691468268633,0.0308928191661835,0.0329511985182762,0.0320911966264248,0.0307084396481514,0.0326123274862766,0.0288292579352856,0.0302136763930321,0.0295380763709545,0.0358099266886711,0.0333808958530426,0.0318121053278446,0.0290532596409321,0.0334110707044601,0.0329906120896339,0.0312196332961321,0.0333722047507763,0.0328844524919987,0.0310267247259617,0.0324642956256866,0.0327850617468357,0.0287756212055683,0.0318979695439339,0.032200563699007,0.0344349332153797,0.0359561778604984,0.0257395561784506,0.0336891040205956,0.0305508356541395,
870.0,0.0291323233395815,0.031576219946146,0.0347523577511311,0.0348406136035919,0.0348954051733017,0.0383305847644806,0.0356832519173622,0.0328134037554264,0.0345405675470829,0.0311285778880119,0.0374849699437618,0.0350401028990746,0.0336879976093769,0.030527064576745,0.029675779864192,0.0258104912936687,0.0354522541165352,0.031635407358408,0.0259401276707649,0.0278710853308439,0.0312394928187132,0.0333316959440708,0.0324461422860622,0.0310719627887011,0.032993383705616,0.0291662029922009,0.0305635221302509,0.0298695024102926,0.0362077839672565,0.033758319914341,0.0321702770888805,0.0293771028518677,0.0337940901517868,0.0333533696830273,0.0315686836838722,0.0337541960179806,0.0332510806620121,0.0313753932714462,0.0328200682997704,0.0331476777791977,0.029107017442584,0.0322546400129795,0.03255520388484,0.0348189473152161,0.0363572984933853,0.0260140430182219,0.0340720675885677,0.0309042893350124,
871.0,0.0292445980012417,0.0317038595676422,0.0348854176700115,0.0349850468337536,0.0350361727178097,0.0384655296802521,0.0358171202242374,0.0329398363828659,0.0346883572638035,0.0312615558505058,0.0376378446817398,0.0351801253855228,0.0338174104690552,0.0306591503322124,0.0298060718923807,0.0259268023073673,0.0355982780456543,0.0317621789872646,0.0260489005595446,0.0279955677688122,0.0313577875494957,0.0334697850048542,0.0325731784105301,0.0312020387500525,0.0331309996545315,0.0292737577110529,0.0306908804923296,0.0299872122704983,0.036350067704916,0.0338948331773281,0.0322951376438141,0.0294919889420271,0.0339250303804874,0.0334748923778534,0.0316798649728298,0.0338874794542789,0.0333748608827591,0.0314910188317299,0.0329409129917622,0.0332781337201595,0.0292170289903879,0.0323837511241436,0.0326813869178295,0.0349490493535995,0.0364896915853024,0.0261103045195341,0.0342001542448998,0.0310321375727654,
872.0,0.0292666777968407,0.0317253619432449,0.0349078215658665,0.0350123196840286,0.0350545905530453,0.0384798720479012,0.0358374156057835,0.0329622216522694,0.0347205735743046,0.0312893576920033,0.037653211504221,0.0351999066770077,0.0338511876761913,0.0306811202317476,0.0298285633325577,0.0259510222822428,0.0356125868856907,0.0317780785262585,0.0260700359940529,0.0280078463256359,0.0313759110867977,0.0334936268627644,0.032585833221674,0.0312248356640339,0.0331574529409409,0.0293011646717787,0.0307165700942278,0.030009975656867,0.0363654717803001,0.033921267837286,0.0323160849511623,0.029515627771616,0.0339464023709297,0.0334894917905331,0.031693160533905,0.0339078679680824,0.0333981104195118,0.031507208943367,0.032944343984127,0.0332971476018429,0.0292150732129812,0.0324020870029926,0.0326949581503868,0.0349589511752129,0.0365123189985752,0.0261240657418966,0.0342206433415413,0.0310563482344151,
873.0,0.0292598679661751,0.0317124202847481,0.0348874107003212,0.0349915288388729,0.0350226759910584,0.038451224565506,0.0358091220259666,0.0329401455819607,0.0346969328820705,0.031273040920496,0.0376168936491013,0.0351711846888065,0.0338348485529423,0.0306606162339449,0.0298093054443598,0.0259383507072926,0.0355746820569038,0.031754482537508,0.0260515958070755,0.0279860850423574,0.0313441567122936,0.0334715656936169,0.0325497724115849,0.0312046632170677,0.033133540302515,0.0292889196425676,0.0306982025504112,0.0299908630549908,0.0363334193825722,0.0339020453393459,0.0322937071323395,0.029492661356926,0.0339256301522255,0.0334594734013081,0.0316661447286606,0.0338834002614021,0.0333778001368046,0.0314832627773285,0.0329044200479984,0.0332721658051014,0.0291842464357615,0.0323743112385273,0.0326693616807461,0.0349175482988358,0.0364882946014404,0.0260997787117958,0.0341982655227184,0.0310374964028597,
874.0,0.029254300519824,0.0317061878740788,0.0348644964396954,0.0349694639444351,0.0349924191832542,0.0384223759174347,0.0357739999890327,0.0329105742275715,0.0346612110733986,0.0312540642917156,0.0375855229794979,0.0351409800350666,0.0337999574840069,0.0306426603347063,0.0297922138124704,0.025923877954483,0.0355404317378998,0.0317357629537582,0.0260304138064384,0.027981374412775,0.0313002876937389,0.0334448777139187,0.0325127728283405,0.0311836618930101,0.0331036560237408,0.0292631480842829,0.030675396323204,0.0299651883542538,0.0363039635121822,0.0338792949914932,0.0322671011090279,0.0294593367725611,0.0339035987854004,0.0334254838526249,0.0316341370344162,0.033854003995657,0.0333491675555706,0.0314559862017632,0.0328672975301743,0.0332439877092838,0.0291717052459717,0.0323436856269836,0.0326473563909531,0.0348712466657162,0.0364563837647438,0.0260680764913559,0.0341720283031464,0.031017018482089,
875.0,0.0292562376707792,0.0317128598690033,0.0348660834133625,0.0349741689860821,0.034996073693037,0.0384085401892662,0.0357695333659649,0.0328994244337082,0.0346536599099636,0.0312604382634163,0.0375736020505428,0.0351375378668308,0.0338015668094158,0.0306481625884771,0.0297938659787178,0.0259175170212984,0.0355325601994991,0.0317384749650955,0.0260440967977047,0.02798767760396,0.0312914848327637,0.0334288515150547,0.0325087532401085,0.031187865883112,0.0331114083528519,0.0292708557099104,0.0306805334985256,0.0299635864794254,0.0362925827503204,0.0338822230696678,0.0322646833956242,0.0294680092483759,0.0339040197432041,0.0334189757704735,0.0316264033317566,0.0338350050151348,0.0333443693816662,0.0314524136483669,0.0328445844352245,0.0332261063158512,0.0291676335036755,0.0323348976671696,0.0326318927109241,0.0348511971533298,0.036452230066061,0.0260561611503363,0.0341688059270382,0.0310266483575106,
876.0,0.0292794648557901,0.0317326448857784,0.0348790921270847,0.0349880792200565,0.0350100435316563,0.0384173914790154,0.0357872880995274,0.032916110008955,0.03467121347785,0.0312841199338436,0.0375941060483456,0.0351483635604382,0.0338222309947014,0.0306739751249552,0.0298147704452276,0.0259324666112661,0.0355451479554176,0.0317549332976341,0.0260636452585459,0.0279945135116577,0.031312633305788,0.0334454886615276,0.0325152799487114,0.0312023349106312,0.0331323146820068,0.0292882472276688,0.030707648023963,0.0299803130328655,0.0362995974719524,0.0338963642716408,0.0322762914001942,0.0294796004891396,0.0339188389480114,0.0334265418350697,0.0316439010202885,0.0338517874479294,0.0333479940891266,0.0314606018364429,0.0328441895544529,0.0332385413348675,0.0291713904589415,0.0323432832956314,0.0326335802674294,0.0348574370145798,0.0364569053053856,0.02605358697474,0.0341801643371582,0.0310451164841652,
877.0,0.0293016452342272,0.0317530632019043,0.0348957180976868,0.0350039042532444,0.0350242368876934,0.038429781794548,0.0358058772981167,0.0329391360282898,0.034693755209446,0.0313079953193665,0.0376202464103699,0.0351635031402111,0.0338451415300369,0.0306975822895765,0.0298422239720821,0.0259511116892099,0.0355610810220242,0.0317749977111816,0.0260769557207823,0.0280045382678509,0.0313292928040028,0.0334758460521698,0.0325227715075016,0.0312225967645645,0.0331546328961849,0.0293053165078163,0.0307301767170429,0.0300056710839272,0.0363156273961067,0.0339145213365555,0.0322906151413918,0.0294880848377943,0.0339385829865932,0.0334387794137001,0.0316580384969711,0.0338742583990097,0.0333685651421547,0.0314735919237137,0.0328470021486282,0.0332571342587471,0.0291799269616604,0.0323569551110268,0.0326399132609367,0.0348714701831341,0.0364667028188705,0.0260628778487444,0.0341948270797729,0.0310641769319773,
878.0,0.0293026082217693,0.0317605808377266,0.0349051132798195,0.0350116901099682,0.035026740282774,0.0384219884872437,0.0358030721545219,0.0329402051866055,0.0346983894705772,0.0313162431120873,0.037620659917593,0.0351698882877827,0.0338530316948891,0.0306998491287231,0.029855202883482,0.025953957810998,0.0355582237243652,0.0317845866084099,0.0260766874998808,0.0280130300670862,0.0313137769699097,0.0334874764084816,0.032520953565836,0.03123889118433,0.033165879547596,0.0293143317103386,0.0307274647057056,0.0300211030989885,0.0363223552703857,0.0339257642626762,0.0322943292558193,0.0294911824166775,0.0339459143579006,0.0334408767521381,0.0316460058093071,0.033869955688715,0.0333939418196678,0.0314775295555592,0.0328330248594284,0.0332542546093464,0.0291846822947264,0.032361101359129,0.0326352156698704,0.0348688922822475,0.0364726819097996,0.0260724648833275,0.0341976992785931,0.0310736242681742,
879.0,0.0292918793857098,0.0317461751401424,0.0348842889070511,0.0349866598844528,0.0349889658391476,0.0383760407567024,0.0357617177069187,0.0328943245112896,0.0346664488315582,0.0313010290265083,0.037578921765089,0.0351439900696278,0.0338270477950573,0.0306821167469025,0.0298187248408794,0.0259377211332321,0.0355067551136017,0.031760148704052,0.0260523911565542,0.0279840845614672,0.031274601817131,0.0334427244961262,0.0324872322380543,0.0312205422669649,0.0331419110298157,0.0293037630617619,0.0307066459208727,0.0299888644367456,0.0362851656973362,0.0339032746851444,0.032269299030304,0.0294714700430632,0.0339022725820541,0.0334007292985916,0.0316192433238029,0.0338398516178131,0.0333430096507072,0.0314363241195679,0.0327986665070057,0.0332255885004997,0.0291626136749983,0.0323387049138546,0.0326118059456348,0.0348235480487347,0.0364414677023888,0.0260262880474329,0.0341650806367397,0.0310474019497633,
880.0,0.0292795803397894,0.0317307449877262,0.0348590910434723,0.034953884780407,0.0349613130092621,0.0383377633988857,0.0357349589467049,0.0328732915222645,0.0346522517502308,0.0312952920794487,0.0375484004616737,0.0351186841726303,0.0338034518063068,0.0306625626981258,0.0298104993999004,0.0259320456534624,0.0354789197444916,0.0317348092794418,0.0260433536022902,0.0279679410159588,0.0312460269778967,0.0334186814725399,0.032456312328577,0.031196815893054,0.0331161320209503,0.0292822550982237,0.0306867621839046,0.0299594793468714,0.0362507849931717,0.0338888056576252,0.0322392284870148,0.0294492822140455,0.0338810086250305,0.0333627872169018,0.0315911173820496,0.033811416476965,0.0333121120929718,0.0314055979251862,0.0327569916844368,0.0331854373216629,0.0291446316987276,0.0323112457990646,0.0325806252658367,0.0347824469208717,0.0364098250865936,0.0259935092180967,0.0341348014771938,0.0310252197086811,
881.0,0.0292847845703363,0.0317375920712948,0.0348672494292259,0.0349561162292957,0.0349678993225098,0.0383372604846954,0.0357449799776077,0.032886166125536,0.0346697010099888,0.0313105471432209,0.0375541485846043,0.0351203829050064,0.0338101424276829,0.0306765250861645,0.0298366993665695,0.025943698361516,0.0354929156601429,0.0317388325929642,0.0260563902556896,0.0279836226254702,0.0312485937029123,0.0334351770579815,0.0324498303234577,0.0311987269669771,0.0331199504435062,0.0292826239019632,0.0306917503476143,0.0299590453505516,0.0362508408725262,0.0338993929326534,0.0322407111525536,0.0294536296278238,0.0338968113064766,0.0333630256354809,0.0315840691328049,0.0338073894381523,0.0333232022821903,0.031408816576004,0.0327430255711079,0.0331767350435257,0.0291419010609388,0.0323058739304543,0.0325685925781727,0.0347752422094345,0.0364040359854698,0.0259904433041811,0.0341341458261013,0.0310330148786306,
882.0,0.0293185897171497,0.0317781865596771,0.0349225476384163,0.0350122824311256,0.0350089929997921,0.03837925568223,0.0357895195484161,0.0329183265566826,0.0347105227410793,0.0313470847904682,0.0375960767269135,0.0351581908762455,0.0338562615215778,0.0307375863194466,0.0298770256340504,0.0259698312729597,0.0355381965637207,0.0317826196551323,0.0260854735970497,0.0280256625264883,0.0312844328582287,0.033481489866972,0.0324752479791641,0.0312399063259363,0.033165767788887,0.0293243303894997,0.0307312719523907,0.0299937035888433,0.0362922437489033,0.0339359119534492,0.0322897881269455,0.0294952373951674,0.0339373685419559,0.0334102585911751,0.0316112488508224,0.0338369756937027,0.033363938331604,0.0314450487494469,0.032774418592453,0.0332222804427147,0.029156694188714,0.0323368236422539,0.0325937233865261,0.0348078608512878,0.0364339426159859,0.0260101966559887,0.0341717973351479,0.0310776419937611,
883.0,0.0293766371905804,0.0318464413285255,0.0349738672375679,0.035071637481451,0.0350633338093758,0.0384338386356831,0.0358502417802811,0.0329738445580006,0.0347655937075615,0.0314144939184189,0.0376530773937702,0.0352172143757343,0.033925611525774,0.0307966880500317,0.0299277193844318,0.0260191150009632,0.0356008037924767,0.0318392030894756,0.02613814920187,0.0280646793544292,0.031338769942522,0.0335386730730534,0.0325322523713112,0.0312978662550449,0.0332323461771011,0.0293775144964457,0.0307878274470568,0.0300551056861877,0.0363451354205608,0.033998467028141,0.0323469489812851,0.0295378118753433,0.0339934267103672,0.0334630273282528,0.0316695719957352,0.0338954590260983,0.0334184803068638,0.0314939580857754,0.0328131541609764,0.0332741960883141,0.0292010363191366,0.0323918499052525,0.0326497703790665,0.0348554514348507,0.0364922694861889,0.0260487589985132,0.0342325158417225,0.0311431344598532,
884.0,0.0294060800224543,0.0318646468222141,0.0349924117326736,0.0350922755897045,0.0350768230855465,0.0384446121752262,0.0358664467930794,0.0329883210361004,0.0347776338458061,0.0314414985477924,0.0376743413507938,0.0352324396371841,0.03395015001297,0.0308149047195911,0.0299490056931973,0.0260455328971148,0.0356139354407787,0.0318606421351433,0.0261600073426962,0.0280786249786615,0.0313448868691921,0.0335599891841412,0.0325395315885544,0.0313191413879395,0.0332488603889942,0.0294009279459715,0.0308027286082506,0.030074467882514,0.0363602302968502,0.0340076461434364,0.0323656797409058,0.0295467432588339,0.0340168923139572,0.0334639959037304,0.0316870138049126,0.0339190401136875,0.0334329158067703,0.0315098613500595,0.0328168086707592,0.0332963205873966,0.0292230509221554,0.0324147753417492,0.0326610915362835,0.0348624400794506,0.0365037433803082,0.0260519701987505,0.0342575013637543,0.0311696249991655,
885.0,0.0293903965502977,0.0318365395069122,0.0349684692919254,0.0350652746856213,0.0350432358682156,0.0383984856307507,0.0358298905193806,0.0329537652432919,0.0347432382404804,0.0314202830195427,0.0376344546675682,0.0351961441338062,0.0339152030646801,0.0307926647365093,0.0299297776073217,0.02602918446064,0.0355722233653069,0.0318399183452129,0.0261395033448935,0.0280589554458857,0.0313041806221008,0.0335357896983624,0.0324969179928303,0.0312926657497883,0.0332190059125423,0.0293775722384453,0.0307800192385912,0.0300448201596737,0.0363309532403946,0.0339694134891033,0.0323361121118069,0.0295228399336338,0.0339946262538433,0.033420879393816,0.0316509269177914,0.0338869318366051,0.0334009528160095,0.0314802266657352,0.0327725745737553,0.0332685485482216,0.0291971694678068,0.0323902815580368,0.0326268635690212,0.0348259694874287,0.0364653989672661,0.026019798591733,0.0342352762818336,0.0311499275267124,
886.0,0.0293483920395374,0.0318029969930649,0.0349201522767544,0.0350136086344719,0.0349899753928185,0.0383234694600105,0.0357707813382149,0.0328992158174515,0.0346948504447937,0.0313808917999268,0.037551037967205,0.0351389013230801,0.0338533893227577,0.0307560749351978,0.0298868417739868,0.025981405749917,0.0355095863342285,0.0317992195487022,0.0260994117707014,0.0280180014669895,0.0312538482248783,0.0334869101643562,0.0324446260929108,0.0312427580356598,0.0331821702420712,0.0293245874345303,0.0307514816522598,0.0299974922090769,0.0362812243402004,0.033929917961359,0.0322817005217075,0.0294892266392708,0.0339451879262924,0.0333741903305054,0.0315908193588257,0.033820629119873,0.0333494916558266,0.0314246490597725,0.0327001810073853,0.0332037545740604,0.0291351042687893,0.0323382169008255,0.0325821302831173,0.0347729399800301,0.0364138558506966,0.0259790346026421,0.034187313169241,0.0311094652861357,
887.0,0.0293541848659515,0.031792439520359,0.0349171943962574,0.0350025184452534,0.0349715836346149,0.0383058860898018,0.0357557684183121,0.0328810624778271,0.034692969173193,0.0313729792833328,0.0375343337655067,0.0351188480854034,0.0338649190962315,0.0307420957833529,0.0298775695264339,0.0259705409407616,0.0354839600622654,0.031783077865839,0.0261059813201427,0.0280075557529926,0.0312349386513233,0.0334668979048729,0.0324229076504707,0.0312360357493162,0.0331701822578907,0.0293252561241388,0.0307335387915373,0.0299860797822475,0.0362591668963432,0.0339294038712978,0.0322687961161137,0.0294788479804993,0.033927246928215,0.0333619825541973,0.0315752886235714,0.0338061116635799,0.0333312526345253,0.0314084440469742,0.0326694622635841,0.0331873968243599,0.0291257798671722,0.0323235839605331,0.0325553119182587,0.0347344242036343,0.0363945253193378,0.0259544402360916,0.0341584607958794,0.0310885217040777,
888.0,0.0293434988707304,0.0317851640284061,0.0349031127989292,0.0349833443760872,0.0349496006965637,0.0382814183831215,0.0357342846691608,0.0328647382557392,0.0346825905144215,0.0313672497868538,0.0375174432992935,0.0351033061742783,0.0338533595204353,0.0307367853820324,0.0298680849373341,0.0259619671851397,0.0354614220559597,0.0317693836987019,0.0260982941836119,0.0279939100146294,0.0312155559659004,0.033451646566391,0.0323972627520561,0.0312259830534458,0.0331560149788857,0.0293287485837936,0.0307170376181602,0.0299769882112741,0.0362265072762966,0.033919919282198,0.0322480238974094,0.0294595658779144,0.0339240506291389,0.0333388522267342,0.0315637029707432,0.0337934270501137,0.0333200022578239,0.0313908644020557,0.0326430089771748,0.0331653244793415,0.0291176605969667,0.0322977304458618,0.0325307622551918,0.0347070842981339,0.0363818854093552,0.0259259287267923,0.0341450534760952,0.031079575419426,
889.0,0.0292898342013359,0.031744971871376,0.0348452627658844,0.0349215753376484,0.0348845534026623,0.0382087640464306,0.0356674715876579,0.0328079201281071,0.0346214175224304,0.0313226915895939,0.0374521836638451,0.0350461676716805,0.0337847135961056,0.0306991264224052,0.0298266559839249,0.0259218364953995,0.0354002416133881,0.0317208059132099,0.0260558407753706,0.0279519390314817,0.0311561543494463,0.033399049192667,0.0323331318795681,0.0311799123883247,0.0331045724451542,0.0292888022959232,0.0306724347174168,0.029932813718915,0.0361524038016796,0.0338670983910561,0.0321865417063236,0.029408672824502,0.0338744930922985,0.0332718379795551,0.031510017812252,0.0337436534464359,0.0332633405923843,0.0313322059810162,0.0325794108211994,0.0330959260463715,0.0290652606636286,0.0322310924530029,0.0324645601212978,0.0346467271447182,0.0363273322582245,0.0258707609027624,0.0340959280729294,0.031042005866766,
890.0,0.0291646830737591,0.031611792743206,0.0346957705914974,0.0347679778933525,0.0347194038331509,0.03803426399827,0.0355025380849838,0.0326508171856403,0.0344574451446533,0.0311813298612833,0.0372806563973427,0.034879595041275,0.0336327217519283,0.0305653940886259,0.0297038033604622,0.0258055664598942,0.0352364033460617,0.0315796583890915,0.0259541030973196,0.0278389751911163,0.0310034286230803,0.0332452096045017,0.0321787968277931,0.0310499984771013,0.0329602807760239,0.02915283665061,0.0305423084646463,0.0298007149249315,0.0359860137104988,0.0337218083441257,0.0320408791303635,0.0292852614074945,0.0336985662579536,0.0331152752041817,0.0313551016151905,0.0336013622581959,0.0330929271876812,0.0311808194965124,0.0324203260242939,0.0329307317733765,0.0289192833006382,0.03208327293396,0.0322927422821522,0.0344768837094307,0.0361572280526161,0.025748785585165,0.0339295491576195,0.0309060644358397,
891.0,0.0288605708628893,0.0312766171991825,0.0343032442033291,0.034395981580019,0.0343396104872227,0.037617314606905,0.0351180657744408,0.0322906635701656,0.0340808108448982,0.0308526493608952,0.0368798784911633,0.0344875939190388,0.0332757905125618,0.0302528906613588,0.0293850619345903,0.0255338307470083,0.0348451472818851,0.0312532670795918,0.02567308396101,0.0275336485356092,0.0306773092597723,0.0328908935189247,0.0318250805139542,0.0307075083255768,0.0326146818697453,0.0288421716541052,0.030213663354516,0.0294850748032331,0.0355930589139462,0.0333538390696049,0.0317007973790169,0.0289645679295063,0.0333483517169952,0.032754797488451,0.031008742749691,0.0332335904240608,0.0327445864677429,0.0308461543172598,0.0320602059364319,0.0325787216424942,0.0286118555814028,0.031740378588438,0.0319425314664841,0.0340930409729481,0.0357583574950695,0.0254665352404118,0.0335576422512531,0.0305678937584162,
892.0,0.0283276066184044,0.0307093765586615,0.0336716137826443,0.0337694473564625,0.0337169803678989,0.0369255281984806,0.0344677902758121,0.0316996686160564,0.0334623828530312,0.0303037986159325,0.0361971706151962,0.0338590182363987,0.0326751582324505,0.0297001991420984,0.0288520194590092,0.0250736605376005,0.0342052020132542,0.0306822806596756,0.0252009220421314,0.0270244088023901,0.0301128141582012,0.0322897471487522,0.0312299411743879,0.0301453750580549,0.0320248864591122,0.0283188987523317,0.0296557042747736,0.0289489440619946,0.0349376313388348,0.0327596329152584,0.031125521287322,0.0284353997558355,0.0327543020248413,0.0321605801582336,0.0304394885897636,0.0326195284724236,0.0321547910571098,0.0302816536277533,0.0314628630876541,0.0319820716977119,0.0280933678150177,0.0311662405729294,0.0313639603555202,0.03346111997962,0.0351071134209633,0.0249829981476069,0.0329474769532681,0.030014880001545,
893.0,0.0275903567671776,0.0299201831221581,0.0328097641468048,0.0328918471932411,0.0328486226499081,0.0359634757041931,0.0335646905004978,0.0308813955634832,0.0326046422123909,0.0295274592936039,0.0352465659379959,0.0329879336059093,0.0318321473896503,0.0289263743907213,0.0281104221940041,0.0244324132800102,0.0333175547420979,0.0298790708184242,0.0245494898408651,0.0263265985995531,0.029313076287508,0.0314509049057961,0.0304128490388393,0.0293726865202188,0.031200198456645,0.0275879632681608,0.0288851298391819,0.0281961634755135,0.0340301878750324,0.0319264754652977,0.0303162522614002,0.0276998374611139,0.0319107919931412,0.0313240550458431,0.0296474155038595,0.0317714065313339,0.0313192121684551,0.0294864755123854,0.0306313801556826,0.0311489887535572,0.0273625403642654,0.0303630828857422,0.0305542126297951,0.0325923264026642,0.0342033132910728,0.0243212729692459,0.0321046337485313,0.0292505417019129,
894.0,0.0267133824527264,0.0289522428065538,0.0317435972392559,0.031807042658329,0.0317656397819519,0.0347741357982159,0.0324647687375546,0.0298701841384172,0.0315403528511524,0.028552919626236,0.0340891294181347,0.0318941585719585,0.0307870246469975,0.0279972460120916,0.0271932892501354,0.0236449353396893,0.0322154276072979,0.0289037823677063,0.0237510707229376,0.0254753939807415,0.0283357109874487,0.0304255019873381,0.0294290203601122,0.0284183211624622,0.0301880482584238,0.0266889519989491,0.0279506761580706,0.0272667091339827,0.0329182371497154,0.030864542350173,0.0293144211173058,0.0267840791493654,0.0308650732040405,0.0302753709256649,0.0286670364439487,0.0307314842939377,0.0302842147648335,0.0285046063363552,0.0296084638684988,0.0301346853375435,0.0264597199857235,0.0293684396892786,0.0295524373650551,0.0315321199595928,0.0330788120627403,0.0235367100685835,0.0310660973191261,0.0282997973263264,
895.0,0.0257147382944822,0.0278703719377518,0.0305530447512865,0.0306110791862011,0.0305627677589655,0.0334503948688507,0.0312297996133566,0.0287340059876442,0.0303298197686672,0.0274856891483068,0.0327877067029476,0.0306825507432222,0.0296231061220169,0.026941180229187,0.0261755064129829,0.0227390024811029,0.0309994518756866,0.0278083216398954,0.0228512100875378,0.0245080292224884,0.0272701885551214,0.0292785204946995,0.0283028837293386,0.0273422114551067,0.0290402565151453,0.0256788153201342,0.0268963743001223,0.0262302178889513,0.0316672883927822,0.0296982191503048,0.0282056219875813,0.0257733166217804,0.0296961963176727,0.0291431602090597,0.0275819934904575,0.0295688919723034,0.0291335228830576,0.0274341851472855,0.0284884478896856,0.0289994049817324,0.0254570338875055,0.0282509252429008,0.0284331887960434,0.0303354132920504,0.0318263247609138,0.0226341504603624,0.0298834256827831,0.027223352342844,
896.0,0.0247116666287184,0.0267744790762663,0.029342221096158,0.0294140838086605,0.0293625462800264,0.032122764736414,0.0300049334764481,0.0275958795100451,0.0291320867836475,0.0264115855097771,0.0314860604703426,0.029482539743185,0.0284600462764502,0.0258929263800383,0.0251536164432764,0.021846866235137,0.0297745298594236,0.0267138406634331,0.0219600461423397,0.0235420130193233,0.0262052398175001,0.0281267967075109,0.0271806623786688,0.0262702312320471,0.0278969630599022,0.0246767122298479,0.0258431490510702,0.0252006966620684,0.0304101426154375,0.0285356901586056,0.0270949602127075,0.0247626174241304,0.0285350065678358,0.0280016865581274,0.0265017282217741,0.0284120682626963,0.0279873218387365,0.0263653825968504,0.0273610148578882,0.0278580915182829,0.0244544539600611,0.0271430555731058,0.0273125618696213,0.0291357543319464,0.0305754728615284,0.0217324271798134,0.0287068039178848,0.0261579807847738,
897.0,0.0238330531865358,0.0258040055632591,0.0282698925584555,0.0283493902534246,0.0283036138862371,0.030951801687479,0.0289247035980225,0.0266024004667997,0.0280827581882477,0.0254618264734745,0.0303404107689857,0.0284266620874405,0.0274360571056604,0.0249740742146969,0.0242514610290527,0.0210733041167259,0.0286914333701134,0.0257503222674131,0.0211806148290634,0.022700097411871,0.0252605769783258,0.0271091479808092,0.0261999126523733,0.0253335051238537,0.0268963295966387,0.0237987171858549,0.0249169506132603,0.0242993421852589,0.029305363073945,0.0275120195001364,0.0261200610548258,0.0238693095743656,0.0275140069425106,0.0269846376031637,0.0255527943372726,0.0273922327905893,0.0269776955246925,0.0254157911986113,0.0263553839176893,0.0268473941832781,0.0235722418874502,0.0261800903826952,0.0263266246765852,0.0280820243060589,0.0294726118445396,0.0209456086158752,0.0276776552200317,0.0252317823469639,
898.0,0.0232041273266077,0.0251119211316109,0.0275128483772278,0.0275649260729551,0.0275292173027992,0.0301067996770144,0.0281177889555693,0.0258970875293016,0.0273031201213598,0.0247850213199854,0.029507003724575,0.0276483315974474,0.0266944468021393,0.0242947582155466,0.0236023142933846,0.0205034743994474,0.0279176905751228,0.0250479578971863,0.0206085722893476,0.0220972001552582,0.0245710592716932,0.0263710096478462,0.0254827216267586,0.0246568359434605,0.0261669885367155,0.0231548082083464,0.0242395754903555,0.023644732311368,0.0285143461078405,0.0267720073461533,0.0254252273589373,0.0232195928692818,0.026763491332531,0.0262548457831144,0.0248651523143053,0.0266406908631325,0.0262397211045027,0.024717515334487,0.0256221871823072,0.0261118579655886,0.0229361467063427,0.0254874527454376,0.0256152581423521,0.0273203756660223,0.0286673940718174,0.0203748438507319,0.0269240606576204,0.024560084566474,
899.0,0.0229074563831091,0.0247853379696608,0.0271503478288651,0.0272029098123312,0.0271549429744482,0.029703926295042,0.0277360137552023,0.02553341537714,0.0269470326602459,0.0244530476629734,0.0291131585836411,0.0272820889949799,0.0263472143560648,0.0239720474928617,0.0232951994985342,0.0202429536730051,0.0275444462895393,0.0247201081365347,0.0203403830528259,0.0218062847852707,0.0242368318140507,0.0260224677622318,0.0251243319362402,0.0243273936212063,0.025811830535531,0.0228465870022774,0.023905623704195,0.0233253389596939,0.0281350463628769,0.0264144297689199,0.0250763464719057,0.0229076258838177,0.0264062620699406,0.0259023867547512,0.0245316866785288,0.0262920223176479,0.0258894022554159,0.0243742913007736,0.0252790357917547,0.0257683135569096,0.0226347241550684,0.025145348161459,0.0252766627818346,0.0269428808242083,0.0282743591815233,0.0200917925685644,0.0265556704252958,0.0242419671267271,
900.0,0.0229832045733929,0.0248679537326097,0.0272316783666611,0.0272942986339331,0.0272335596382618,0.0297830272465944,0.0278154984116554,0.0256051067262888,0.0270400252193213,0.0245290994644165,0.029206320643425,0.0273679811507463,0.0264327023178339,0.0240469872951508,0.0233686584979296,0.0203167237341404,0.0276280008256435,0.0247936863452196,0.0204085893929005,0.0218684747815132,0.0243008490651846,0.026106022298336,0.0251893848180771,0.0244043730199337,0.0258976574987173,0.0229217261075974,0.023978078737855,0.0233964752405882,0.0282175093889236,0.0264961048960686,0.0251462534070015,0.0229812823235989,0.0265000779181719,0.0259739831089973,0.0245973225682974,0.0263696499168873,0.0259687025099993,0.0244519971311092,0.0253568179905415,0.0258537996560335,0.0227005742490292,0.0252124145627022,0.025346951559186,0.027011152356863,0.0283522810786963,0.0201467350125313,0.0266392640769482,0.0243192482739687,
901.0,0.0233844369649887,0.0253111608326435,0.0277090724557638,0.027778098359704,0.0277137905359268,0.0302969794720411,0.0283022150397301,0.0260591600090265,0.0275191236287355,0.0249701496213675,0.0297170747071505,0.0278482716530561,0.0268983673304319,0.0244756042957306,0.0237798951566219,0.0206764973700047,0.0281097795814276,0.0252279620617628,0.0207748375833035,0.0222479868680239,0.0247207544744015,0.0265683699399233,0.0256319269537926,0.0248370673507452,0.0263653937727213,0.0233357604593039,0.0244070459157228,0.0238122567534447,0.0287066884338856,0.0269666314125061,0.0255927760154009,0.0233890097588301,0.0269787143915892,0.0264194533228874,0.0250206012278795,0.0268263760954142,0.0264285989105701,0.0248931366950274,0.0257942397147417,0.0263072736561298,0.0230907555669546,0.0256470199674368,0.0257808361202478,0.0274734534323215,0.0288472808897495,0.0205029081553221,0.027122350409627,0.0247493162751198,
902.0,0.0239735692739487,0.025968361645937,0.028428565710783,0.0284977927803993,0.0284334626048803,0.0310908854007721,0.029042162001133,0.0267119873315096,0.0282307583838701,0.0256256889551878,0.0304650105535984,0.0285617355257273,0.0275933630764484,0.0251206699758768,0.0243973322212696,0.0212002657353878,0.0288183353841305,0.0258977543562651,0.0213224776089191,0.0228241179138422,0.0253592934459448,0.0272547602653503,0.0262939278036356,0.0254692696034908,0.0270407665520906,0.0239482205361128,0.0250348895788193,0.0244259424507618,0.0294381584972143,0.0276656933128834,0.0262572076171637,0.0239843912422657,0.0276636425405741,0.0270887240767479,0.0256637576967478,0.0275272857397795,0.027119480073452,0.0255278442054987,0.0264386050403118,0.0269711650907993,0.0236805304884911,0.0263011828064919,0.0264395400881767,0.0281661599874496,0.0295914486050606,0.0210329703986645,0.027833353728056,0.025395454838872,
903.0,0.024505851790309,0.0265715308487415,0.0290990732610226,0.0291789826005697,0.0290895588696003,0.0318123176693916,0.0297304037958384,0.0273462645709515,0.0289119612425566,0.0262470841407776,0.0311832819133997,0.0292109828442335,0.0282321739941835,0.0257122963666916,0.0249692909419537,0.0216794312000275,0.0294838938862085,0.0265173837542534,0.0218225326389074,0.0233643334358931,0.0259446818381548,0.0278816279023886,0.026909502223134,0.026066068559885,0.0276888180524111,0.0245057344436646,0.025626277551055,0.0249976813793182,0.0301252100616694,0.0283168852329254,0.0268754083663225,0.0245490986853838,0.0283140111714602,0.0277261231094599,0.0262532457709312,0.0281662009656429,0.0277464929968119,0.0261276848614216,0.0270419046282768,0.0275924149900675,0.0242384374141693,0.0269059259444475,0.0270369201898575,0.0288327671587467,0.0303063727915287,0.0215090904384851,0.0284893065690994,0.0259863473474979,
904.0,0.024824570864439,0.0269385688006878,0.0294981189072132,0.0295594576746225,0.0294818747788668,0.0322304852306843,0.0301367100328207,0.0277170613408089,0.029296949505806,0.0266146957874298,0.0316081009805202,0.0295876525342464,0.0286193136125803,0.0260693449527025,0.0253172442317009,0.0219755433499813,0.0298855192959309,0.026881717145443,0.0221065878868103,0.0236795395612717,0.0262802001088858,0.0282515566796064,0.0272555854171515,0.0264227949082851,0.0280712302774191,0.024835417047143,0.0259727817028761,0.0253356005996466,0.0305296778678894,0.0287084821611643,0.0272365771234035,0.0248784143477678,0.0287001747637987,0.0280948374420404,0.0265993755310774,0.0285337809473276,0.0281124915927649,0.0264711137861013,0.0273908153176308,0.0279593486338854,0.0245638061314821,0.0272507797926664,0.0273882616311312,0.0292206853628159,0.0307159312069416,0.0217852015048265,0.0288647226989269,0.0263292025774717,
905.0,0.024822723120451,0.0269316975027323,0.0294781383126974,0.02951655164361,0.0294598434120417,0.032197143882513,0.0301033109426498,0.0276832208037376,0.0292459484189749,0.0265916436910629,0.0315723121166229,0.0295598655939102,0.0286124590784311,0.0260640382766724,0.0253066681325436,0.0219754464924335,0.0298633966594934,0.0268592294305563,0.0220814365893602,0.023658374324441,0.0262466743588448,0.0282269362360239,0.0272136330604553,0.0264075305312872,0.02804946154356,0.0248178299516439,0.0259479135274887,0.0253133717924356,0.030500628054142,0.0286933276802301,0.0272085294127464,0.0248528569936752,0.0286779943853617,0.028061006218195,0.0265737622976303,0.0285026505589485,0.0280894413590431,0.0264347102493048,0.0273566097021103,0.0279345866292715,0.0245388131588697,0.0272182431071997,0.0273652542382479,0.0291788745671511,0.0306660961359739,0.0217653084546328,0.0288274101912975,0.0263081975281239,
906.0,0.0244644861668348,0.0264975670725107,0.0290021523833275,0.0290723536163569,0.0289669167250395,0.0316772125661373,0.0295891650021076,0.0272365231066942,0.0287670902907848,0.0261554811149836,0.0310466401278973,0.0290981773287058,0.0281593501567841,0.0256521124392748,0.0248892717063427,0.0216265562921762,0.029364749789238,0.026421595364809,0.0217411573976278,0.0232870206236839,0.0258249286562204,0.0277674160897732,0.0267856903374195,0.0259900894016027,0.0276099648326635,0.0244184955954552,0.0255330745130777,0.0249009784311056,0.0300071854144335,0.0282268840819597,0.0267676059156656,0.024460943415761,0.0282201953232288,0.027615612372756,0.0261400938034058,0.0280505325645208,0.02764493227005,0.0260139852762222,0.0269198939204216,0.0274861101061106,0.0241496711969376,0.0268018934875727,0.0269270576536655,0.0286906193941832,0.030153987929225,0.0214235167950392,0.0283628683537245,0.0259038452059031,
907.0,0.0238863378763199,0.0258535873144865,0.0282919425517321,0.0283617321401834,0.0282503161579371,0.0308874398469925,0.0288640689104795,0.0265833903104067,0.0280619021505117,0.0255137179046869,0.0302844773977995,0.0283853486180305,0.0274650994688272,0.0250056125223637,0.0242996420711279,0.0211039893329144,0.0286361165344715,0.0257696658372879,0.0212067738175392,0.0227171927690506,0.0251867268234491,0.0271029807627201,0.0261401981115341,0.0253469944000244,0.0269312486052513,0.0238347612321377,0.0249058473855257,0.02428930811584,0.029261514544487,0.0275274105370045,0.026117816567421,0.0238705333322287,0.0275209527462721,0.0269329678267241,0.0254897587001324,0.0273573100566864,0.0269604027271271,0.0253788959234953,0.0262557957321405,0.0268055852502584,0.0235538706183434,0.0261716060340405,0.0262664500623941,0.0279775895178318,0.0294079072773457,0.0209001209586859,0.0276622474193573,0.0252701342105865,
908.0,0.0233236700296402,0.0252445545047522,0.0276194121688604,0.0276678428053856,0.0275722369551659,0.0301341079175472,0.028170907869935,0.0259457658976316,0.0273918211460114,0.0249086562544107,0.0295594520866871,0.0277119819074869,0.0268018320202827,0.0244115479290485,0.0237314887344837,0.0206084791570902,0.0279523469507694,0.0251481998711824,0.0207059253007174,0.0221744682639837,0.0245801918208599,0.0264633633196354,0.0255078971385956,0.0247331596910954,0.0262843016535044,0.0232705753296614,0.0243188999593258,0.02370984852314,0.0285483635962009,0.0268689636141062,0.0254981610924006,0.0232974905520678,0.0268570836633444,0.0262786205857992,0.0248804688453674,0.0267081819474697,0.0263103470206261,0.0247646775096655,0.0256146509200335,0.0261560771614313,0.0229865666478872,0.0255473349243402,0.025634765625,0.0273050107061863,0.028702775016427,0.0203834772109985,0.027003226801753,0.0246644616127014,
909.0,0.0229349713772535,0.0248332135379314,0.0271632969379425,0.0272013898938894,0.0271163303405046,0.0296278428286314,0.0276984665542841,0.0255031045526266,0.0269420333206654,0.0245089288800955,0.029063718393445,0.0272600203752518,0.0263601038604975,0.0240337643772364,0.0233383849263191,0.0202719215303659,0.0274925865232944,0.0247333291918039,0.0203762240707874,0.021810395643115,0.0241717249155045,0.0260192379355431,0.0250627305358648,0.0243282727897167,0.0258533153682947,0.0228870287537575,0.0239304956048727,0.0233221240341663,0.0280652139335871,0.0264324191957712,0.0250767525285482,0.0229065772145987,0.0264162868261337,0.0258368253707886,0.0244775284081697,0.0262730997055769,0.0258767176419497,0.024348683655262,0.025174580514431,0.0257133040577173,0.0226103775203228,0.0251057129353285,0.0252065360546112,0.0268560610711575,0.0282327737659216,0.02002196572721,0.0265648141503334,0.0242582205682993,
910.0,0.0227698981761932,0.0246705282479525,0.0269784182310104,0.0270436983555555,0.0269487947225571,0.0294375102967024,0.0275346245616674,0.0253462605178356,0.0267789270728827,0.0243722759187222,0.0288698188960552,0.0270699262619019,0.0262044835835695,0.0238852202892303,0.0231976713985205,0.0201341100037098,0.0273085385560989,0.0245907362550497,0.0202417653053999,0.021671611815691,0.0240124706178904,0.0258482545614243,0.0248830523341894,0.0241939648985863,0.0256950203329325,0.0227597337216139,0.0237764157354832,0.0231796279549599,0.0278805606067181,0.0262701362371445,0.0249150395393372,0.0227700751274824,0.0262566693127155,0.0256703123450279,0.0243219267576933,0.0260832961648703,0.0257113259285688,0.024204820394516,0.0250018145889044,0.0255332309752703,0.0224764030426741,0.0249363519251347,0.0250417236238718,0.0266918409615755,0.0280659217387438,0.0198871791362762,0.0263930968940258,0.0241014156490564,
911.0,0.0227575693279505,0.0246670041233301,0.0269903820008039,0.027039410546422,0.0269428975880146,0.0294329505413771,0.0275135543197393,0.025340273976326,0.0267715957015753,0.0243772529065609,0.0288700498640537,0.0270568504929543,0.0261949878185987,0.0238699149340391,0.0231886506080627,0.020129045471549,0.0273030623793602,0.0245864056050777,0.0202490612864494,0.0216790810227394,0.024016784504056,0.0258692540228367,0.024884931743145,0.0242009330540895,0.0256918966770172,0.0227461904287338,0.0237773917615414,0.0231765117496252,0.0278833489865065,0.0262765046209097,0.0249067116528749,0.0227701216936111,0.0262621566653252,0.0256773233413696,0.0243144910782576,0.0261018332093954,0.0257120747119188,0.0241993051022291,0.0249945931136608,0.025543263182044,0.0224597118794918,0.024936206638813,0.0250315777957439,0.0266832318156958,0.0280489008873701,0.0198907051235437,0.0263949781656265,0.0241056066006422,
912.0,0.0227815136313438,0.0247010011225939,0.0270142294466496,0.0270555317401886,0.0269519500434399,0.0294354204088449,0.0275184288620949,0.025346802547574,0.0267820190638304,0.0243883449584246,0.0288761407136917,0.0270685218274593,0.0262038540095091,0.0238859858363867,0.0231986586004496,0.0201423559337854,0.0273114703595638,0.0245968997478485,0.0202683489769697,0.0216901898384094,0.0240196697413921,0.0258884970098734,0.0249021966010332,0.0242211408913136,0.0257070325314999,0.0227478370070457,0.0237961877137423,0.0231880024075508,0.027892641723156,0.0262922532856464,0.0249132346361876,0.0227752439677715,0.0262729115784168,0.0256783496588469,0.0243282429873943,0.0261173509061337,0.0257151369005442,0.0241973511874676,0.0249948538839817,0.0255638565868139,0.0224634036421776,0.0249472185969353,0.0250374190509319,0.0266823079437017,0.0280477777123451,0.019898883998394,0.0263917911797762,0.024127883836627,
913.0,0.0227828826755285,0.0246955323964357,0.0269765928387642,0.0270333103835583,0.0269171539694071,0.0293856412172318,0.0274930652230978,0.0253163110464811,0.0267496109008789,0.0243579465895891,0.0288275051862001,0.0270382929593325,0.026178827509284,0.023876728489995,0.0231813192367554,0.0201263912022114,0.0272731725126505,0.0245688315480947,0.0202469024807215,0.0216595102101564,0.0239710193127394,0.0258398540318012,0.0248649753630161,0.0242010876536369,0.0256844311952591,0.0227284487336874,0.0237740408629179,0.0231658387929201,0.0278492402285337,0.0262599848210812,0.0248792394995689,0.0227404050529003,0.0262316856533289,0.0256251599639654,0.0242975875735283,0.0260645877569914,0.0256734509021044,0.0241629406809807,0.0249487645924091,0.0255295187234879,0.0224422942847013,0.0249154381453991,0.0250030551105738,0.0266351941972971,0.0280145406723022,0.0198612418025732,0.0263384263962507,0.0241087768226862,
914.0,0.0227791219949722,0.0246511083096266,0.0269378330558538,0.0270031280815601,0.0268827527761459,0.0293532852083445,0.0274583902209997,0.0252969823777676,0.0267099961638451,0.024336650967598,0.0288020838052034,0.0270067676901817,0.0261555761098862,0.0238524563610554,0.0231675133109093,0.0201141554862261,0.0272463951259851,0.0245346836745739,0.0202243365347385,0.0216465163975954,0.0239444449543953,0.0258024353533983,0.0248215477913618,0.0241750832647085,0.0256639197468758,0.0227196980267763,0.0237478818744421,0.0231483895331621,0.0278252381831408,0.0262361764907837,0.0248479843139648,0.0227152183651924,0.0261987261474133,0.025604285299778,0.0242440905421972,0.0260375663638115,0.0256605315953493,0.0241580437868834,0.0249167997390032,0.0255040638148785,0.0224152486771345,0.0249009858816862,0.0249697957187891,0.0265947505831718,0.0279946736991405,0.0198235753923655,0.0263257008045912,0.0240892469882965,
915.0,0.0228767320513725,0.0247540045529604,0.0270471721887589,0.0271041803061962,0.0269847381860018,0.0294518265873194,0.0275691915303469,0.0253974217921495,0.0268201250582933,0.024442795664072,0.0289163757115602,0.0271221250295639,0.0262609701603651,0.0239616855978966,0.0232649687677622,0.0202054344117641,0.0273551009595394,0.0246389098465443,0.0202971752732992,0.0217344984412193,0.0240404084324837,0.0259206276386976,0.024918831884861,0.024265481159091,0.0257762968540192,0.0228186324238777,0.0238349232822657,0.0232306253165007,0.0279244370758533,0.026331540197134,0.0249493978917599,0.022800961509347,0.0263187251985073,0.0256971940398216,0.0243425816297531,0.0261322557926178,0.0257502142339945,0.0242491997778416,0.0250006262212992,0.0255964640527964,0.0224955193698406,0.0250047538429499,0.0250624846667051,0.026695441454649,0.0280985869467258,0.0198958553373814,0.0264290031045675,0.0241929497569799,
916.0,0.0231533870100975,0.0250551607459784,0.0273578837513924,0.0274142138659954,0.0272909700870514,0.0297714993357658,0.0278868544846773,0.0256915017962456,0.0271344445645809,0.024736886844039,0.0292337946593761,0.0274251010268927,0.0265601072460413,0.0242468882352114,0.0235356092453003,0.020440585911274,0.0276683308184147,0.0249361898750067,0.0205489229410887,0.021985087543726,0.0243122093379498,0.0262310411781073,0.0252055265009403,0.0245523434132338,0.0260777901858091,0.0230808034539223,0.0241107326000929,0.0234977081418037,0.0282411444932222,0.0266289841383696,0.0252452287822962,0.0230672173202038,0.0266342423856258,0.0259775705635548,0.0246213041245937,0.0264302678406239,0.0260456297546625,0.0245183911174536,0.0252724569290876,0.0258832592517138,0.0227538589388132,0.0252889562398195,0.0253516007214785,0.0269883368164301,0.0284199025481939,0.0201237723231316,0.0267355181276798,0.0244841948151588,
917.0,0.023564126342535,0.0254950448870659,0.0278256945312023,0.0278951060026884,0.0277585033327341,0.0302786305546761,0.0283658374100924,0.0261385943740606,0.0276090502738953,0.0251738484948874,0.029725095257163,0.0278816949576139,0.0270204097032547,0.0246683321893215,0.0239485539495945,0.0207888763397932,0.0281386729329824,0.025377880781889,0.0209343023598194,0.0223640725016594,0.0247244257479906,0.0266825463622808,0.0256288833916187,0.0249880440533161,0.0265225861221552,0.0234738178551197,0.0245345328003168,0.0239146780222654,0.0287269651889801,0.0270929243415594,0.0256867073476315,0.0234740655869246,0.0270923282951117,0.0264186803251505,0.0250333566218615,0.0268908031284809,0.0265063606202602,0.0249378215521574,0.0257029160857201,0.026330977678299,0.0231523439288139,0.0257164128124714,0.0257892776280642,0.0274347253143787,0.0289139002561569,0.0204702224582434,0.0272061377763748,0.0249131303280592,
918.0,0.0239728782325983,0.0259441453963518,0.0283357370644808,0.0284160859882832,0.0282603930681944,0.0308355148881674,0.0288823284208775,0.0266088452190161,0.0281271785497665,0.0256321020424366,0.0302829928696156,0.028401181101799,0.0275299903005362,0.0251280050724745,0.0243983194231987,0.0211672428995371,0.0286328960210085,0.0258415099233389,0.021310169249773,0.0227633658796549,0.0251726005226374,0.0271658021956682,0.0260693039745092,0.02543044090271,0.0269934870302677,0.0238983761519194,0.0249780490994453,0.0243501421064138,0.0292253773659468,0.0275927577167749,0.0261455420404673,0.023897061124444,0.0275762788951397,0.0269080512225628,0.0254854820668697,0.0273772701621056,0.0269772950559855,0.0253874883055687,0.0261770728975534,0.026816027238965,0.0235703308135271,0.0261737257242203,0.0262406580150127,0.027928477153182,0.0294282101094723,0.0208379961550236,0.0276996921747923,0.0253501031547785,
919.0,0.0244008786976337,0.0264188386499882,0.0288577452301979,0.0289262942969799,0.0287697222083807,0.0313861705362797,0.0294122435152531,0.0270850341767073,0.0286422930657864,0.02611387334764,0.0308329295367002,0.0289174728095531,0.0280281361192465,0.025590792298317,0.024843281134963,0.0215569548308849,0.0291523896157742,0.0263067111372948,0.0216922052204609,0.0231783203780651,0.0256216004490852,0.0276636853814125,0.0265414044260979,0.0258940197527409,0.0274995733052492,0.0243448093533516,0.0254466459155083,0.0247903950512409,0.029767382889986,0.0281033590435982,0.02662118896842,0.0243224613368511,0.0280786622315645,0.0273963734507561,0.0259547680616379,0.0278855469077826,0.0274788346141577,0.0258444920182228,0.0266363881528378,0.0272920187562704,0.0240045078098774,0.0266473777592182,0.0267093311995268,0.028428353369236,0.0299685113132,0.0212104972451925,0.0282083079218864,0.0258244052529335,
920.0,0.0247630756348372,0.0268244575709105,0.0292827989906073,0.0293421614915133,0.0291905030608177,0.0318294204771519,0.0298349671065807,0.027464184910059,0.0290594603866339,0.0265122186392546,0.031279131770134,0.029330326244235,0.0284396894276142,0.0259789582341909,0.0252044498920441,0.0218761265277863,0.0295700021088123,0.0266954284161329,0.0220122747123241,0.023521788418293,0.025990067049861,0.0280691217631102,0.0269273426383734,0.0262853614985943,0.0279203895479441,0.0247133374214172,0.025838254019618,0.0251616220921278,0.0302102472633123,0.0285223443061113,0.0270097982138395,0.0246804002672434,0.0285017155110836,0.0277841836214066,0.02633554674685,0.0282947961241007,0.0278827082365751,0.0262255519628525,0.0270027406513691,0.0276787187904119,0.0243538804352283,0.0270321276038885,0.0270929951220751,0.0288369096815586,0.0304086375981569,0.0215222910046577,0.0286124460399151,0.0262067057192326,
921.0,0.02497398853302,0.0270605143159628,0.0295226257294416,0.0295787397772074,0.0294250603765249,0.0320733040571213,0.0300660897046328,0.0276750084012747,0.0292938873171806,0.0267364997416735,0.0315251722931862,0.0295627005398273,0.0286791641265154,0.0262044463306665,0.0254117399454117,0.02205590903759,0.0297934990376234,0.0269222036004066,0.0221970919519663,0.0237173549830914,0.0262003634124994,0.0282912459224463,0.027133846655488,0.0265088006854057,0.0281575005501509,0.0249175280332565,0.0260590855032206,0.025379678234458,0.0304459519684315,0.0287547949701548,0.0272235106676817,0.024892708286643,0.02874406427145,0.0279969740658998,0.0265388060361147,0.0285155884921551,0.0280967149883509,0.0264377743005753,0.0272025782614946,0.0278979502618313,0.0245380029082298,0.0272426195442677,0.0273004714399576,0.0290678422898054,0.0306458473205566,0.0216945298016071,0.0288294982165098,0.0264096241444349,
922.0,0.0249691531062126,0.0270480588078499,0.0295222010463476,0.0295650605112314,0.0293965488672256,0.0320489257574081,0.0300653912127018,0.0276820827275515,0.0292837116867304,0.0267316270619631,0.0314930342137814,0.0295650344341993,0.0286662299185991,0.0261904560029507,0.0254135485738516,0.0220528859645128,0.0297809466719627,0.0269140228629112,0.0221884548664093,0.0237149465829134,0.0261896606534719,0.0282743014395237,0.0271124970167875,0.0264924895018339,0.0281562060117722,0.0249048359692097,0.0260461755096912,0.0253692548722029,0.0304241329431534,0.0287344940006733,0.0272087678313255,0.0248891320079565,0.0287265386432409,0.0279918760061264,0.0265101045370102,0.0285055302083492,0.0280841700732708,0.026404220610857,0.0271774847060442,0.0278846360743046,0.0245151314884424,0.0272283665835857,0.0272736996412277,0.0290592536330223,0.030623409897089,0.0216592811048031,0.0288242641836405,0.0264047179371119,
923.0,0.0247378740459681,0.0267895311117172,0.0292372666299343,0.0292940381914377,0.0291097853332758,0.0317298546433449,0.0297628249973059,0.0274068750441074,0.0289996229112148,0.026477349922061,0.0311953816562891,0.0292741060256958,0.0283900704234838,0.0259525384753942,0.025183217599988,0.0218487624078989,0.0294896513223648,0.0266719963401556,0.0219942703843117,0.0234966389834881,0.0259151421487331,0.0280081331729889,0.0268423575907946,0.0262461099773645,0.0278994478285313,0.0246811117976904,0.025794317945838,0.0251207500696182,0.0301087275147438,0.0284647289663553,0.0269466768950224,0.0246503576636314,0.0284559857100248,0.0277249030768871,0.026236878708005,0.0282329898327589,0.0278270691633224,0.0261574815958738,0.0269126985222101,0.0276043731719255,0.0242873001843691,0.0269576124846935,0.0270127784460783,0.0287792980670929,0.0303257293999195,0.0214629638940096,0.0285414215177298,0.0261557511985302,
924.0,0.0242744591087103,0.0263011511415243,0.0286988113075495,0.0287539642304182,0.0285612437874079,0.0311284586787224,0.0292089022696018,0.026890754699707,0.0284710116684437,0.025993887335062,0.0306264068931341,0.0287310499697924,0.0278774406760931,0.0254929903894663,0.0247238855808973,0.0214527454227209,0.0289405658841133,0.0261932536959648,0.0216032229363918,0.0230732969939709,0.0254255663603544,0.0275071077048779,0.0263349544256926,0.0257575679570436,0.0273903161287308,0.024245148524642,0.0253073070198298,0.0246528908610344,0.0295328497886658,0.0279518514871597,0.0264521278440952,0.0241886638104916,0.0279343761503696,0.0271981228142977,0.0257429033517838,0.027710072696209,0.0273172296583653,0.0256790332496166,0.0264039449393749,0.0270935446023941,0.0238395556807518,0.0264588557183743,0.0265164542943239,0.0282492134720087,0.0297754462808371,0.0210606437176466,0.0280243530869484,0.0256869662553072,
925.0,0.0235772579908371,0.0255748555064201,0.0279009491205215,0.0279353894293308,0.0277388971298933,0.0302423927932978,0.0283953212201595,0.0261340532451868,0.0276789907366037,0.0252730175852776,0.0297626275569201,0.0279250238090754,0.0271013285964727,0.0247860979288816,0.0240325070917606,0.0208511203527451,0.0281265266239643,0.0254611521959305,0.0209983997046947,0.0224315393716097,0.0247138869017363,0.0267443843185902,0.0255789943039417,0.0250148214399815,0.0266191158443689,0.0235684756189585,0.0245876926928759,0.0239585712552071,0.0286897104233503,0.0271742101758718,0.0257066637277603,0.0235057231038809,0.0271491818130016,0.0264124181121588,0.0250235237181187,0.0269312988966703,0.0265361219644547,0.0249441787600517,0.0256383642554283,0.0263391230255365,0.0231621712446213,0.0257173478603363,0.0257619619369507,0.0274504218250513,0.0289588328450918,0.0204402934759855,0.0272528175264597,0.0249791573733091,
926.0,0.0226329974830151,0.0245667546987534,0.0267860405147076,0.0268160160630941,0.0266107134521008,0.0290325134992599,0.027243135496974,0.0250796638429165,0.0265531074255705,0.0242686998099089,0.0285566076636314,0.0267845187336206,0.0259858816862106,0.0237807724624872,0.0230820495635271,0.0200024992227554,0.0269959736615419,0.0244383476674557,0.0201532263308764,0.0215266793966293,0.023709861561656,0.0256536584347487,0.0245312806218863,0.0239983163774014,0.0255512204021215,0.0226007830351591,0.0236162636429071,0.0229948442429304,0.0275211222469807,0.0260779727250338,0.0246541183441877,0.0225733444094658,0.0260629486292601,0.0253480300307274,0.0240320023149252,0.0258566420525312,0.0254505146294832,0.0239220671355724,0.0245845913887024,0.0252715777605772,0.0222377926111221,0.0246707741171122,0.0247038807719946,0.0263217017054558,0.0278123393654823,0.0196133330464363,0.0261414647102356,0.0239665135741234,
927.0,0.0213486719876528,0.0231770407408476,0.0252534095197916,0.0252917166799307,0.0250781010836363,0.0273546371608973,0.0256689228117466,0.023644894361496,0.0250422488898039,0.0229119285941124,0.0269169081002474,0.0252494029700756,0.0245114509016275,0.0224413350224495,0.0217596869915724,0.0188551880419254,0.0254375468939543,0.0230507459491491,0.0190133452415466,0.0202899761497974,0.0223557204008102,0.0241966675966978,0.0231176689267159,0.0226447619497776,0.0240974966436625,0.0213275365531445,0.0222622640430927,0.021680848672986,0.0259448178112507,0.0245894249528646,0.0232336930930614,0.0212695561349392,0.0245794113725424,0.0239075310528278,0.0226631853729486,0.0243732631206512,0.0240199901163578,0.0225616246461868,0.0231654495000839,0.02382149733603,0.0209682490676641,0.0232702735811472,0.023295545950532,0.0248226448893547,0.0262078586965799,0.0184949357062578,0.0246520042419434,0.02259860932827,
928.0,0.0197003148496151,0.0213796943426132,0.0232842639088631,0.0233272183686495,0.023125197738409,0.0252050068229437,0.0236731134355068,0.0218101032078266,0.0230827666819096,0.0211320333182812,0.0248196013271809,0.0232826564460993,0.022616246715188,0.0207085199654102,0.0200704801827669,0.0173925012350082,0.0234459508210421,0.0212668608874083,0.0175385419279337,0.0187080316245556,0.0206037182360888,0.022318460047245,0.0213141087442636,0.0208966750651598,0.022237503901124,0.0196767747402191,0.0205252971500158,0.0199947133660316,0.0239294096827507,0.0226728692650795,0.0214213747531176,0.0196121260523796,0.022677406668663,0.0220544822514057,0.0208989437669516,0.0224660951644182,0.0221616476774216,0.0208161361515522,0.0213559288531542,0.0219574254006147,0.0193360336124897,0.0214663911610842,0.0214930679649115,0.0228987764567137,0.0241711027920246,0.0170545503497124,0.022743808105588,0.0208441093564034,
929.0,0.017777506262064,0.0192738007754087,0.0209875646978617,0.0210204888135195,0.0208497699350119,0.02270851098001,0.0213508848100901,0.0196704864501953,0.020785178989172,0.0190281234681606,0.0223707053810358,0.0209905039519072,0.0203852653503418,0.0186629630625248,0.0181086398661137,0.0156891066581011,0.0211360175162554,0.01917371340096,0.0158103294670582,0.0168660320341587,0.0185593198984861,0.020108999684453,0.0192149821668863,0.0188422407954931,0.0200547948479652,0.017728416249156,0.0185078084468842,0.0180226322263479,0.0215670429170132,0.0204319134354591,0.0193111095577478,0.0176901966333389,0.0204555410891771,0.0198819804936647,0.0188368521630764,0.0202518105506897,0.0199630539864302,0.0187646634876728,0.0192419849336147,0.0197822973132133,0.0174327548593283,0.0193569343537092,0.0193799994885921,0.0206396654248238,0.0218114778399467,0.0153670003637671,0.0205024182796478,0.0187948346138,
930.0,0.0157749522477388,0.017075652256608,0.0185921210795641,0.0186035428196192,0.0184616576880217,0.0201066322624683,0.01889768242836,0.0174322668462992,0.0184168741106987,0.0168538168072701,0.0198049228638411,0.0186108909547329,0.018053250387311,0.0165264680981636,0.0160516779869795,0.0139107555150986,0.018731527030468,0.016976110637188,0.0140214907005429,0.0149446716532111,0.0164592936635017,0.0178029518574476,0.017026050016284,0.0167053062468767,0.0177447479218245,0.015708876773715,0.016404626891017,0.0159568395465612,0.0190783366560936,0.0181010346859694,0.0171093158423901,0.0156651567667723,0.0181281752884388,0.0176070220768452,0.0166828725486994,0.0179601851850748,0.0176772475242615,0.0166141949594021,0.0170251540839672,0.0175276305526495,0.0154501590877771,0.0171748921275139,0.0171686187386513,0.0182796735316515,0.0193216912448406,0.0136082982644439,0.0181456040591002,0.0166608672589064,
931.0,0.0139099508523941,0.0150368418544531,0.0163662135601044,0.0163983087986708,0.0162359587848186,0.0176865719258785,0.0166102461516857,0.0153488870710135,0.0161975398659706,0.0148327415809035,0.0174270495772362,0.0163697674870491,0.015899520367384,0.0145663786679506,0.0141308251768351,0.012272628955543,0.0164864305406809,0.0149322468787432,0.0123512027785182,0.0131707731634378,0.014467260800302,0.0156733673065901,0.0149721242487431,0.0146948900073767,0.0156147489324212,0.0138331307098269,0.014453093521297,0.0140416715294123,0.0167759172618389,0.0159330144524574,0.0150428889319301,0.0138001497834921,0.015961667522788,0.0154807670041919,0.0146831860765815,0.0158055927604437,0.0155622567981482,0.0146246645599604,0.0149987898766994,0.0154645210132003,0.0136048877611756,0.0151302730664611,0.0151181081309915,0.0160983521491289,0.0169938951730728,0.01199362706393,0.0159654784947634,0.0146741271018982,
932.0,0.0123505843803287,0.0133368913084269,0.0145115973427892,0.0145365754142404,0.0143916457891464,0.0156664792448282,0.0147109320387244,0.0136096682399511,0.0143482061102986,0.0131504731252789,0.0154342316091061,0.0145144620910287,0.0141021199524403,0.0129185719415545,0.0125291589647532,0.0108903329819441,0.0146040292456746,0.0132337184622884,0.0109606757760048,0.0116807259619236,0.01281922403723,0.0139112854376435,0.0132666360586882,0.0130428075790405,0.0138404546305537,0.0122822932898998,0.0128135802224278,0.0124623067677021,0.0148704601451755,0.0141145903617144,0.0133375599980354,0.0122350053861737,0.0141616193577647,0.0137337185442448,0.0130336908623576,0.0140151046216488,0.0138032324612141,0.0129734203219414,0.0133097618818283,0.013728529214859,0.0120643163099885,0.0134348468855023,0.0134254423901439,0.0142729431390762,0.0150655638426542,0.0106436097994447,0.0141564188525081,0.0130222765728831,
933.0,0.0112434616312385,0.0121292844414711,0.0131975337862968,0.0131921740248799,0.0130858737975359,0.0142256245017052,0.0133666908368468,0.012374852783978,0.0130351819097996,0.0119552677497268,0.0140121802687645,0.0132078342139721,0.0128243137151003,0.0117319086566567,0.0113912960514426,0.00989399570971727,0.0132669918239117,0.0120357424020767,0.00997410528361797,0.0106180291622877,0.0116678643971682,0.0126616833731532,0.0120601579546928,0.0118854846805334,0.0125797502696514,0.0111845089122653,0.0116424430161715,0.0113481795415282,0.0135163748636842,0.012823942117393,0.012137196958065,0.0111133717000484,0.0128804035484791,0.0125064384192228,0.0118730748072267,0.0127442507073283,0.0125474883243442,0.0118006151169538,0.0120897432789207,0.0124731687828898,0.0109708309173584,0.0122356107458472,0.012226820923388,0.0129672726616263,0.0137069262564182,0.00966956838965416,0.0128755234181881,0.0118569945916533,
934.0,0.010689252987504,0.0115191033110023,0.0125345075502992,0.0125381937250495,0.0124042509123683,0.0134816290810704,0.0126754594966769,0.0117511479184031,0.0123547855764627,0.0113414507359266,0.013300265185535,0.0125215733423829,0.0121864704415202,0.0111396741122007,0.0108072953298688,0.00939967669546604,0.0126007869839668,0.0114365164190531,0.0094658276066184,0.0100984051823616,0.0110690174624324,0.0120125338435173,0.0114293014630675,0.0112664047628641,0.0119495345279574,0.0106071084737778,0.0110617643222213,0.0107675772160292,0.0128050670027733,0.012192377820611,0.0115029094740748,0.0105556854978204,0.0122089870274067,0.0118519878014922,0.0112721212208271,0.0120717044919729,0.0118929054588079,0.0111973974853754,0.0114473840221763,0.0118402503430843,0.0104189170524478,0.0116065246984363,0.011592835187912,0.0123059852048755,0.01300941221416,0.00916189048439264,0.0122247291728854,0.0112715614959598,
935.0,0.0106680151075125,0.0114889731630683,0.0124910334125161,0.0125187942758203,0.0123708946630359,0.0134320929646492,0.0126537401229143,0.0117164999246597,0.0123396879062057,0.0113161979243159,0.0132516855373979,0.0125016355887055,0.0121536506339908,0.0111193750053644,0.0107795335352421,0.00937567558139563,0.0125501081347466,0.0114202592521906,0.00944839231669903,0.010051847435534,0.011026157066226,0.0119727980345488,0.0113942911848426,0.0112333921715617,0.0119239734485745,0.0105617875233293,0.0110434778034687,0.0107410596683621,0.0127654448151588,0.0121620427817106,0.0114889079704881,0.0105340601876378,0.0121853053569794,0.0118172327056527,0.0112269502133131,0.0120595367625356,0.0118657881394029,0.0111800190061331,0.0114279454573989,0.0118148364126682,0.0103822834789753,0.0115834278985858,0.0115457139909267,0.0122721120715141,0.0129959313198924,0.009139702655375,0.0121926665306091,0.0112416744232178,
936.0,0.0110541293397546,0.0119332140311599,0.0129636479541659,0.0129817873239517,0.0128182973712683,0.013921681791544,0.0131248841062188,0.0121526187285781,0.0128192948177457,0.0117687731981277,0.0137457503005862,0.0129652107134461,0.0126084694638848,0.0115507105365396,0.0112101221457124,0.00973023846745491,0.0130153959617019,0.0118601238355041,0.00980796758085489,0.0104384161531925,0.011423584073782,0.0124308094382286,0.011818871833384,0.011666820384562,0.0123896179720759,0.0109745217487216,0.0114676430821419,0.0111540695652366,0.0132438801229,0.0126186432316899,0.011929165571928,0.0109265753999352,0.0126642500981688,0.012262050062418,0.0116448923945427,0.0125399474054575,0.0123330987989902,0.0116038946434855,0.0118516143411398,0.0122536737471819,0.0107869878411293,0.0120231518521905,0.0119727244600654,0.0127479927614331,0.0134892612695694,0.00948734860867262,0.01266501378268,0.0116561893373728,
937.0,0.0116727268323302,0.0126448962837458,0.0137282749637961,0.0137282917276025,0.0135452523827553,0.0147220501676202,0.0138754621148109,0.0128547623753548,0.0135664427652955,0.0124884424731135,0.0145496223121881,0.0136995362117887,0.0133379762992263,0.0122417099773884,0.0118904486298561,0.0102980025112629,0.0137791223824024,0.0125539097934961,0.0103765428066254,0.0110719399526715,0.0120843332260847,0.0131609681993723,0.0124992690980434,0.0123552242293954,0.0131277730688453,0.0116462716832757,0.0121353827416897,0.0118032535538077,0.0140035199001431,0.0133548341691494,0.0126070510596037,0.0115574523806572,0.0134165519848466,0.0129739101976156,0.012325057759881,0.0132808033376932,0.0130670173093677,0.0122653441503644,0.0125171206891537,0.0129540506750345,0.0114307934418321,0.0127100264653563,0.012670811265707,0.013501163572073,0.0142667125910521,0.0100387213751674,0.0134170213714242,0.0123332981020212,
938.0,0.0123362513259053,0.0133757591247559,0.014510621316731,0.0145418029278517,0.0143456794321537,0.0155809102579951,0.0146902641281486,0.0135860424488783,0.0143504291772842,0.0132255563512444,0.0153861688449979,0.01449637953192,0.0140941496938467,0.0129715632647276,0.0125700160861015,0.0108862435445189,0.014568573795259,0.0132790906354785,0.0109738018363714,0.0116952145472169,0.0128018092364073,0.0138982804492116,0.0132133103907108,0.0130587229505181,0.0138810472562909,0.0123226195573807,0.0128232315182686,0.0124622266739607,0.0147892376407981,0.0141252214089036,0.013312479481101,0.0122324237599969,0.0141927907243371,0.0137223424389958,0.0130221005529165,0.0140424184501171,0.0138119654729962,0.0129531566053629,0.0132359750568867,0.0136957168579102,0.0120634324848652,0.0134159373119473,0.0134020047262311,0.0142601178959012,0.0151010258123279,0.0106168277561665,0.0141827929764986,0.0130595145747066,
939.0,0.0129365036264062,0.0140240341424942,0.0152214299887419,0.0152464639395475,0.0150399394333363,0.0163449291139841,0.0154046975076199,0.0142399854958057,0.0150582827627659,0.0138757973909378,0.0161602459847927,0.0151914777234197,0.0147869428619742,0.0136065874248743,0.0131751457229257,0.0114216161891818,0.0152683164924383,0.0139596574008465,0.0115164779126644,0.0122709544375539,0.0134081533178687,0.0145745575428009,0.0138439880684018,0.0136878322809935,0.0145677449181676,0.0129273477941751,0.0134468348696828,0.013082979246974,0.0155038041993976,0.0148258144035935,0.0139816254377365,0.012828029692173,0.0148991392925382,0.0143977459520102,0.0136545728892088,0.0146999666467309,0.0144748454913497,0.0135804675519466,0.0138741806149483,0.014338955283165,0.0126770976930857,0.0140611678361893,0.0140551719814539,0.0149613078683615,0.0158337242901325,0.0111296204850078,0.0148772653192282,0.0136966556310654,
940.0,0.0133737809956074,0.0144949974492192,0.0157375056296587,0.0157423708587885,0.0155360447242856,0.0168882384896278,0.0159211568534374,0.0147164203226566,0.0155717637389898,0.0143373822793365,0.0166974812746048,0.0156955048441887,0.0152832390740514,0.0140598844736814,0.0136265214532614,0.0118041047826409,0.015768913552165,0.0144357029348612,0.0119070773944259,0.0126966796815395,0.0138450190424919,0.0150730209425092,0.0142970615997911,0.014151131734252,0.0150641985237598,0.013356126844883,0.0139003172516823,0.0135310022160411,0.0160209909081459,0.0153248831629753,0.0144452843815088,0.0132559845224023,0.0153928687795997,0.0148793207481503,0.0141065707430243,0.0151968691498041,0.0149628976359963,0.014032200910151,0.0143144316971302,0.0148109709843993,0.0131005560979247,0.0145196001976728,0.0144998282194138,0.0154582019895315,0.0163627732545137,0.0114944167435169,0.0153648005798459,0.0141681525856256,
941.0,0.0135666728019714,0.014700791798532,0.0159535091370344,0.0159521084278822,0.0157299712300301,0.0171039830893278,0.0161440521478653,0.0149269765242934,0.0157849285751581,0.0145318228751421,0.0168989449739456,0.0159193277359009,0.0154918786138296,0.0142582003027201,0.0138257527723908,0.011972464621067,0.0159765165299177,0.0146218873560429,0.0120797017589211,0.012880951166153,0.0140378633514047,0.0152945909649134,0.0144886830821633,0.0143555430695415,0.015274659730494,0.0135366842150688,0.0141008514910936,0.0137198194861412,0.0162312109023333,0.0155294993892312,0.0146262422204018,0.0134441405534744,0.0155868213623762,0.0150707559660077,0.014291794039309,0.0154257956892252,0.0151746682822704,0.0142277861014009,0.014494732953608,0.0150244254618883,0.0132595030590892,0.014715283177793,0.0146686648949981,0.0156511813402176,0.0165871884673834,0.0116441221907735,0.0155617296695709,0.0143765155225992,
942.0,0.0134817799553275,0.0145982326939702,0.0158258154988289,0.0158437993377447,0.0155664701014757,0.0169477257877588,0.0160209909081459,0.0148270511999726,0.0156499464064837,0.014428804628551,0.0167607124894857,0.0158120691776276,0.0153862480074167,0.0141681768000126,0.0137121547013521,0.0119121372699738,0.0158511772751808,0.0145137403160334,0.0120120448991656,0.0127811236307025,0.0139338709414005,0.0151929408311844,0.0143766645342112,0.0142520200461149,0.0151621112599969,0.0134496409446001,0.0140141909942031,0.0136282034218311,0.0160891208797693,0.0154110677540302,0.014535428956151,0.0133586889132857,0.0154705485329032,0.0149381719529629,0.0141815338283777,0.0152997253462672,0.0150499017909169,0.0141383511945605,0.0144059006124735,0.0149197056889534,0.0131705198436975,0.0146329281851649,0.0145630836486816,0.0155179221183062,0.0164539664983749,0.0115515450015664,0.0154516855254769,0.0142579143866897,
943.0,0.0131964888423681,0.0142730278894305,0.0154675981029868,0.0154757145792246,0.015208980999887,0.0165359899401665,0.0156408473849297,0.0144767528399825,0.0152800176292658,0.0140878092497587,0.0163830034434795,0.0154517097398639,0.0150256371125579,0.0138525795191526,0.0134078105911613,0.0116447880864143,0.0154923442751169,0.0141503242775798,0.0117268115282059,0.0124763669446111,0.0136025436222553,0.0148351490497589,0.014023126102984,0.0139465061947703,0.0147959161549807,0.0131599316373467,0.0136928958818316,0.0133008928969502,0.0157198738306761,0.0150389987975359,0.0142066478729248,0.0130439857020974,0.0151355322450399,0.0145901618525386,0.0138515885919333,0.0149486605077982,0.0146847851574421,0.0137962996959686,0.0140457879751921,0.0145699279382825,0.0128620378673077,0.0143082030117512,0.014234522357583,0.0151582034304738,0.0160736031830311,0.0112784830853343,0.0150867020711303,0.0139263533055782,
944.0,0.0129101211205125,0.0139659512788057,0.0151129588484764,0.0151208434253931,0.0148648666217923,0.0161355268210173,0.0152791384607553,0.0141572738066316,0.0149269364774227,0.0137682063505054,0.0160243399441242,0.0151124410331249,0.0147062800824642,0.0135406013578176,0.0131217800080776,0.011386826634407,0.0151338716968894,0.0138329621404409,0.0114583699032664,0.0122075118124485,0.0132964728400111,0.0145041644573212,0.0137002961710095,0.013644871301949,0.0144686792045832,0.0128703135997057,0.0134065384045243,0.0130095388740301,0.0153676150366664,0.0146982800215483,0.0138778910040855,0.0127426562830806,0.0147921731695533,0.0142659461125731,0.0135397147387266,0.0146136851981282,0.014365216717124,0.0134777585044503,0.013707123696804,0.0142350373789668,0.0125671476125717,0.0139795886352658,0.013912889175117,0.0148138208314776,0.0157083664089441,0.0110184065997601,0.0147371804341674,0.0136186461895704,
945.0,0.012764535844326,0.0138217573985457,0.0149309793487191,0.014954274520278,0.0146838119253516,0.015929140150547,0.0150963002815843,0.0140054663643241,0.0147581482306123,0.0136260110884905,0.0158360488712788,0.0149546442553401,0.0145676536485553,0.013389814645052,0.0129794618114829,0.0112707475200295,0.0149507587775588,0.0137042701244354,0.0113437809050083,0.0120884478092194,0.0131482891738415,0.0143598755821586,0.0135470740497112,0.0134855099022388,0.0143198817968369,0.0127273574471474,0.013277412392199,0.0128804501146078,0.0151745900511742,0.0145427398383617,0.0137082012370229,0.0126016139984131,0.0146136581897736,0.0141130080446601,0.0133951622992754,0.0144399339333177,0.0142197394743562,0.0133268609642982,0.0135433711111546,0.0140749691054225,0.0124275647103786,0.0138143096119165,0.0137472432106733,0.0146462386474013,0.0155246220529079,0.0108841443434358,0.0145691921934485,0.0134765952825546,
946.0,0.0128176435828209,0.0138796595856547,0.0149926412850618,0.0150256166234612,0.0147267878055573,0.0159800853580236,0.0151340132579207,0.0140344528481364,0.0148260751739144,0.0136964395642281,0.0158623624593019,0.0150120509788394,0.0146167566999793,0.0134565401822329,0.0130195617675781,0.0113300047814846,0.0150107489898801,0.0137687884271145,0.0114111313596368,0.0121269347146153,0.0131802204996347,0.0144287766888738,0.0135816456750035,0.0135235451161861,0.0143624190241098,0.012788881547749,0.0133095607161522,0.0129184685647488,0.0151854688301682,0.0145978154614568,0.0137503994628787,0.0126570900902152,0.0146837383508682,0.0141711477190256,0.0134566947817802,0.0144739039242268,0.0142512656748295,0.0133654195815325,0.0135752381756902,0.0141305001452565,0.0124787176027894,0.0138741079717875,0.0137882316485047,0.0147066116333008,0.0155768599361181,0.0109058758243918,0.0146274175494909,0.0135339917615056,
947.0,0.013000899925828,0.0140726659446955,0.0152178397402167,0.0152139756828547,0.0149079728871584,0.0161659810692072,0.0153317013755441,0.0142058134078979,0.0150118414312601,0.0138685759156942,0.0160662475973368,0.0151770478114486,0.0148136401548982,0.0136456293985248,0.013207015581429,0.0114823011681437,0.0151705993339419,0.013969742693007,0.0115729160606861,0.0122951185330749,0.0133496886119246,0.0145972333848476,0.0137582393363118,0.0137151591479778,0.0145760672166944,0.012963886372745,0.0134816179051995,0.013088203035295,0.0153848547488451,0.0147917345166206,0.0139043163508177,0.0128188719972968,0.0148926563560963,0.0143533824011683,0.0136155867949128,0.014681713655591,0.0144368251785636,0.0135413408279419,0.0137321976944804,0.0142951011657715,0.0126310987398028,0.0140559105202556,0.013969823718071,0.0148798674345016,0.0157949421554804,0.0110429674386978,0.0148186339065433,0.0136998360976577,
948.0,0.0132336551323533,0.0143215460702777,0.0154841151088476,0.0154812475666404,0.0151506885886192,0.0164406653493643,0.015610296279192,0.0144712077453732,0.0152743002399802,0.0141345234587789,0.0163505729287863,0.015448871999979,0.0150659335777164,0.0138987880200148,0.0134535562247038,0.0116797089576721,0.015437220223248,0.0142209511250257,0.0117693124338984,0.0125249605625868,0.0135881770402193,0.0148463919758797,0.0139776505529881,0.0139633426442742,0.014846527017653,0.0132026104256511,0.0137355867773294,0.0133206993341446,0.0156440678983927,0.0150512577965856,0.0141506986692548,0.0130423456430435,0.0151628600433469,0.0145903341472149,0.0138481287285686,0.0149554423987865,0.0147009389474988,0.0137932160869241,0.0139678306877613,0.01454833522439,0.0128707336261868,0.0143043445423245,0.0142098926007748,0.0151362437754869,0.0160805229097605,0.0112532330676913,0.015074921771884,0.0139478370547295,
949.0,0.0134702483192086,0.0145824402570724,0.0157466530799866,0.0157571267336607,0.0153985442593694,0.0167247727513313,0.0158825498074293,0.0147474594414234,0.0155505556613207,0.0144205000251532,0.0166336111724377,0.0157431494444609,0.0153277469798923,0.014165529049933,0.0136970411986113,0.011885336600244,0.0157268680632114,0.0144800841808319,0.0119776865467429,0.0127596892416477,0.0138240056112409,0.0151204252615571,0.0142034022137523,0.0142169874161482,0.0151244634762406,0.0134595856070518,0.0139884725213051,0.0135619370266795,0.0158989392220974,0.0153157291933894,0.014400677755475,0.013273686170578,0.0154367899522185,0.014837727881968,0.0140940519049764,0.0152319176122546,0.0149727212265134,0.0140432706102729,0.014195722527802,0.0148130645975471,0.0131199490278959,0.0145543795078993,0.0144549356773496,0.0154070956632495,0.0163625963032246,0.0114616397768259,0.0153387533500791,0.0142178740352392,
950.0,0.0136890048161149,0.0148272849619389,0.0159969851374626,0.0159838125109673,0.0156188746914268,0.0169509314000607,0.0160933285951614,0.0149661302566528,0.0157835334539413,0.0146457385271788,0.0168697610497475,0.0159681644290686,0.0155780101194978,0.0144057525321841,0.0139046255499125,0.0120765650644898,0.0159465689212084,0.0147265642881393,0.0121877416968346,0.0129633620381355,0.014010326936841,0.0153601495549083,0.0144268115982413,0.0144522236660123,0.0153888380154967,0.0136919170618057,0.0141828497871757,0.0137788895517588,0.0161294024437666,0.0155461747199297,0.014580444432795,0.0134734371677041,0.0156823415309191,0.0150665985420346,0.0142988692969084,0.0154777271673083,0.0152029190212488,0.0142369410023093,0.0143574504181743,0.0150185115635395,0.0133051369339228,0.0147631755098701,0.0146737676113844,0.0156274307519197,0.0166040305048227,0.011612138710916,0.0155704664066434,0.01444938685745,
951.0,0.0138707468286157,0.014998939819634,0.016183277592063,0.0161954574286938,0.0158076137304306,0.0171400271356106,0.016293840482831,0.0151611473411322,0.0159609951078892,0.0148173095658422,0.0170911587774754,0.0161541439592838,0.0157791879028082,0.0145859941840172,0.014075898565352,0.0122514348477125,0.0161333493888378,0.0149179389700294,0.0123519962653518,0.0131373107433319,0.0141747109591961,0.0155550604686141,0.0146012473851442,0.0146343223750591,0.0155745195224881,0.0138427400961518,0.0143824433907866,0.0139712756499648,0.0163258239626884,0.0157389678061008,0.0147911813110113,0.0136610558256507,0.0159033313393593,0.01523841265589,0.0144893145188689,0.0156542509794235,0.0153921423479915,0.0144145786762238,0.0145557224750519,0.0152124874293804,0.0134772062301636,0.0149715840816498,0.0148400794714689,0.0158053878694773,0.0168138537555933,0.0117641296237707,0.0157574880868196,0.0146364225074649,
952.0,0.0140369925647974,0.015181727707386,0.0163715332746506,0.0163968596607447,0.0159848816692829,0.0173311475664377,0.0164967123419046,0.0153521616011858,0.0161705501377583,0.0150089208036661,0.0172836296260357,0.016347661614418,0.0159594118595123,0.0147700728848577,0.0142568023875356,0.0124013964086771,0.0163199696689844,0.0150898359715939,0.0125045599415898,0.0132987042888999,0.0143442191183567,0.0157615561038256,0.014767580665648,0.0148174175992608,0.0157453250139952,0.0140142422169447,0.0145704774186015,0.0141390860080719,0.0164933763444424,0.0159248318523169,0.0149683216586709,0.0138092236593366,0.0160978455096483,0.0154175125062466,0.0146589316427708,0.0158532354980707,0.0155728934332728,0.0145864570513368,0.0147147830575705,0.0153968296945095,0.0136388624086976,0.0151451146230102,0.0150206554681063,0.0159890409559011,0.0170026309788227,0.0119018973782659,0.0159351117908955,0.0147955920547247,
953.0,0.0142162274569273,0.0153880137950182,0.0165839791297913,0.0165988579392433,0.0161654930561781,0.0175284259021282,0.0166945233941078,0.0155462771654129,0.0163882486522198,0.0152236921712756,0.0174731630831957,0.0165480766445398,0.0161553248763084,0.0149743026122451,0.0144513072445989,0.0125615624710917,0.01651930809021,0.0152767226099968,0.0126742459833622,0.0134624717757106,0.0145207336172462,0.0159663278609514,0.0149338124319911,0.0150133240967989,0.0159409288316965,0.0142059046775103,0.0147522585466504,0.0143079916015267,0.0166593324393034,0.0161244757473469,0.0151353003457189,0.0139692183583975,0.0162927843630314,0.0156070347875357,0.0148328961804509,0.0160645209252834,0.0157573875039816,0.0147621342912316,0.0148602928966284,0.0155856525525451,0.0137986689805984,0.0153259132057428,0.0152019467204809,0.0161888338625431,0.0172116812318563,0.0120291383937001,0.0161297898739576,0.0149738173931837,
954.0,0.0144344540312886,0.015610970556736,0.0168225504457951,0.0168214049190283,0.0163678601384163,0.0177349075675011,0.0168935228139162,0.0157537925988436,0.0165859498083591,0.0154469758272171,0.0177000537514687,0.0167569778859615,0.0163988899439573,0.0151989003643394,0.0146553041413426,0.0127671463415027,0.0167389567941427,0.0155029315501451,0.012877156957984,0.0136474231258035,0.0147067224606872,0.0161585323512554,0.0151108549907804,0.0152253471314907,0.0161810740828514,0.01439746376127,0.0149522433057427,0.0145110981538892,0.0168598890304565,0.016350669786334,0.0153399230912328,0.0141924722120166,0.0165236555039883,0.0158061478286982,0.015041733160615,0.0162690412253141,0.0159612949937582,0.014958256855607,0.0150477224960923,0.0157980173826218,0.0139774577692151,0.0155590930953622,0.0153719494119287,0.0164067652076483,0.0174782704561949,0.0121712815016508,0.0163572262972593,0.015206228941679,
955.0,0.0146993612870574,0.0158809628337622,0.0170810800045729,0.0170965269207954,0.0166218318045139,0.0179909374564886,0.0171591714024544,0.0160054042935371,0.0168694630265236,0.0157028771936893,0.0179842356592417,0.01704216375947,0.016693314537406,0.0154561325907707,0.0148918302729726,0.0129898488521576,0.0169941671192646,0.0157580282539129,0.0130932535976171,0.0138811822980642,0.014936339110136,0.0164189953356981,0.0153562529012561,0.0154837425798178,0.0164546389132738,0.0146459452807903,0.0152171272784472,0.0147642372176051,0.0171199720352888,0.0165994111448526,0.015576689504087,0.0144208548590541,0.0168049316853285,0.0160811357200146,0.0152835818007588,0.0165563337504864,0.0162352826446295,0.0152096254751086,0.0152761917561293,0.0160453617572784,0.0142203271389008,0.0157861411571503,0.0156250763684511,0.0166666153818369,0.017786081880331,0.012388413771987,0.0166065488010645,0.0154470028355718,
956.0,0.015005050227046,0.016219949349761,0.0174491889774799,0.0174554865807295,0.0169496275484562,0.0183401592075825,0.0175220761448145,0.0163403116166592,0.0172142274677753,0.0160593874752522,0.0183714870363474,0.0174081809818745,0.0170530527830124,0.0157963540405035,0.0152144953608513,0.0132839670404792,0.0173249933868647,0.0161066111177206,0.0133891571313143,0.0141903385519981,0.0152292232960463,0.0167826972901821,0.0156576596200466,0.0158135425299406,0.0168244391679764,0.0149603178724647,0.0155385294929147,0.0150749180465937,0.0174689460545778,0.0169454719871283,0.0158891920000315,0.0147206215187907,0.0171754378825426,0.0164139568805695,0.015601422637701,0.0168940834701061,0.0165545400232077,0.0155301736667752,0.0155907478183508,0.016379464417696,0.0145334582775831,0.0161311123520136,0.0159521549940109,0.0170082151889801,0.018141670152545,0.0126552628353238,0.0169611815363169,0.0157908853143454,
957.0,0.0153559539467096,0.0166185833513737,0.0178768001496792,0.0178712643682957,0.0173344276845455,0.0187564976513386,0.0179401263594627,0.0167405214160681,0.0176178608089685,0.0164615456014872,0.0188200287520885,0.0178363602608442,0.0174502078443766,0.0161909814924002,0.0155918765813112,0.0136057240888476,0.0177325904369354,0.0165084414184093,0.0137237189337611,0.014541800133884,0.0155857084318995,0.0171888265758753,0.0160178616642952,0.0162007696926594,0.017237788066268,0.015333398245275,0.0159168839454651,0.0154273556545377,0.0178712606430054,0.017355116084218,0.0162616949528456,0.0150745566934347,0.0175996832549572,0.016787301748991,0.0159766729921103,0.0172850470989943,0.0169315524399281,0.015887226909399,0.0159538723528385,0.0167509354650974,0.0148895736783743,0.0165323186665773,0.0163215324282646,0.0174051430076361,0.0185505468398333,0.0129441320896149,0.0173743478953838,0.0161885172128677,
958.0,0.0157603845000267,0.017058564350009,0.0183162353932858,0.0183189641684294,0.0177618768066168,0.0192159432917833,0.0183803886175156,0.0171787794679403,0.0180816240608692,0.016864350065589,0.0192854963243008,0.0183015987277031,0.0178726427257061,0.0166093818843365,0.0159889757633209,0.0139346634969115,0.0181973706930876,0.0169251598417759,0.0140652926638722,0.0149093680083752,0.0159930791705847,0.0176017172634602,0.0164332762360573,0.0166263207793236,0.0176592003554106,0.0157535709440708,0.0163462162017822,0.0158158354461193,0.0182993300259113,0.0177933927625418,0.0166738983243704,0.0154601717367768,0.0180418789386749,0.0172000080347061,0.0163815058767796,0.0177352782338858,0.0173810888081789,0.016265282407403,0.0163330119103193,0.0171360615640879,0.0152678024023771,0.0169299673289061,0.0167198516428471,0.0178354606032372,0.0190223027020693,0.0132518652826548,0.0177964568138123,0.0165892075747252,
959.0,0.0162245985120535,0.0175298191606998,0.0188468266278505,0.0188297685235739,0.018257949501276,0.0197625793516636,0.0188968330621719,0.0176589116454124,0.0186016503721476,0.0173531007021666,0.0197929423302412,0.0187866222113371,0.01837726123631,0.0170850772410631,0.0164373572915792,0.0143859731033444,0.0186874978244305,0.0174119342118502,0.0144954556599259,0.0153343100100756,0.0164274033159018,0.0181298777461052,0.0168753564357758,0.0170944109559059,0.0181905645877123,0.0162168107926846,0.0167996976524591,0.0162769537419081,0.0187999624758959,0.0183171816170216,0.017146086320281,0.0159118287265301,0.018528688699007,0.0176879279315472,0.0168195385485888,0.018230838701129,0.0178926736116409,0.0167273171246052,0.0167773589491844,0.0176562760025263,0.0156916826963425,0.0174272861331701,0.0171986781060696,0.0183457657694817,0.0195734184235334,0.0136336805298924,0.0182836148887873,0.0170614197850227,
960.0,0.016720587387681,0.018029922619462,0.0193839389830828,0.0193868465721607,0.0187892708927393,0.0203286521136761,0.0194562766700983,0.0181691534817219,0.019136369228363,0.0178561061620712,0.0203837715089321,0.019348107278347,0.0189225468784571,0.0175891071557999,0.0169323105365038,0.014807928353548,0.0192378088831902,0.0179434157907963,0.0149392345920205,0.0158022064715624,0.0169190894812346,0.0186699517071247,0.0173601824790239,0.0176017563790083,0.0187261123210192,0.0166955813765526,0.0173089019954205,0.0167542565613985,0.0193425007164478,0.0188608728349209,0.0176567062735558,0.0163833070546389,0.0190871618688107,0.0182129517197609,0.0173146296292543,0.0187782049179077,0.0184226110577583,0.0172374714165926,0.0172637701034546,0.0181837156414986,0.0161599759012461,0.0179363582283258,0.0177038107067347,0.0188778955489397,0.0201411675661802,0.01403867918998,0.0188150722533464,0.0175618343055248,
961.0,0.0172689668834209,0.0186255350708961,0.0200077649205923,0.0200180914252996,0.0193829536437988,0.0209719073027372,0.0200860351324081,0.0187598932534456,0.0197445955127478,0.0184385012835264,0.0210478119552135,0.0199958793818951,0.0195444263517857,0.01817880384624,0.0175106283277273,0.0152639159932733,0.0198774356395006,0.0185427833348513,0.0154265277087688,0.0163331981748343,0.0174818187952042,0.0192719418555498,0.0179142951965332,0.0181903745979071,0.0193345490843058,0.0172518156468868,0.0178845487535,0.017298698425293,0.0199601594358683,0.0194667410105467,0.0182246640324593,0.0169081073254347,0.0197366680949926,0.0188028924167156,0.0178804621100426,0.0193975493311882,0.0190043561160564,0.0178083404898643,0.0178151577711105,0.0187671240419149,0.0167001746594906,0.0185140650719404,0.0182793233543634,0.0194787699729204,0.0207930877804756,0.0144909648224711,0.0194185338914394,0.0181378312408924,
962.0,0.0179013200104237,0.0193433202803135,0.0207691453397274,0.0207559540867805,0.020070867612958,0.0217359010130167,0.0208139158785343,0.0194608606398106,0.0204784572124481,0.0191472489386797,0.0217960365116596,0.0207227729260921,0.0202726535499096,0.0188832581043243,0.0181851871311665,0.0158321280032396,0.0206159427762032,0.0192310903221369,0.0159988924860954,0.016946280375123,0.0181167684495449,0.0199946686625481,0.0185557845979929,0.01888214237988,0.0200707390904427,0.0179170910269022,0.0185388568788767,0.0179579388350248,0.0206805001944304,0.0201814360916615,0.0188811253756285,0.0175303630530834,0.0204712469130754,0.0194850787520409,0.0185336973518133,0.0201104246079922,0.0196918863803148,0.0184591170400381,0.0184637773782015,0.0194580927491188,0.0173277817666531,0.0192051436752081,0.0189612116664648,0.0201902016997337,0.0215761922299862,0.0150227006524801,0.0201266687363386,0.0188250821083784,
963.0,0.0186399929225445,0.0201056860387325,0.0215822141617537,0.0216164421290159,0.0208604726940393,0.0225731078535318,0.0216384287923574,0.0202333107590675,0.0213208142668009,0.0199262872338295,0.0227048117667437,0.0215221326798201,0.0210871025919914,0.01963902823627,0.0189095102250576,0.0164969712495804,0.0214337278157473,0.0200025141239166,0.0166615266352892,0.0176418144255877,0.0188148003071547,0.0208292324095964,0.0192821696400642,0.0196412429213524,0.0208735838532448,0.0186229646205902,0.0192976649850607,0.0187142435461283,0.021489217877388,0.0210002847015858,0.0196554530411959,0.0182670615613461,0.0212528873234987,0.0202519576996565,0.0193017590790987,0.0209326390177011,0.0205267425626516,0.0191972032189369,0.0192329324781895,0.020220099017024,0.0180245991796255,0.0199582800269127,0.0197195932269096,0.0209887903183699,0.0224314592778683,0.0156395249068737,0.02095534093678,0.0195922702550888,
964.0,0.0193899851292372,0.0209341254085302,0.0224792174994946,0.0224864985793829,0.0217149630188942,0.023495189845562,0.0225457046180964,0.0210507977753878,0.0221787430346012,0.0207252223044634,0.0236172918230295,0.0223921537399292,0.0219436436891556,0.0204351227730513,0.0196772739291191,0.0171522404998541,0.0222928170114756,0.0208089388906956,0.017333997413516,0.0183460582047701,0.0195574704557657,0.0216638837009668,0.0200559161603451,0.0204234700649977,0.0217222888022661,0.0193696245551109,0.0200920905917883,0.0194571297615767,0.0223592650145292,0.0218466054648161,0.020469918847084,0.018999369814992,0.0221427623182535,0.0210841540247202,0.0200693625956774,0.0217648390680552,0.0213611833751202,0.0199714060872793,0.0199864730238914,0.0210342779755592,0.018745182082057,0.0207612719386816,0.0204913839697838,0.0218320824205875,0.0233426261693239,0.0162511467933655,0.0217898525297642,0.0203771889209747,
965.0,0.0201435722410679,0.0217656865715981,0.0233752932399511,0.02335374802351,0.0225628167390823,0.0244335476309061,0.0234428197145462,0.0218776408582926,0.0230335667729378,0.0215379502624273,0.024526409804821,0.0232764910906553,0.0227995421737432,0.0212432239204645,0.0204579923301935,0.0178189277648926,0.0231513641774654,0.0216146018356085,0.0180146265774965,0.0190530531108379,0.0203149896115065,0.0224805977195501,0.0208382476121187,0.0212174970656633,0.0225790683180094,0.0201294496655464,0.0208701156079769,0.0202101711183786,0.0232530981302261,0.0227022245526314,0.0212441850453615,0.0197308175265789,0.0230337213724852,0.0219072550535202,0.0208323989063501,0.0226021483540535,0.0221789088100195,0.0207472760230303,0.0207382030785084,0.0218573715537786,0.0194627102464437,0.021560488268733,0.0212567765265703,0.0226750485599041,0.0242506861686707,0.0168720129877329,0.0226358119398355,0.0211729947477579,
966.0,0.0208921190351248,0.022565396502614,0.0242190696299076,0.0242169313132763,0.0233759470283985,0.0253314971923828,0.0242838673293591,0.0226956214755774,0.0238863974809647,0.0223607365041971,0.0254346802830696,0.0241433046758175,0.0236404128372669,0.022036112844944,0.0212192535400391,0.0184995625168085,0.0239928774535656,0.0224137641489506,0.0187014508992434,0.019765654578805,0.021060336381197,0.0232969522476196,0.0216031577438116,0.0220063794404268,0.0234187003225088,0.020878117531538,0.0216210633516312,0.0209782179445028,0.024119270965457,0.0235481485724449,0.0219795703887939,0.0204647611826658,0.0238642077893019,0.0226914659142494,0.0215977597981691,0.0234415512531996,0.0229888055473566,0.021514305844903,0.0214961692690849,0.0226674098521471,0.0201646462082863,0.0223296601325274,0.0220156013965607,0.0234893877059221,0.0251311473548412,0.0175063442438841,0.0234858896583319,0.0219653658568859,
967.0,0.021593539044261,0.0233554504811764,0.025038480758667,0.025048715993762,0.0241880901157856,0.0261747892946005,0.0251075569540262,0.0235027428716421,0.0247294399887323,0.0231663938611746,0.0263018272817135,0.0250023994594812,0.0244790818542242,0.0227891206741333,0.0219322871416807,0.0191260930150747,0.0248273909091949,0.0232239104807377,0.0193598922342062,0.0204665474593639,0.0217710062861443,0.0241319220513105,0.0223383009433746,0.0227509867399931,0.0242307614535093,0.021599056199193,0.0223748609423637,0.0216911397874355,0.0248969830572605,0.0243423134088516,0.0227714721113443,0.0211587250232697,0.0246859155595303,0.0234772171825171,0.0223409775644541,0.0242447983473539,0.0237816888839006,0.0222780462354422,0.0222071781754494,0.0234688594937325,0.0208454709500074,0.0230856612324715,0.0227695256471634,0.0242682043462992,0.0260086786001921,0.0181050002574921,0.0242738556116819,0.0227078180760145,
968.0,0.0222205314785242,0.0240453109145164,0.0257884413003922,0.0257916525006294,0.024897888302803,0.0269420240074396,0.0258383881300688,0.0241877268999815,0.0254807490855455,0.0238413270562887,0.0270762760192156,0.0257158521562815,0.0252119209617376,0.0234642755240202,0.0225826669484377,0.0196908824145794,0.0255768522620201,0.0239052698016167,0.0199360121041536,0.0210676845163107,0.0224061664193869,0.0248698517680168,0.0229943878948689,0.0234341751784086,0.0249388292431831,0.0222402773797512,0.0230309944599867,0.0223279278725386,0.0256393365561962,0.0250717382878065,0.0234591346234083,0.0217903517186642,0.0254257321357727,0.0241682566702366,0.0229779165238142,0.0249611418694258,0.0245092455297709,0.0229119434952736,0.0228781476616859,0.0241411924362183,0.0214569065719843,0.0237593781203032,0.0234441924840212,0.0250172857195139,0.0267701372504234,0.0186368077993393,0.0250128377228975,0.0233838018029928,
969.0,0.0227480623871088,0.0246319696307182,0.0264052841812372,0.0263979304581881,0.0254795085638762,0.0275789797306061,0.0264486912637949,0.024731557816267,0.026087049394846,0.0244081728160381,0.0277074482291937,0.0263067129999399,0.0258150231093168,0.0240291357040405,0.0231268610805273,0.0201554615050554,0.0261656157672405,0.0244569256901741,0.0203958805650473,0.0215566791594028,0.0229290816932917,0.0254698824137449,0.0235361810773611,0.0239947456866503,0.0255326218903065,0.0227758903056383,0.02358553186059,0.0228531733155251,0.0262589566409588,0.0256695691496134,0.024006474763155,0.0222916044294834,0.0260359738022089,0.0247409045696259,0.0235088709741831,0.0255450420081615,0.025063831359148,0.0234345775097609,0.0234101116657257,0.0246685091406107,0.0219703111797571,0.0243181344121695,0.0239960961043835,0.0256121233105659,0.0273871570825577,0.0190670378506184,0.0256033521145582,0.0239369850605726,
970.0,0.023118456825614,0.0250546094030142,0.0268190633505583,0.0268235318362713,0.0258882418274879,0.0280162505805492,0.0268701296299696,0.0251079574227333,0.0264916103333235,0.0248216316103935,0.0281368568539619,0.0267445147037506,0.0262367874383926,0.0244214255362749,0.0235035270452499,0.0204742904752493,0.02655228972435,0.0248511414974928,0.0207137707620859,0.0218965858221054,0.0232940018177032,0.02587566152215,0.0239144619554281,0.0243775863200426,0.0259559024125338,0.0231522805988789,0.0239820703864098,0.0232176054269075,0.0266750305891037,0.0260757356882095,0.0243814308196306,0.0226208660751581,0.0264572724699974,0.0251360069960356,0.0238939393311739,0.0259528588503599,0.0254077427089214,0.0238176863640547,0.0237468890845776,0.0250419657677412,0.0223327744752169,0.0247124116867781,0.0243706963956356,0.0259800478816032,0.0278174839913845,0.0193544365465641,0.0259780157357454,0.024311751127243,
971.0,0.0232656467705965,0.025208780542016,0.0269876345992088,0.0270388200879097,0.0260689202696085,0.0282007418572903,0.0270196963101625,0.0252824295312166,0.0266530681401491,0.0249702725559473,0.0283212848007679,0.0269343927502632,0.0264077875763178,0.0245764628052711,0.0236625596880913,0.0206181276589632,0.0267444215714931,0.0250252988189459,0.020876944065094,0.0220336485654116,0.0234629530459642,0.0260300729423761,0.0240826047956944,0.0245603546500206,0.0261215809732676,0.0233062002807856,0.0241242647171021,0.0233784541487694,0.026861310005188,0.0262658502906561,0.0245508458465338,0.0227844528853893,0.0266390331089497,0.0252777095884085,0.0240580812096596,0.0261557660996914,0.025593364611268,0.0239769797772169,0.0239098407328129,0.0252434872090817,0.0224836356937885,0.0248899944126606,0.0245225466787815,0.026147048920393,0.0280084889382124,0.0194694213569164,0.0261446963995695,0.0244811959564686,
972.0,0.0233149472624063,0.0252532009035349,0.0270657278597355,0.0270750913769007,0.0261361766606569,0.0282421056181192,0.0270868241786957,0.0253467988222837,0.0266833547502756,0.0250137075781822,0.0283710900694132,0.026975404471159,0.0264485795050859,0.0246505010873079,0.0237157996743917,0.0206789039075375,0.0268009621649981,0.0250744838267565,0.0209146030247211,0.0220979209989309,0.0235156174749136,0.0260851550847292,0.0241269785910845,0.0246206764131784,0.026175094768405,0.02335006557405,0.0241774562746286,0.0234164018183947,0.0268875379115343,0.0263122245669365,0.024591501802206,0.0228317230939865,0.0266939755529165,0.0253447704017162,0.024116950109601,0.0262057483196259,0.0256339926272631,0.0240073371678591,0.0239483807235956,0.0252672899514437,0.0225048307329416,0.0249458216130733,0.0245921537280083,0.0261991005390882,0.0280461870133877,0.019503865391016,0.0262051448225975,0.0245445314794779,
973.0,0.0233051385730505,0.0252091232687235,0.0270263105630875,0.0270027052611113,0.0260829627513886,0.0281842444092035,0.0270499065518379,0.0253158640116453,0.0266512185335159,0.0249718837440014,0.0283361785113811,0.026940269395709,0.0264114011079073,0.0246091149747372,0.0236856248229742,0.0206671729683876,0.0267539657652378,0.0250380225479603,0.0208875834941864,0.0220869798213243,0.0234792456030846,0.0260457452386618,0.0240757316350937,0.0245899055153131,0.0261336900293827,0.0233158301562071,0.0241486765444279,0.023387374356389,0.0268339887261391,0.0262607224285603,0.0245617758482695,0.0228115115314722,0.0266437958925962,0.0253213178366423,0.0240711513906717,0.0261304173618555,0.0255993772298098,0.0239607598632574,0.0239063538610935,0.0252095237374306,0.022478437051177,0.0249054972082376,0.0245382040739059,0.0261557530611753,0.027974309399724,0.0194838643074036,0.0261589679867029,0.0245030149817467,
974.0,0.0232823211699724,0.0251453816890717,0.0269414819777012,0.0269339065998793,0.0260036494582891,0.0281073562800884,0.026962636038661,0.0252518430352211,0.0266052410006523,0.0249138362705708,0.0282743405550718,0.0268899630755186,0.0263628698885441,0.0245221350342035,0.0236241221427917,0.0206235032528639,0.0266778245568275,0.0249829851090908,0.0208544973284006,0.0220380127429962,0.0234318431466818,0.0259704776108265,0.0239999368786812,0.0245299451053143,0.0260668359696865,0.0232607815414667,0.0240980945527554,0.0233425050973892,0.026775686070323,0.0261837616562843,0.02451341599226,0.0227672643959522,0.0265632402151823,0.0252545345574617,0.0239970702677965,0.02604222856462,0.0255558043718338,0.0239141248166561,0.0238485243171453,0.0251547545194626,0.0224503129720688,0.0248454809188843,0.0244455263018608,0.0260804686695337,0.0278938077390194,0.0194486621767282,0.0260790288448334,0.0244346465915442,
975.0,0.0233088154345751,0.0251683443784714,0.0269662290811539,0.0269840322434902,0.0260537136346102,0.028123214840889,0.0269584320485592,0.0252578649669886,0.0265994481742382,0.0249503757804632,0.0282684359699488,0.0268856696784496,0.0263829734176397,0.0245458241552114,0.0236197467893362,0.0206243600696325,0.0266848225146532,0.02500238455832,0.0208690613508224,0.0220365393906832,0.0234767477959394,0.0259740930050612,0.0240078754723072,0.0245315209031105,0.0260892473161221,0.0232700053602457,0.0241314917802811,0.0233420673757792,0.026783000677824,0.0261794421821833,0.0245071370154619,0.022757526487112,0.0265735555440187,0.0252598151564598,0.0240238010883331,0.0260920580476522,0.0255675874650478,0.0239536296576262,0.0238564312458038,0.0251681189984083,0.0224499013274908,0.0248772297054529,0.024491211399436,0.0260784868150949,0.0279352013021708,0.0194585658609867,0.0260985195636749,0.0244713928550482,
976.0,0.0234588216990232,0.0252978838980198,0.0271477457135916,0.0271310210227966,0.026189586147666,0.0283254124224186,0.0271353684365749,0.0253976415842772,0.0267952028661966,0.0251279305666685,0.0284736473113298,0.0270390212535858,0.0265282560139894,0.0247198734432459,0.0237742159515619,0.0207541882991791,0.0268902480602264,0.0251821018755436,0.0209932066500187,0.0221670642495155,0.0235989652574062,0.0261486805975437,0.0241891983896494,0.0246789902448654,0.0262568462640047,0.023425180464983,0.0242760069668293,0.0235137771815062,0.0269402302801609,0.0263559352606535,0.0246769413352013,0.0229561105370522,0.0267616007477045,0.0254240073263645,0.0241575967520475,0.026249660179019,0.025739174336195,0.0240929294377565,0.0240040048956871,0.0253368206322193,0.0225958656519651,0.0250401943922043,0.0246797297149897,0.0262407101690769,0.028117511421442,0.0195974856615067,0.0262883473187685,0.0246340222656727,
977.0,0.0237209107726812,0.025594349950552,0.0274544488638639,0.0274399593472481,0.0264880452305079,0.0286374986171722,0.0274645704776049,0.0256699230521917,0.0270998328924179,0.025420818477869,0.028807969763875,0.0273420643061399,0.0268159583210945,0.0250230561941862,0.0240515079349279,0.0210062749683857,0.0271966475993395,0.0254725571721792,0.0212309956550598,0.02244365029037,0.0238507557660341,0.0264460928738117,0.0244879592210054,0.0249408408999443,0.0265601761639118,0.0236962325870991,0.0245371460914612,0.0237820744514465,0.0272655207663774,0.0266603697091341,0.0249850396066904,0.0231992974877357,0.0270737539976835,0.0256891492754221,0.0244410894811153,0.0265458896756172,0.0260373093187809,0.0243504922837019,0.024298544973135,0.0256246794015169,0.0228503458201885,0.0253101550042629,0.0249384474009275,0.0265341568738222,0.0284451711922884,0.0197907537221909,0.0265659168362617,0.0249295700341463,
978.0,0.02407499961555,0.0260211918503046,0.0278757195919752,0.0278854761272669,0.0269197858870029,0.0290677007287741,0.0279175974428654,0.0260677747428417,0.0275044273585081,0.0258203130215406,0.0292396061122417,0.0277690589427948,0.0272400844842196,0.0254342723637819,0.0244341231882572,0.0213480014353991,0.0276005752384663,0.0258530341088772,0.0215693172067404,0.0228234715759754,0.0242276377975941,0.0268518924713135,0.0248614232987165,0.0253253635019064,0.0269711166620255,0.0240709464997053,0.0249159689992666,0.0241293199360371,0.0277101639658213,0.0270857270807028,0.0253762826323509,0.0235045664012432,0.0274906381964684,0.026080060750246,0.0248381048440933,0.0269559547305107,0.0264448113739491,0.0247245747596025,0.0246890969574451,0.0260203201323748,0.0232020523399115,0.0256793256849051,0.0252927355468273,0.0269368123263121,0.0288999155163765,0.0200613401830196,0.0269450675696135,0.0253212247043848,
979.0,0.0244977809488773,0.026492727920413,0.0283975265920162,0.0283959433436394,0.0274011995643377,0.0296318791806698,0.0284516904503107,0.0265641063451767,0.028032086789608,0.0263094548135996,0.0297630149871111,0.0282818023115397,0.0277608018368483,0.0259197652339935,0.0249010324478149,0.0217325668781996,0.0281268078833818,0.0263161901384592,0.0219782739877701,0.0232390519231558,0.0246804337948561,0.0273577608168125,0.0252883117645979,0.025834433734417,0.0274584125727415,0.0245330147445202,0.0253918990492821,0.024568447843194,0.0282016471028328,0.0276245400309563,0.0258063115179539,0.0239655859768391,0.0280010364949703,0.0266150832176209,0.0252722222357988,0.0274262335151434,0.0269424989819527,0.0251884553581476,0.0251128412783146,0.0265084244310856,0.0236444231122732,0.0261417385190725,0.0257840771228075,0.0274285059422255,0.0294370036572218,0.0204575341194868,0.0274631045758724,0.025758869946003,
980.0,0.0249751824885607,0.026991305872798,0.0289410632103682,0.0289787668734789,0.0279356390237808,0.0301498603075743,0.0289563499391079,0.0270756166428328,0.0286004208028317,0.0267988108098507,0.0303218942135572,0.0288381837308407,0.0282756499946117,0.0263946205377579,0.0253593642264605,0.0221120156347752,0.0286557544022799,0.026823814958334,0.0224128980189562,0.0236671809107065,0.0251582730561495,0.0278849359601736,0.0257785003632307,0.0263515487313271,0.0280308723449707,0.025003170594573,0.02588876709342,0.0250679366290569,0.0287416726350784,0.0281414408236742,0.0262910351157188,0.0244880896061659,0.028527433052659,0.027078153565526,0.0257196649909019,0.0279493816196918,0.0274571385234594,0.0256900396198034,0.0256045181304216,0.0269913170486689,0.0241176877170801,0.0266623683273792,0.0262775011360645,0.0279645565897226,0.0299777090549469,0.0208764392882586,0.0280006900429726,0.0262535158544779,
981.0,0.0253956336528063,0.0274668578058481,0.0294358413666487,0.0294668860733509,0.0284014623612165,0.030678628012538,0.0294463951140642,0.0275434199720621,0.0290882345288992,0.0272415801882744,0.030835535377264,0.0293199028819799,0.02878063544631,0.0268370434641838,0.0258090104907751,0.0225020758807659,0.029128747060895,0.0272824410349131,0.022785073146224,0.0240457057952881,0.0255700908601284,0.028383381664753,0.0262141767889261,0.026789415627718,0.0285069681704044,0.0254155267030001,0.0263080503791571,0.0254978369921446,0.0292343329638243,0.0286487676203251,0.0267556980252266,0.0249006282538176,0.0290243867784739,0.027520939707756,0.0261434689164162,0.0284237526357174,0.0279194805771112,0.0261163786053658,0.0260223615914583,0.027430972084403,0.0245102699846029,0.0271220281720161,0.0266927294433117,0.0284267757087946,0.0304544661194086,0.0212388206273317,0.0284863617271185,0.0267088022083044,
982.0,0.0258101020008326,0.0279384478926659,0.02993468567729,0.0299395602196455,0.028863875195384,0.0312145594507456,0.0299396552145481,0.0280090812593699,0.0295623224228621,0.0276910867542028,0.0313506796956062,0.0298085156828165,0.029288575053215,0.0272866375744343,0.0262626558542252,0.0229016542434692,0.02959194034338,0.0277233459055424,0.0231629572808743,0.0244379285722971,0.0259792655706406,0.0288632828742266,0.0266361944377422,0.0272200740873814,0.0289562102407217,0.0258223749697208,0.0267312619835138,0.0259053353220224,0.0297337789088488,0.0291280001401901,0.0272264871746302,0.0252775382250547,0.0295102298259735,0.0279878713190556,0.0265850108116865,0.0288926754146814,0.0283668674528599,0.0265318602323532,0.0264333318918943,0.0278849620372057,0.0248900391161442,0.0275593996047974,0.0271095596253872,0.028894416987896,0.0309459529817104,0.0215938072651625,0.0289591830223799,0.0271637234836817,
983.0,0.0262621846050024,0.0284093506634235,0.0304588936269283,0.0304713677614927,0.0293780900537968,0.031715415418148,0.0304246991872787,0.0284873377531767,0.0300792027264833,0.028170658275485,0.0318919122219086,0.0303500536829233,0.0297768302261829,0.027755418792367,0.0267065782099962,0.023278497159481,0.0300790946930647,0.0281827487051487,0.0235926322638988,0.0248775910586119,0.0264350492507219,0.0293284486979246,0.0270890071988106,0.0276967529207468,0.0294594019651413,0.0262625012546778,0.0272130556404591,0.0263451673090458,0.0302685257047415,0.0295598171651363,0.0277048349380493,0.0257122945040464,0.0299916863441467,0.0284687634557486,0.0270567666739225,0.0293900743126869,0.0288283191621304,0.0269903559237719,0.0269037764519453,0.0283779203891754,0.0253220051527023,0.0280153825879097,0.0275895427912474,0.0294181443750858,0.0314930193126202,0.0219762288033962,0.0294468533247709,0.0276395883411169,
984.0,0.0265812762081623,0.0287647657096386,0.0308020729571581,0.0308259800076485,0.0297516323626041,0.0321204587817192,0.0308194924145937,0.0288035161793232,0.0304423402994871,0.0285084675997496,0.0322774350643158,0.0306588709354401,0.0301157385110855,0.0281177796423435,0.0270502902567387,0.0235453005880117,0.0304679144173861,0.0285608675330877,0.0238766651600599,0.0251760445535183,0.0267667341977358,0.0296958386898041,0.0274365097284317,0.0280306581407785,0.0298205800354481,0.0266006737947464,0.0275219604372978,0.0266759563237429,0.0306252427399158,0.0299641229212284,0.0280096344649792,0.0260453000664711,0.0303720589727163,0.0288319196552038,0.0274121817201376,0.0297535620629787,0.0291846543550491,0.0273034013807774,0.0272486582398415,0.0287412516772747,0.0256477482616901,0.0283446349203587,0.0279572047293186,0.029739685356617,0.0318685136735439,0.0222284980118275,0.0298145301640034,0.0279521103948355,
985.0,0.0268857963383198,0.0290744695812464,0.0311507899314165,0.0311824977397919,0.0300856772810221,0.0324961245059967,0.0311650913208723,0.029134763404727,0.0307590030133724,0.0288623161613941,0.032627671957016,0.0309777390211821,0.0304537899792194,0.0284250099211931,0.0273532923310995,0.0238416343927383,0.0308209769427776,0.028895691037178,0.0241544283926487,0.0254667550325394,0.0270601995289326,0.0300313178449869,0.0277521256357431,0.0283752493560314,0.0301633886992931,0.0268901325762272,0.0278386473655701,0.026980746537447,0.0309563279151917,0.0303116776049137,0.0283412970602512,0.0263246204704046,0.030724611133337,0.0291183646768332,0.0276990924030542,0.0300935376435518,0.0295114908367395,0.0276182163506746,0.027563214302063,0.0290588159114122,0.0259305275976658,0.028650252148509,0.0282594282180071,0.0300200041383505,0.03222281858325,0.022448293864727,0.0301623698323965,0.0282490346580744,
986.0,0.0271526873111725,0.0293762870132923,0.0314693674445152,0.0315069444477558,0.0303867422044277,0.0328257642686367,0.031481709331274,0.0294476468116045,0.0310622528195381,0.0291489697992802,0.0329436026513577,0.0312975384294987,0.030765438452363,0.0287152547389269,0.0276232343167067,0.0241050273180008,0.0311286710202694,0.0291762035340071,0.0243916809558868,0.0257367081940174,0.0273193083703518,0.0303165055811405,0.0280293077230453,0.0286722872406244,0.0304647497832775,0.027152206748724,0.0281412452459335,0.0272618886083364,0.0312642492353916,0.0306118782609701,0.0286477450281382,0.0265786647796631,0.0310262553393841,0.0293797422200441,0.0279607009142637,0.0303971283137798,0.0298052001744509,0.0278998352587223,0.0278471112251282,0.0293268263339996,0.0261737965047359,0.0289540141820908,0.028517447412014,0.0303126201033592,0.032523550093174,0.0226665176451206,0.0304700285196304,0.0285227261483669,
987.0,0.027363482862711,0.0296536181122065,0.0317145697772503,0.0317520461976528,0.0306409187614918,0.0330990478396416,0.0317701138556004,0.0296958852559328,0.0313434153795242,0.0293367151170969,0.0332142561674118,0.0315726809203625,0.031031358987093,0.0289837997406721,0.0278621297329664,0.0242751408368349,0.0313830152153969,0.0294006522744894,0.024565614759922,0.0259536486119032,0.0275419820100069,0.0305465180426836,0.0282551478594542,0.028872475028038,0.0306994263082743,0.0273946560919285,0.0283755343407393,0.0274997353553772,0.0315235517919064,0.0308719985187054,0.0288757532835007,0.0268122032284737,0.0312634110450745,0.0296385996043682,0.0282108783721924,0.030643168836832,0.0300495028495789,0.0281123630702496,0.028074262663722,0.0295412484556437,0.0263811163604259,0.0292324926704168,0.0287533141672611,0.0306036751717329,0.03275391086936,0.0228770226240158,0.030711205676198,0.0287552680820227,
988.0,0.0275782030075789,0.029819754883647,0.0319488383829594,0.0319619849324226,0.0308478437364101,0.0333582609891891,0.0320066399872303,0.0299255177378654,0.0315604209899902,0.0296018458902836,0.0334674641489983,0.031829047948122,0.0313294194638729,0.0291606765240431,0.0280855856835842,0.024411354213953,0.0316133759915829,0.0296046938747168,0.024758929386735,0.0261307712644339,0.0277536399662495,0.0307793132960796,0.0284468661993742,0.0290559902787209,0.030914057046175,0.0276127178221941,0.0285443961620331,0.0276812203228474,0.0317409224808216,0.0310750715434551,0.0291063841432333,0.0269958581775427,0.0314874053001404,0.0298560746014118,0.0284102857112885,0.0308590214699507,0.0302487537264824,0.0283148437738419,0.0282269194722176,0.0297392047941685,0.0265800394117832,0.0294319838285446,0.0289914775639772,0.0308203995227814,0.0330122709274292,0.023044602945447,0.0309139080345631,0.0289902538061142,
989.0,0.0277557484805584,0.0300042610615492,0.0321610122919083,0.0321561396121979,0.0310776997357607,0.0335534028708935,0.0321823358535767,0.0301124695688486,0.0317503660917282,0.0298161599785089,0.0336854234337807,0.0320229642093182,0.0314665213227272,0.0293245930224657,0.0282519310712814,0.0245766583830118,0.0318170748651028,0.0298022255301476,0.0248896200209856,0.0262970700860024,0.0279470812529325,0.0309417005628347,0.0286535583436489,0.0292698312550783,0.0311311967670918,0.0277802720665932,0.0287068914622068,0.0278770551085472,0.0319710597395897,0.0312480814754963,0.0292978007346392,0.0271758809685707,0.0316872708499432,0.0300619564950466,0.02857930585742,0.0310053192079067,0.0304435659199953,0.0285243149846792,0.0284081492573023,0.0299627464264631,0.0267278254032135,0.0296128951013088,0.0291686654090881,0.0309844296425581,0.0332294106483459,0.0231836754828691,0.0311067365109921,0.0291857328265905,
990.0,0.027890944853425,0.0301568750292063,0.0323068164288998,0.0323225744068623,0.031233498826623,0.0337005071341991,0.0322970300912857,0.0302398297935724,0.0319100916385651,0.0299411676824093,0.033856425434351,0.0321644358336926,0.0315687544643879,0.029480118304491,0.0283693801611662,0.0247184187173843,0.0319779850542545,0.0299253575503826,0.0250058006495237,0.0264103524386883,0.0280875954777002,0.0310784410685301,0.0288115050643682,0.0294195208698511,0.0312757156789303,0.0278830695897341,0.0288517102599144,0.0280087646096945,0.0321505963802338,0.0314092896878719,0.0294220373034477,0.0272854324430227,0.0318015962839127,0.0302013140171766,0.0286942832171917,0.0311389304697514,0.0305825378745794,0.0286605320870876,0.0285569466650486,0.0301118027418852,0.0268185678869486,0.0297241695225239,0.0292642302811146,0.031113538891077,0.0333739742636681,0.0232678409665823,0.0312388259917498,0.0293122325092554,
991.0,0.0279786549508572,0.0302509218454361,0.0324051454663277,0.0324452221393585,0.0313062556087971,0.0338191650807858,0.0324007906019688,0.0303229372948408,0.0320297256112099,0.0300119780004025,0.0339723639190197,0.0322734862565994,0.0317072086036205,0.0296044573187828,0.028465460985899,0.0248022228479385,0.0320955738425255,0.0299933794885874,0.0251179467886686,0.0264756884425879,0.0281770769506693,0.0312136001884937,0.0288960989564657,0.0294873490929604,0.0313514247536659,0.0279526095837355,0.0289662964642048,0.028068121522665,0.0322546325623989,0.0315563157200813,0.0295027084648609,0.0273509565740824,0.0318682789802551,0.0302783828228712,0.0287651065737009,0.0312701836228371,0.0306675992906094,0.0287166144698858,0.0286538079380989,0.0301942508667707,0.0268975496292114,0.0297890622168779,0.029336754232645,0.0312256366014481,0.0334696620702744,0.023321470245719,0.0313208214938641,0.0293846521526575,
992.0,0.0280203782021999,0.0303370505571365,0.0325429365038872,0.0325247123837471,0.0314236916601658,0.0339200682938099,0.0325736552476883,0.0304105579853058,0.0321119017899036,0.0301174279302359,0.0340409316122532,0.0323694758117199,0.0318113267421722,0.0296738408505917,0.028570644557476,0.0248569454997778,0.0321946777403355,0.0301278028637171,0.0251751728355885,0.0265647675842047,0.0282683782279491,0.0313231758773327,0.0289662703871727,0.0295783653855324,0.0314674936234951,0.0280580185353756,0.0290613695979118,0.0281603839248419,0.0323419719934464,0.0316666625440121,0.0296123884618282,0.0275099482387304,0.0320277474820614,0.030380742624402,0.0288494676351547,0.0313444286584854,0.0307796634733677,0.0287931524217129,0.0287665724754334,0.0303546395152807,0.0270380899310112,0.02992251701653,0.0294956341385841,0.0313347466289997,0.0335859358310699,0.0234242342412472,0.0314447656273842,0.0294636897742748,
993.0,0.028153819963336,0.0304781775921583,0.032660186290741,0.0326664336025715,0.0315884090960026,0.0340725146234035,0.0326934978365898,0.0305285286158323,0.0322602540254593,0.0302386879920959,0.0341816693544388,0.0325099937617779,0.0319553129374981,0.029774846509099,0.0286777392029762,0.0249703712761402,0.0323254689574242,0.0302387047559023,0.0253003742545843,0.0266728885471821,0.0284159127622843,0.0314790569245815,0.0291236583143473,0.0296984035521746,0.0315856486558914,0.0281705167144537,0.0292011946439743,0.0282945390790701,0.0325142666697502,0.0317399837076664,0.0297476146370173,0.0276538729667664,0.0321713536977768,0.0305201038718224,0.0289946142584085,0.03147267177701,0.0309192035347223,0.0289147887378931,0.0289006549865007,0.030452286824584,0.0271345488727093,0.030023755505681,0.0295964702963829,0.031449269503355,0.0336991399526596,0.0235408097505569,0.0315843783318996,0.0295783411711454,
994.0,0.0282616056501865,0.0305803958326578,0.0327396653592587,0.0327754989266396,0.0316856317222118,0.0341582112014294,0.0327620096504688,0.0306135211139917,0.032355722039938,0.0303496737033129,0.0343055464327335,0.0325807854533196,0.0320556312799454,0.0298747140914202,0.0287472400814295,0.0250410102307796,0.0324350148439407,0.0302987769246101,0.0253466684371233,0.0267263725399971,0.0285011697560549,0.031564112752676,0.0292140878736973,0.0297976955771446,0.0316744521260262,0.0282601788640022,0.0292781107127666,0.0283686239272356,0.0326096974313259,0.031828198581934,0.0298288557678461,0.0276985876262188,0.032237321138382,0.0306098647415638,0.0290581416338682,0.0315479002892971,0.0309959407895803,0.0289924368262291,0.0289598572999239,0.0305163338780403,0.0271813273429871,0.0300988145172596,0.0296550132334232,0.031519241631031,0.0337835773825645,0.0236004684120417,0.0316845774650574,0.0296725314110518,
995.0,0.028313172981143,0.0306116044521332,0.0327863842248917,0.0328196659684181,0.0316939614713192,0.0341853946447372,0.0328020080924034,0.0306556057184935,0.0323875620961189,0.0304159838706255,0.0343597233295441,0.0326046496629715,0.0320699289441109,0.0299320630729198,0.0287848450243473,0.0250589028000832,0.0324857719242573,0.030329579487443,0.0253284201025963,0.0267393924295902,0.0285127237439156,0.0315797664225101,0.029236538335681,0.0298591591417789,0.0317123532295227,0.0283071473240852,0.0293002240359783,0.0283965338021517,0.0326219573616982,0.0319077111780643,0.02986622415483,0.027688505128026,0.032254546880722,0.0306372847408056,0.0290584675967693,0.0315624251961708,0.0310226120054722,0.0290197562426329,0.0289698243141174,0.0305548775941134,0.0272208377718925,0.0301481280475855,0.0296887382864952,0.0315443612635136,0.0338243246078491,0.0236109811812639,0.0317312851548195,0.0297282915562391,
996.0,0.0283589772880077,0.0306137390434742,0.0328177809715271,0.0328406654298306,0.0316926762461662,0.034251444041729,0.0328351184725761,0.0306891668587923,0.0324374958872795,0.0304220579564571,0.034361332654953,0.0326836109161377,0.0320332460105419,0.0299338288605213,0.0288233067840338,0.0250864308327436,0.03248256072402,0.0303727444261312,0.0253773909062147,0.0267801284790039,0.0285319220274687,0.031618494540453,0.029300769791007,0.0298933908343315,0.0317052118480206,0.0283129662275314,0.0293481964617968,0.0284625384956598,0.0326736457645893,0.0319191925227642,0.0299229249358177,0.0277318321168423,0.0322961136698723,0.0306588001549244,0.0291202906519175,0.0315936245024204,0.0310762021690607,0.0290572792291641,0.0290255304425955,0.0305537357926369,0.0272874440997839,0.0301663130521774,0.0297021307051182,0.0315615795552731,0.0338268764317036,0.0236347001045942,0.0317521207034588,0.0297629069536924,
997.0,0.0283357389271259,0.0306339990347624,0.0328346081078053,0.0328626707196236,0.0317906811833382,0.0342658385634422,0.0328546725213528,0.0306851249188185,0.0324685759842396,0.030458914116025,0.0343913063406944,0.0326461493968964,0.032094307243824,0.0299678221344948,0.0288208294659853,0.0250492282211781,0.0325009599328041,0.0303981117904186,0.0253955703228712,0.0267752688378096,0.0285496804863214,0.0316252745687962,0.0292749460786581,0.0298611223697662,0.0317398048937321,0.0283286664634943,0.029276829212904,0.0284512266516685,0.0327294878661633,0.0319680199027061,0.0298982411623001,0.0277288537472487,0.0322940275073051,0.0307044275105,0.029120784252882,0.0316099524497986,0.0310682691633701,0.0290811806917191,0.0289965346455574,0.0305532850325108,0.0272284485399723,0.0301937442272902,0.029704200103879,0.03154481574893,0.0338353887200356,0.0236533526331186,0.0317807830870152,0.0297503788024187,
998.0,0.0283296834677458,0.0306505225598812,0.0328404642641544,0.0328849367797375,0.0318220444023609,0.0342564582824707,0.0328331738710403,0.0306908097118139,0.0324721671640873,0.0304358806461096,0.0343901515007019,0.0326401479542255,0.0321200042963028,0.0299722068011761,0.0287976562976837,0.025033213198185,0.0325247868895531,0.0303654689341784,0.0253979619592428,0.0267749689519405,0.0285306293517351,0.0316182412207127,0.0292974542826414,0.0298601370304823,0.0317422971129417,0.0283076912164688,0.0292654410004616,0.0284133348613977,0.032733041793108,0.0319566130638123,0.0299236308783293,0.0277018155902624,0.0322789587080479,0.0306666810065508,0.0290963631123304,0.03158188611269,0.0310399066656828,0.0290593579411507,0.0290150549262762,0.0305591467767954,0.0272138528525829,0.0301484558731318,0.0297210048884153,0.0315523259341717,0.033855564892292,0.0236241593956947,0.0317781530320644,0.0297228284180164,
999.0,0.0283292774111032,0.0306393653154373,0.0328310169279575,0.0328803844749928,0.0317986309528351,0.0342456139624119,0.0328203663229942,0.0306841470301151,0.0324580371379852,0.0303921513259411,0.0343542173504829,0.0326541475951672,0.0320878326892853,0.0299296900629997,0.0287711769342422,0.0250333417207003,0.0324979573488235,0.0303380843251944,0.0253793615847826,0.0267808996140957,0.028502544388175,0.0315838903188705,0.0293078422546387,0.0298602748662233,0.0317076854407787,0.0282832812517881,0.0292891561985016,0.0283969156444073,0.0327002480626106,0.0319161750376225,0.029940415173769,0.0276746358722448,0.0322544984519482,0.0306078344583511,0.0290645323693752,0.0315455868840218,0.031015096232295,0.029038280248642,0.0290354713797569,0.0305518060922623,0.0272271409630775,0.030089408159256,0.0297198873013258,0.0315602757036686,0.033850084990263,0.0235842522233725,0.0317342989146709,0.0296874474734068,
1000.0,0.0282841343432665,0.0305855274200439,0.0327904038131237,0.0328283198177814,0.0317840166389942,0.0342299863696098,0.032846674323082,0.0306273233145475,0.0324316658079624,0.0303843580186367,0.0343053266406059,0.0326158590614796,0.0320343151688576,0.0298601519316435,0.0287412889301777,0.0250010639429092,0.0324029885232449,0.0303608886897564,0.0253286100924015,0.0267603863030672,0.0284933149814606,0.0315098464488983,0.0292121693491936,0.0297937337309122,0.0316609553992748,0.0282821133732796,0.0292485002428293,0.0284040365368128,0.0326606296002865,0.0319030284881592,0.0298540405929089,0.0276520494371653,0.0322123020887375,0.0306113138794899,0.0290283244103193,0.0315308943390846,0.03099056892097,0.0290522761642933,0.0289683379232883,0.0305114407092333,0.0271811299026012,0.0300937872380018,0.0296612903475761,0.0315208174288273,0.0337870754301548,0.0235715415328741,0.0316663309931755,0.0296431612223387,
1001.0,0.0268473569303751,0.0291327275335789,0.0309914406388998,0.0311232730746269,0.030240073800087,0.0325722247362137,0.031252671033144,0.0288221649825573,0.0307753719389439,0.0287098810076714,0.0326086468994617,0.0309116467833519,0.0304740853607655,0.0282846968621016,0.0272391550242901,0.0234909486025572,0.0309796761721373,0.0286504961550236,0.0239181611686945,0.0252916757017374,0.027204480022192,0.0299445763230324,0.0276841931045055,0.0284358859062195,0.0301299151033163,0.0267623793333769,0.0277555231004953,0.0268439687788486,0.0310679748654366,0.0302802417427301,0.0282196309417486,0.0262664239853621,0.0306329932063818,0.0290697161108255,0.0274973306804895,0.0297974739223719,0.0293834172189236,0.0275031961500645,0.027407206594944,0.0287966970354319,0.0257161147892475,0.0285017192363739,0.0281635131686926,0.0301100630313158,0.0319664478302002,0.0222725886851549,0.0301196593791246,0.028342267498374,
1002.0,0.0268012788146734,0.0290820002555847,0.0309393294155598,0.0310628060251474,0.0301899276673794,0.0325144678354263,0.0311908069998026,0.0287674255669117,0.0307205338031054,0.0286529660224915,0.0325505845248699,0.0308523140847683,0.0304128415882587,0.0282295886427164,0.0271862354129553,0.0234421379864216,0.0309228282421827,0.0285967886447906,0.0238688681274652,0.0252406988292933,0.0271630510687828,0.0298831984400749,0.0276314336806536,0.0283792372792959,0.0300645995885134,0.0267112739384174,0.0277014560997486,0.0267903786152601,0.0310189314186573,0.0302319899201393,0.0281762965023518,0.0262117832899094,0.0305729061365128,0.0290185324847698,0.0274377930909395,0.0297320485115051,0.0293272435665131,0.0274569448083639,0.0273659881204367,0.0287376865744591,0.0256721545010805,0.0284491833299398,0.0281033795326948,0.0300500933080912,0.0318990349769592,0.0222268924117088,0.0300609637051821,0.0282803270965815,
1003.0,0.0267546959221363,0.0290280245244503,0.0308867450803518,0.0309954676777124,0.0301371775567532,0.0324547588825226,0.0311281997710466,0.028706269338727,0.0306551791727543,0.0286001302301884,0.0324786752462387,0.0307882074266672,0.0303521696478128,0.0281720384955406,0.0271368231624365,0.0233882013708353,0.0308668836951256,0.0285431742668152,0.023800490424037,0.0251904278993607,0.0271222088485956,0.0298271402716637,0.0275728944689035,0.0283152014017105,0.0300005488097668,0.0266762301325798,0.0276496727019548,0.0267226453870535,0.0309697762131691,0.03017832711339,0.028129767626524,0.0261537935584784,0.0305185802280903,0.0289553944021463,0.0273737069219351,0.0296746734529734,0.0292768385261297,0.0274082291871309,0.0273215752094984,0.0286757573485374,0.0256308522075415,0.028402017429471,0.0280342847108841,0.0299963932484388,0.0318357571959496,0.0221764333546162,0.0300017297267914,0.028205331414938,
1004.0,0.0267069078981876,0.029006278142333,0.0308556575328112,0.0309661515057087,0.030110776424408,0.0324217453598976,0.0311015211045742,0.0286742355674505,0.0306027103215456,0.028546180576086,0.0324336662888527,0.0307350102812052,0.0302951075136662,0.0281316060572863,0.0271250884979963,0.0233513917773962,0.0308427941054106,0.0284942667931318,0.0237527582794428,0.0251622907817364,0.027087040245533,0.0297916531562805,0.0275483541190624,0.0282733198255301,0.0299680512398481,0.0266436915844679,0.0276086870580912,0.0266784932464361,0.0309379193931818,0.030135128647089,0.0281040705740452,0.0261174608021975,0.0304780006408691,0.0289069153368473,0.0273342691361904,0.0296380408108234,0.0292392000555992,0.0273951962590218,0.0272908825427294,0.0286426581442356,0.0255968943238258,0.0283642504364252,0.0279882624745369,0.0299526937305927,0.031793549656868,0.022144753485918,0.0299730934202671,0.0281729269772768,
1005.0,0.0266786888241768,0.0289975423365831,0.0308531280606985,0.0309555567800999,0.0301013700664043,0.0324149914085865,0.0311069525778294,0.0286503490060568,0.0305773504078388,0.0285204835236073,0.0324210599064827,0.0307210516184568,0.0302746240049601,0.0280968751758337,0.0271271001547575,0.0233326833695173,0.0308396797627211,0.0284659713506699,0.023738294839859,0.0251641441136599,0.0270633362233639,0.0297683905810118,0.0275461804121733,0.0282523352652788,0.0299375951290131,0.0266187880188227,0.0275996550917625,0.0266682431101799,0.0309261884540319,0.0301034916192293,0.0280879307538271,0.026111900806427,0.0304567310959101,0.0289061013609171,0.0273113921284676,0.0296150278300047,0.0292164888232946,0.0274085253477097,0.0272903684526682,0.0286315120756626,0.0255745965987444,0.0283616445958614,0.027969466522336,0.0299172848463058,0.0317633077502251,0.0221382323652506,0.0299705285578966,0.0281581319868565,
1006.0,0.0266860760748386,0.028998726978898,0.0308610107749701,0.0309722740203142,0.0301163252443075,0.0324451960623264,0.031125433743,0.028658252209425,0.030586663633585,0.0285323318094015,0.03243637830019,0.0307449176907539,0.030290013179183,0.0280961934477091,0.0271543823182583,0.0233338251709938,0.0308621134608984,0.0284687839448452,0.0237458366900682,0.0251877550035715,0.0270708687603474,0.0297671146690845,0.0275621581822634,0.0282643809914589,0.029943211004138,0.0266285929828882,0.0276218988001347,0.0266891252249479,0.030955046415329,0.0301103256642818,0.0280974637717009,0.0261352397501469,0.0304647628217936,0.0289319101721048,0.0273198485374451,0.0296344198286533,0.0292229801416397,0.0274217631667852,0.0273269917815924,0.0286384522914886,0.0255683474242687,0.0283852759748697,0.0279877427965403,0.0299044698476791,0.0317567400634289,0.0221501030027866,0.0299854185432196,0.0281536560505629,
1007.0,0.0267019439488649,0.0290231090039015,0.030886173248291,0.0310105849057436,0.0301567669957876,0.0324934311211109,0.0311507079750299,0.0286913327872753,0.0306167211383581,0.0285626240074635,0.032464537769556,0.0307777412235737,0.0303312540054321,0.0281339474022388,0.0271865222603083,0.0233513694256544,0.0308868829160929,0.0284795165061951,0.0237589627504349,0.0252163205295801,0.0271085035055876,0.0297992080450058,0.0275977104902267,0.0282906293869019,0.029973516240716,0.0266440622508526,0.0276450030505657,0.0267090834677219,0.0309937167912722,0.0301381032913923,0.0281372480094433,0.026172423735261,0.0304742678999901,0.0289704874157906,0.0273445826023817,0.0296680927276611,0.0292453542351723,0.0274395905435085,0.0273571610450745,0.0286594126373529,0.0255876574665308,0.0284133143723011,0.0280205868184567,0.029923940077424,0.0317874476313591,0.0221731830388308,0.0300151482224464,0.028182789683342,
1008.0,0.026743046939373,0.029051948338747,0.0309292580932379,0.0310575868934393,0.030219754204154,0.0325451642274857,0.0311897434294224,0.0287419520318508,0.0306727606803179,0.0286097563803196,0.0325165018439293,0.0308201629668474,0.0303864907473326,0.0281735844910145,0.0272109061479568,0.0233803708106279,0.0309251323342323,0.0285027399659157,0.0237844586372375,0.0252433642745018,0.0271549820899963,0.0298426896333694,0.0276455692946911,0.0283260233700275,0.0300092864781618,0.026658670976758,0.0276792533695698,0.0267398189753294,0.0310564339160919,0.0301794912666082,0.0281917229294777,0.0262120086699724,0.0305072329938412,0.0290200989693403,0.0273699089884758,0.0296896137297153,0.0292828436940908,0.0274714268743992,0.0273795481771231,0.0287022851407528,0.0256301928311586,0.0284508969634771,0.0280590783804655,0.0299691502004862,0.0318412184715271,0.0222065206617117,0.0300568137317896,0.0282284934073687,
1009.0,0.0268010329455137,0.0290922485291958,0.0309678837656975,0.031104551628232,0.0302789602428675,0.0326122343540192,0.0312391649931669,0.0287934523075819,0.030742222443223,0.0286635663360357,0.0325780101120472,0.030868811532855,0.0304280668497086,0.0282118171453476,0.0272429119795561,0.0234148055315018,0.0309795625507832,0.028543995693326,0.0238184221088886,0.0252631679177284,0.0271984655410051,0.0298842247575521,0.0276885405182838,0.0283807963132858,0.0300592891871929,0.0267026405781507,0.0277185589075089,0.0267897509038448,0.0311337802559137,0.0302284471690655,0.0282484460622072,0.0262547750025988,0.0305610056966543,0.0290574710816145,0.0274091884493828,0.0297352001070976,0.0293366406112909,0.0274961423128843,0.0274118706583977,0.0287518985569477,0.0256730895489454,0.0284939929842949,0.0281152501702309,0.0300191286951303,0.0318880379199982,0.0222517848014832,0.0301117971539497,0.028276527300477,
1010.0,0.0268466453999281,0.0291559621691704,0.0310191381722689,0.0311588011682034,0.0303372275084257,0.032659724354744,0.0312896892428398,0.0288428422063589,0.0307986885309219,0.028712498024106,0.0326318703591824,0.0309175699949265,0.0304771158844233,0.0282566118985415,0.0272815395146608,0.0234547629952431,0.0310243591666222,0.0285858269780874,0.0238561350852251,0.0252851881086826,0.0272501688450575,0.0299373902380466,0.0277286861091852,0.028434194624424,0.0301034934818745,0.0267603639513254,0.0277628712356091,0.0268245451152325,0.0311971101909876,0.0302800927311182,0.0283028651028872,0.0263027120381594,0.0306085962802172,0.0290972497314215,0.0274420827627182,0.0297863911837339,0.0293840914964676,0.0275404471904039,0.0274479929357767,0.0288153439760208,0.0257162284106016,0.0285291187465191,0.0281675290316343,0.0300701223313808,0.0319440364837646,0.0222974177449942,0.0301685594022274,0.0283279027789831,
1011.0,0.0268901586532593,0.0291971825063229,0.0310741998255253,0.0312070902436972,0.0303972959518433,0.0326928794384003,0.0313446335494518,0.0288967415690422,0.0308472737669945,0.0287517514079809,0.032693337649107,0.0309590045362711,0.0305316001176834,0.0282914321869612,0.0273289103060961,0.0234867986291647,0.0310829039663076,0.0286388322710991,0.0238919164985418,0.025315273553133,0.0272788051515818,0.0299875345081091,0.0277745090425015,0.0284766405820847,0.0301426351070404,0.0268155839294195,0.0278024580329657,0.0268632788211107,0.0312635712325573,0.030339552089572,0.0283420607447624,0.0263397730886936,0.0306608267128468,0.0291362833231688,0.0274720415472984,0.0298238229006529,0.0294211097061634,0.0275921225547791,0.0274995770305395,0.0288724154233933,0.0257648695260286,0.0285544395446777,0.0282125938683748,0.0301230829209089,0.0320084504783154,0.0223190058022738,0.0302347727119923,0.028374781832099,
1012.0,0.0269267316907644,0.0292258355766535,0.0311155300587416,0.0312440246343613,0.0304429177194834,0.0327535197138786,0.0314088352024555,0.0289205424487591,0.0309006739407778,0.0287829898297787,0.0327522195875645,0.031005272641778,0.0305686537176371,0.0283315423876047,0.0273718815296888,0.0235255919396877,0.0311442743986845,0.0286949742585421,0.0239239875227213,0.0253437571227551,0.0272810496389866,0.030020147562027,0.0278198588639498,0.0285148490220308,0.030190285295248,0.0268630292266607,0.0278337728232145,0.0269136801362038,0.0313300341367722,0.0303900949656963,0.0283781569451094,0.0263719744980335,0.0306986942887306,0.0291578508913517,0.0275040678679943,0.0298684556037188,0.0294585190713406,0.0276148412376642,0.0275623891502619,0.0288994051516056,0.0258036088198423,0.0285817682743073,0.0282535161823034,0.0301637556403875,0.0320406667888165,0.0223430506885052,0.0302772987633944,0.0284152384847403,
1013.0,0.0269549824297428,0.0292676817625761,0.0311602782458067,0.0312875621020794,0.0304831881076097,0.03281220048666,0.0314538665115833,0.0289442054927349,0.030945161357522,0.0288255102932453,0.0327929221093655,0.0310534331947565,0.0306030362844467,0.0283819511532784,0.0274116136133671,0.0235584266483784,0.0311806388199329,0.0287344064563513,0.0239662583917379,0.0253737363964319,0.0273194760084152,0.0300462301820517,0.0278673991560936,0.0285390894860029,0.0302334688603878,0.0268863514065742,0.0278626438230276,0.0269570555537939,0.0313871875405312,0.0304374974220991,0.0284241903573275,0.0264006163924932,0.0307187288999558,0.0291897878050804,0.0275332648307085,0.0298980232328177,0.0294845923781395,0.0276403147727251,0.0276150684803724,0.0289301574230194,0.0258279126137495,0.0286120623350143,0.0282702408730984,0.0301893055438995,0.0320609845221043,0.0223762262612581,0.030298825353384,0.0284494794905186,
1014.0,0.0269759315997362,0.029289998114109,0.0311904642730951,0.0313159078359604,0.0305196736007929,0.0328499935567379,0.0314768478274345,0.028956763446331,0.0309725776314735,0.0288555473089218,0.0328245609998703,0.0310833398252726,0.0306370183825493,0.0284048188477755,0.0274338573217392,0.0235761534422636,0.0312168002128601,0.0287598539143801,0.0239884573966265,0.0253971368074417,0.0273508243262768,0.0300669558346272,0.0279001779854298,0.028555566444993,0.0302579365670681,0.0268992520868778,0.0278815682977438,0.0269841905683279,0.0314234718680382,0.0304717794060707,0.0284580141305923,0.0264156684279442,0.0307405814528465,0.0292146392166615,0.0275589823722839,0.0299118794500828,0.0295038986951113,0.0276562869548798,0.0276462566107512,0.0289542712271214,0.0258404109627008,0.0286329966038466,0.0282894447445869,0.0302096027880907,0.0320805758237839,0.0223972965031862,0.0303183626383543,0.028468044474721,
1015.0,0.0269960127770901,0.0292979758232832,0.03120974637568,0.0313356555998325,0.0305570848286152,0.0328812897205353,0.0314792580902576,0.0289580281823874,0.0309895221143961,0.0288844723254442,0.0328492857515812,0.031103540211916,0.0306724272668362,0.0284165106713772,0.0274454206228256,0.0235795639455318,0.0312511324882507,0.02877027541399,0.0240011159330606,0.0254196505993605,0.0273837242275476,0.0300830248743296,0.0279297679662704,0.028561033308506,0.0302760135382414,0.0268920212984085,0.0278880372643471,0.0270038526505232,0.0314474143087864,0.0304979309439659,0.0284895095974207,0.0264158081263304,0.0307593755424023,0.0292334426194429,0.0275840442627668,0.0299012735486031,0.0295162387192249,0.0276586152613163,0.0276607722043991,0.0289695300161839,0.0258424337953329,0.0286508575081825,0.0282977018505335,0.030224971473217,0.0320957005023956,0.0224063415080309,0.0303260162472725,0.0284717697650194,
1016.0,0.0269961208105087,0.0293011758476496,0.0312141478061676,0.0313472412526608,0.0305768810212612,0.0329087153077126,0.0314776115119457,0.0289394892752171,0.0310033392161131,0.028895640745759,0.0328648947179317,0.0311151649802923,0.0306866150349379,0.0284170992672443,0.0274313353002071,0.023582149296999,0.0312809646129608,0.0287747066468,0.023999560624361,0.0254267584532499,0.0274026487022638,0.0300843175500631,0.0279488675296307,0.0285620167851448,0.0302814561873674,0.0268834065645933,0.0278970263898373,0.0270176827907562,0.0314598344266415,0.0304961651563644,0.0285113751888275,0.0264208931475878,0.0307712815701962,0.029230585321784,0.0275945961475372,0.0298946723341942,0.0295356921851635,0.0276607796549797,0.0276606027036905,0.0289807878434658,0.0258341878652573,0.0286573171615601,0.0283071622252464,0.030223174020648,0.03209038823843,0.0224312487989664,0.0303204841911793,0.0284707546234131,
1017.0,0.0269880760461092,0.0293065272271633,0.0312244314700365,0.0313603319227695,0.0305884573608637,0.0329212658107281,0.0314752459526062,0.0289473384618759,0.031006645411253,0.0289020910859108,0.0328687764704227,0.0311107635498047,0.0306888241320848,0.0284104645252228,0.0274253580719233,0.0235748812556267,0.0312900207936764,0.0287789423018694,0.0239986646920443,0.0254298355430365,0.0274360999464989,0.0300779510289431,0.0279565174132586,0.0285715889185667,0.0302654486149549,0.0268778018653393,0.0279049593955278,0.0270252302289009,0.0314594060182571,0.0304960403591394,0.0285191964358091,0.0264201946556568,0.0307785216718912,0.0292343031615019,0.0275968704372644,0.0298896972090006,0.0295330584049225,0.0276770722121,0.0276641882956028,0.0290000028908253,0.0258229877799749,0.0286536775529385,0.0283065550029278,0.0302204508334398,0.0320908240973949,0.0224520545452833,0.0303373951464891,0.0284664630889893,
1018.0,0.026991743594408,0.02929462864995,0.0312318354845047,0.0313554294407368,0.0306046474725008,0.032926756888628,0.0314704775810242,0.0289591904729605,0.0309997070580721,0.0288967099040747,0.0328778438270092,0.0311060529202223,0.0306964498013258,0.0283962525427341,0.0274272933602333,0.0235666334629059,0.0313052386045456,0.0287769474089146,0.0239782854914665,0.0254224687814713,0.0274404995143414,0.0300841126590967,0.0279511492699385,0.0285840686410666,0.0302407033741474,0.0268762782216072,0.0279002878814936,0.0270139761269093,0.0314515009522438,0.0304999072104692,0.0285174325108528,0.0264116879552603,0.0307917520403862,0.0292428955435753,0.0275927726179361,0.0298812072724104,0.0295274183154106,0.0276767797768116,0.0276717189699411,0.0290065184235573,0.0258230827748775,0.0286498870700598,0.0283151734620333,0.0302200838923454,0.0321045070886612,0.0224435068666935,0.0303559359163046,0.0284552536904812,
1019.0,0.0269835367798805,0.0292908772826195,0.031227083876729,0.031355831772089,0.0306119583547115,0.0329471081495285,0.0314657613635063,0.0289730597287416,0.0310018379241228,0.0288855321705341,0.0328908897936344,0.0311056599020958,0.0306919757276773,0.02839520201087,0.0274252146482468,0.0235608387738466,0.0313087627291679,0.0287760440260172,0.0239601247012615,0.0254015978425741,0.0274262595921755,0.0300946086645126,0.0279564633965492,0.0285760704427958,0.0302256047725677,0.0268811136484146,0.0278943590819836,0.0270069465041161,0.0314556360244751,0.0304975844919682,0.0285121705383062,0.0264150351285934,0.0307919438928366,0.0292430855333805,0.0275787599384785,0.0298736486583948,0.0295248739421368,0.0276799649000168,0.027688117697835,0.0290083941072226,0.0258390232920647,0.028635960072279,0.0283199734985828,0.0302139390259981,0.0321141146123409,0.0224453303962946,0.0303715486079454,0.0284568835049868,
1020.0,0.0269794538617134,0.0293038971722126,0.0312346331775188,0.0313710123300552,0.0306263919919729,0.0329701527953148,0.0314768999814987,0.0289930123835802,0.0310165621340275,0.0288934893906116,0.0328976735472679,0.031102454289794,0.0306812468916178,0.0284049659967422,0.0274361819028854,0.0235510151833296,0.0312959738075733,0.0287714768201113,0.0239619128406048,0.0253937747329474,0.0274178888648748,0.0301003977656364,0.0279724448919296,0.0285764895379543,0.0302262995392084,0.0268762763589621,0.027896286919713,0.0270169340074062,0.0314704775810242,0.0304929614067078,0.0285192672163248,0.0264151692390442,0.0307800732553005,0.0292432401329279,0.0275717545300722,0.0298689547926188,0.0295166149735451,0.0276829097419977,0.0277093350887299,0.0290105286985636,0.0258436184376478,0.0286331381648779,0.0283225867897272,0.0302215181291103,0.0321052707731724,0.0224504712969065,0.0303880535066128,0.028464462608099,
1021.0,0.0269892625510693,0.0293099358677864,0.0312455128878355,0.0313815735280514,0.0306442566215992,0.032984770834446,0.0314833410084248,0.029000498354435,0.0310267582535744,0.0289090033620596,0.0329000614583492,0.0311082061380148,0.030676182359457,0.0284097380936146,0.0274487175047398,0.0235411562025547,0.0313067622482777,0.0287527497857809,0.0239557456225157,0.025389002636075,0.0274104792624712,0.030114009976387,0.0279901549220085,0.0285722557455301,0.0302299540489912,0.0268647316843271,0.0279036201536655,0.0270116105675697,0.0314879380166531,0.0304950252175331,0.0285362564027309,0.0264215655624866,0.0307772494852543,0.0292452331632376,0.0275714993476868,0.0298713799566031,0.0295222736895084,0.0276735797524452,0.0277189463376999,0.0290032681077719,0.0258338451385498,0.0286515858024359,0.028331596404314,0.0302238259464502,0.0320913009345531,0.022450715303421,0.0303907729685307,0.0284746792167425,
1022.0,0.0269929431378841,0.0293132159858942,0.0312437266111374,0.031399067491293,0.030662763863802,0.0329994708299637,0.0314932242035866,0.0290040504187346,0.0310386382043362,0.0289162360131741,0.0329016260802746,0.0311053823679686,0.0306796655058861,0.0284143947064877,0.027452627196908,0.0235432609915733,0.0313244760036469,0.0287490990012884,0.0239506270736456,0.0253839008510113,0.0274125076830387,0.0301224961876869,0.0280087701976299,0.0285610109567642,0.0302381627261639,0.0268695261329412,0.0279108788818121,0.0270085968077183,0.0315057188272476,0.0305167436599731,0.0285468176007271,0.0264363382011652,0.0307644233107567,0.0292475447058678,0.0275846719741821,0.0298786461353302,0.0295278169214725,0.0276694968342781,0.0277233570814133,0.0290117096155882,0.0258262362331152,0.0286558736115694,0.0283422078937292,0.0302258655428886,0.032089676707983,0.0224698353558779,0.0303999595344067,0.0284846499562263,
1023.0,0.0270074382424355,0.0293158181011677,0.0312619991600513,0.0314274430274963,0.0306960884481668,0.0330065600574017,0.0315236672759056,0.0290251560509205,0.0310664791613817,0.0289248991757631,0.0329114869236946,0.0311097893863916,0.0306927729398012,0.028427492827177,0.0274623408913612,0.0235665533691645,0.0313499942421913,0.0287570562213659,0.0239669568836689,0.0254118293523788,0.0274343602359295,0.0301289074122906,0.0280254315584898,0.0285758916288614,0.0302504859864712,0.0268855541944504,0.0279289502650499,0.0270244311541319,0.0315425917506218,0.0305396765470505,0.0285752136260271,0.026455519720912,0.0307579562067986,0.0292561836540699,0.0276012644171715,0.0298924129456282,0.0295432321727276,0.0276836026459932,0.027731804177165,0.0290271583944559,0.0258164908736944,0.0286647733300924,0.0283582583069801,0.0302376095205545,0.0320945084095001,0.0224817804992199,0.0304091908037663,0.0285045281052589,
1024.0,0.0270356647670269,0.0293128918856382,0.0312947779893875,0.0314534045755863,0.0307230651378632,0.0330268554389477,0.0315492115914822,0.0290512051433325,0.0310940053313971,0.0289358384907246,0.0329411514103413,0.0311336200684309,0.0307089164853096,0.0284407511353493,0.0274803340435028,0.0235869903117418,0.0313921943306923,0.0287521556019783,0.0239869430661201,0.0254361070692539,0.0274732150137424,0.0301399845629931,0.0280382726341486,0.028595544397831,0.0302535090595484,0.026900278404355,0.0279499422758818,0.0270370170474052,0.0315824672579765,0.0305572301149368,0.0285985134541988,0.0264795664697886,0.0307801850140095,0.0292695723474026,0.0276161357760429,0.0299068540334702,0.0295625869184732,0.0277107134461403,0.0277414806187153,0.0290345326066017,0.0258099194616079,0.0286906585097313,0.0283755976706743,0.030245142057538,0.0321001932024956,0.0224925987422466,0.0304157063364983,0.0285328794270754,
1025.0,0.0270618181675673,0.0293214581906796,0.0313203707337379,0.0314751416444778,0.0307494662702084,0.0330675803124905,0.0315831936895847,0.0290668364614248,0.0311247799545527,0.0289514511823654,0.0329835750162601,0.0311641935259104,0.0307512171566486,0.0284529700875282,0.0275114290416241,0.0236072614789009,0.031420424580574,0.0287695378065109,0.0240085460245609,0.0254455283284187,0.0275066941976547,0.0301496405154467,0.0280543100088835,0.0286201294511557,0.0302642174065113,0.0269091129302979,0.0279627777636051,0.0270467195659876,0.0316227376461029,0.0305850114673376,0.0286149326711893,0.026498032733798,0.0308004058897495,0.0292928703129292,0.0276390165090561,0.029904967173934,0.0295793451368809,0.0277487672865391,0.0277659334242344,0.0290660485625267,0.025822727009654,0.0287031624466181,0.0284048803150654,0.0302579905837774,0.0321256741881371,0.0225138515233994,0.0304295476526022,0.0285470802336931,
1026.0,0.0270935576409101,0.0293432790786028,0.0313505083322525,0.031494989991188,0.0307792648673058,0.033102210611105,0.0316145680844784,0.0290823001414537,0.0311622619628906,0.0289673507213593,0.0330155454576015,0.0312056727707386,0.0307909846305847,0.0284712482243776,0.0275405235588551,0.0236369948834181,0.0314348191022873,0.0287956260144711,0.024037154391408,0.0254833083599806,0.027533832937479,0.0301670115441084,0.0280912853777409,0.0286524910479784,0.0302844755351543,0.0269196201115847,0.0279878005385399,0.0270639061927795,0.0316769815981388,0.0306057613343,0.028660012409091,0.0265168733894825,0.030826274305582,0.0293163172900677,0.0276571307331324,0.0299115832895041,0.0296027362346649,0.0277880020439625,0.0278031900525093,0.0290947481989861,0.0258499328047037,0.0287169329822063,0.0284497104585171,0.030279066413641,0.0321596935391426,0.0225208643823862,0.0304611269384623,0.0285683088004589,
1027.0,0.0271161664277315,0.0293613877147436,0.0313792116940022,0.0315187610685825,0.0308066308498383,0.0331365503370762,0.0316390171647072,0.029096195474267,0.0311907548457384,0.0289839748293161,0.0330444723367691,0.0312318708747625,0.0308192037045956,0.0284871608018875,0.0275543667376041,0.023651085793972,0.0314592309296131,0.0288167223334312,0.0240560881793499,0.0255114566534758,0.0275571402162313,0.0301840417087078,0.0281214043498039,0.0286762285977602,0.0303069725632668,0.0269367601722479,0.0280075371265411,0.0270856469869614,0.0317167267203331,0.0306242145597935,0.0286946948617697,0.0265330746769905,0.0308521501719952,0.0293312519788742,0.0276745185256004,0.0299283284693956,0.0296241641044617,0.0278131067752838,0.0278313849121332,0.0291123930364847,0.025872340425849,0.0287313181906939,0.0284780021756887,0.0302992649376392,0.0321797244250774,0.0225359592586756,0.0304889269173145,0.0285848174244165,
1028.0,0.0271364990621805,0.0293834824115038,0.0314094908535481,0.031547985970974,0.0308245979249477,0.0331815481185913,0.0316574238240719,0.0291013214737177,0.0312185492366552,0.0290043167769909,0.0330723039805889,0.031256839632988,0.0308432951569557,0.0285057164728642,0.0275594685226679,0.0236531626433134,0.0314855016767979,0.0288393944501877,0.0240641813725233,0.0255400985479355,0.0275746006518602,0.0302031002938747,0.0281569622457027,0.0287010930478573,0.0303364247083664,0.0269496720284224,0.0280273482203484,0.02711171656847,0.0317496135830879,0.0306368842720985,0.0287269316613674,0.0265459511429071,0.0308877173811197,0.0293331909924746,0.0276920814067125,0.0299559887498617,0.0296443477272987,0.0278306063264608,0.0278628543019295,0.0291218850761652,0.0258994586765766,0.0287507325410843,0.0285006053745747,0.0303213149309158,0.0321926735341549,0.0225583165884018,0.0305262003093958,0.0285955052822828,
1029.0,0.0271491799503565,0.0294076949357986,0.0314311720430851,0.0315725319087505,0.0308603998273611,0.0332215018570423,0.0316913574934006,0.0291104167699814,0.0312360282987356,0.0290332268923521,0.0330960229039192,0.0312678627669811,0.0308745633810759,0.0285170692950487,0.0275679398328066,0.0236510541290045,0.0315153002738953,0.0288805197924376,0.0240735244005919,0.0255523361265659,0.0275864079594612,0.0302190147340298,0.0281899478286505,0.0287256557494402,0.0303672198206186,0.0269704926759005,0.028038427233696,0.0271340664476156,0.0317801274359226,0.0306653529405594,0.0287560541182756,0.0265578292310238,0.030908128246665,0.0293453857302666,0.0277073420584202,0.0299721620976925,0.0296702235937119,0.027849193662405,0.0278948470950127,0.0291440468281507,0.0259287618100643,0.0287591423839331,0.0285160578787327,0.0303462576121092,0.0322168357670307,0.0225848630070686,0.03055340051651,0.0286017507314682,
1030.0,0.0271646175533533,0.0294322911649942,0.0314554497599602,0.0315893441438675,0.0309057161211967,0.0332416445016861,0.0317081212997437,0.0291411336511374,0.0312474351376295,0.0290478076785803,0.0331131368875504,0.0312755256891251,0.0308833569288254,0.0285270530730486,0.0275806505233049,0.0236528404057026,0.0315406322479248,0.0289018806070089,0.0240957867354155,0.0255726706236601,0.0276085436344147,0.0302427783608437,0.0282196998596191,0.0287394337356091,0.0303935538977385,0.0270073097199202,0.0280611217021942,0.0271611232310534,0.0318094715476036,0.0306936409324408,0.0287871621549129,0.0265785288065672,0.0309186149388552,0.0293694846332073,0.0277167968451977,0.0299883652478457,0.0296964403241873,0.0278645101934671,0.0279153343290091,0.029154347255826,0.0259542744606733,0.0287697277963161,0.0285421833395958,0.030373003333807,0.0322347283363342,0.0225936789065599,0.0305777676403522,0.0286307279020548,
1031.0,0.0271699894219637,0.0294520705938339,0.0314847566187382,0.0316111706197262,0.0309319011867046,0.0332714281976223,0.0317175462841988,0.0291739888489246,0.0312760956585407,0.0290585290640593,0.0331407971680164,0.0312805473804474,0.0309018641710281,0.0285385604947805,0.0275909770280123,0.0236624050885439,0.0315738506615162,0.0289002321660519,0.0241108871996403,0.0255826748907566,0.0276358611881733,0.0302693787962198,0.0282330811023712,0.0287567060440779,0.0304270349442959,0.0270376317203045,0.0280795376747847,0.0271857287734747,0.0318338163197041,0.0307157095521688,0.0288027040660381,0.0266011189669371,0.0309306886047125,0.0293923672288656,0.0277307443320751,0.0300031397491694,0.0297168362885714,0.0278793387115002,0.0279258880764246,0.0291648153215647,0.0259696952998638,0.0287840571254492,0.0285489447414875,0.0303911194205284,0.0322406813502312,0.022608419880271,0.0305923279374838,0.0286580752581358,
1032.0,0.0271712150424719,0.0294714625924826,0.0315148904919624,0.0316271036863327,0.0309643633663654,0.0333042591810226,0.0317405387759209,0.0291963759809732,0.031307764351368,0.0290839318186045,0.0331658646464348,0.0312882363796234,0.0309312753379345,0.0285460893064737,0.0276218950748444,0.0236815270036459,0.0316019877791405,0.0289025325328112,0.0241229012608528,0.0255855619907379,0.0276691894978285,0.0302847791463137,0.0282477531582117,0.0287873558700085,0.0304510165005922,0.0270445644855499,0.0280932653695345,0.0271958578377962,0.0318574719130993,0.0307440329343081,0.0288126487284899,0.0266245566308498,0.0309473425149918,0.0294213481247425,0.0277396440505981,0.0300012547522783,0.0297295022755861,0.0279144775122404,0.0279475282877684,0.0291856061667204,0.0259904768317938,0.0288011804223061,0.0285635702311993,0.0303990598767996,0.0322506092488766,0.022625645622611,0.0306049324572086,0.0286871958523989,
1033.0,0.0271811746060848,0.0294965878129005,0.0315414890646935,0.031644981354475,0.0309971030801535,0.0333391949534416,0.0317621156573296,0.0292194541543722,0.0313492603600025,0.0290983859449625,0.0331917703151703,0.031308725476265,0.0309477895498276,0.0285614747554064,0.0276690516620874,0.0236988607794046,0.0316220559179783,0.0289133228361607,0.0241391453891993,0.0256076063960791,0.027707040309906,0.0303098484873772,0.0282712038606405,0.0288104098290205,0.0304685570299625,0.027054101228714,0.0281129293143749,0.0272028706967831,0.0318874940276146,0.0307825189083815,0.0288309659808874,0.0266530867666006,0.030959589406848,0.0294536557048559,0.0277511235326529,0.0300175789743662,0.0297401212155819,0.027941707521677,0.0279725044965744,0.0292127057909966,0.026014132425189,0.0288209691643715,0.0286039616912603,0.0304145198315382,0.0322590507566929,0.0226314533501863,0.0306384135037661,0.0287186317145824,
1034.0,0.0272002778947353,0.0295184981077909,0.0315745584666729,0.0316734127700329,0.0310219675302505,0.0333812236785889,0.0317928194999695,0.0292400065809488,0.0314064770936966,0.0291270203888416,0.0332201309502125,0.0313416197896004,0.0309801734983921,0.0285973940044641,0.0276911146938801,0.0237271953374147,0.0316615626215935,0.0289358217269182,0.024147430434823,0.0256401095539331,0.0277346819639206,0.0303415805101395,0.0283088516443968,0.028839398175478,0.0304971244186163,0.0270664114505053,0.0281301774084568,0.0272140633314848,0.0319367349147797,0.0308088753372431,0.0288693439215422,0.0266799665987492,0.0309868361800909,0.0294812228530645,0.0277727786451578,0.0300599206238985,0.0297578405588865,0.0279590245336294,0.0279987566173077,0.0292412284761667,0.0260374322533607,0.0288546793162823,0.028624227270484,0.0304343905299902,0.0322785973548889,0.0226553622633219,0.0306797437369823,0.0287396162748337,
1035.0,0.0272277221083641,0.0295412130653858,0.0316176824271679,0.0317018553614616,0.0310747195035219,0.0334179885685444,0.0318302735686302,0.0292570926249027,0.0314462520182133,0.0291758887469769,0.0332511179149151,0.031373143196106,0.0310153868049383,0.0286283195018768,0.0277146976441145,0.0237487852573395,0.0317025519907475,0.028972240164876,0.0241591241210699,0.0256618056446314,0.0277582760900259,0.0303546842187643,0.0283460449427366,0.0288758240640163,0.0305239818990231,0.0270739886909723,0.0281554330140352,0.0272444728761911,0.0319823287427425,0.0308441948145628,0.0289015788584948,0.0267033185809851,0.0310297273099422,0.0295087955892086,0.0278059225529432,0.0300847366452217,0.0297800451517105,0.0279895011335611,0.028035182505846,0.0292726382613182,0.0260658133774996,0.0289000999182463,0.0286548007279634,0.0304609294980764,0.032303623855114,0.0226860400289297,0.030708160251379,0.0287608355283737,
1036.0,0.0272599421441555,0.0295856595039368,0.0316598378121853,0.0317491218447685,0.0311303809285164,0.0334613099694252,0.031873669475317,0.0292943362146616,0.0314782299101353,0.0292199105024338,0.0332939773797989,0.0314172580838203,0.0310542713850737,0.0286601576954126,0.0277545657008886,0.0237685237079859,0.0317360460758209,0.0290246028453112,0.0241883546113968,0.0256873071193695,0.0277889519929886,0.0303838867694139,0.0283777322620153,0.0289057344198227,0.0305489078164101,0.027106424793601,0.0281851552426815,0.0272857267409563,0.0320316627621651,0.0309037696570158,0.0289376731961966,0.0267293006181717,0.0310625527054071,0.0295455008745193,0.0278347376734018,0.0301152914762497,0.0298145245760679,0.0280219037085772,0.028077183291316,0.0293172318488359,0.026094876229763,0.0289471503347158,0.0286897961050272,0.030516279861331,0.0323435515165329,0.0227107889950275,0.03074168600142,0.0287935864180326,
1037.0,0.0272991470992565,0.0296327974647284,0.0316982939839363,0.0317959785461426,0.0311723798513412,0.0335060879588127,0.0319210179150105,0.029337789863348,0.0315061174333096,0.0292653776705265,0.0333292782306671,0.0314645245671272,0.0310954712331295,0.0287040565162897,0.0277759376913309,0.0238005891442299,0.0317821651697159,0.0290663428604603,0.0242203250527382,0.0257063955068588,0.02781842648983,0.0304192267358303,0.02842191234231,0.0289364326745272,0.0305839367210865,0.0271427482366562,0.0282159559428692,0.0273222960531712,0.0320835113525391,0.0309392735362053,0.0289874188601971,0.0267505589872599,0.0310920178890228,0.0295791868120432,0.0278571248054504,0.0301529858261347,0.0298484433442354,0.0280426871031523,0.0281238313764334,0.0293563101440668,0.0261255968362093,0.0289850402623415,0.0287029333412647,0.0305613558739424,0.0324001386761665,0.0227432101964951,0.0307781584560871,0.028821587562561,
1038.0,0.0273422319442034,0.0296651124954224,0.0317364633083344,0.0318407826125622,0.0312201958149672,0.0335483886301517,0.0319722443819046,0.0293644331395626,0.0315395332872868,0.0293043646961451,0.0333769358694553,0.0314989127218723,0.0311391800642014,0.0287305172532797,0.0278029646724463,0.0238286424428225,0.0318293161690235,0.0290870387107134,0.0242575239390135,0.0257210899144411,0.0278590749949217,0.0304470863193274,0.0284527894109488,0.0289703868329525,0.0306251961737871,0.0271666366606951,0.0282601546496153,0.0273663178086281,0.032126858830452,0.0309798717498779,0.029027221724391,0.0267689879983664,0.0311260707676411,0.0296046305447817,0.0278928335756063,0.030178964138031,0.0298890881240368,0.0280695296823978,0.0281805731356144,0.029394993558526,0.0261557567864656,0.0290100872516632,0.0287347268313169,0.0305975880473852,0.0324428491294384,0.022765327244997,0.0308108385652304,0.0288455840200186,
1039.0,0.0273796580731869,0.0297012198716402,0.0317693054676056,0.0319101624190807,0.0312598384916782,0.0335932224988937,0.0320207476615906,0.0293921865522861,0.0315793231129646,0.0293456204235554,0.0334358066320419,0.0315396711230278,0.0311818961054087,0.028762299567461,0.0278453528881073,0.0238529555499554,0.0318644046783447,0.0291130188852549,0.0242960453033447,0.0257586278021336,0.0279179885983467,0.0304868035018444,0.0284762550145388,0.0289963372051716,0.0306564178317785,0.0271979663521051,0.0282998830080032,0.0273970942944288,0.0321758836507797,0.0310265142470598,0.0290713775902987,0.0267961677163839,0.0311553217470646,0.0296360068023205,0.0279150046408176,0.0302209313958883,0.0299335904419422,0.0281027890741825,0.0282241106033325,0.0294322241097689,0.026177017018199,0.0290349908173084,0.0287710037082434,0.0306344460695982,0.0324862822890282,0.0227877404540777,0.0308497920632362,0.0288831256330013,
1040.0,0.0274077318608761,0.0297249350696802,0.0317969508469105,0.0319533236324787,0.0312955155968666,0.033628523349762,0.0320511162281036,0.029417347162962,0.0316081829369068,0.0293759871274233,0.0334705784916878,0.0315677411854267,0.0312042683362961,0.0287878289818764,0.0278728697448969,0.0238679628819227,0.0318906605243683,0.0291328765451908,0.0243174936622381,0.0257805678993464,0.0279543921351433,0.0305112767964602,0.0285025127232075,0.0290144179016352,0.0306797474622726,0.0272230580449104,0.0283237639814615,0.0274219419807196,0.0322131440043449,0.031051391735673,0.0291025135666132,0.0268222223967314,0.0311783067882061,0.0296580716967583,0.0279354769736528,0.030246501788497,0.0299643557518721,0.0281217768788338,0.0282568261027336,0.0294541195034981,0.0261969976127148,0.0290520619601011,0.0287902373820543,0.0306548122316599,0.0325126573443413,0.0228072535246611,0.0308760683983564,0.0289097782224417,
1041.0,0.0274414364248514,0.0297274421900511,0.0318288505077362,0.031989224255085,0.0313411355018616,0.0336630195379257,0.0320717319846153,0.0294449925422668,0.0316451117396355,0.0294081345200539,0.0335007421672344,0.0315861143171787,0.0312145072966814,0.0288101024925709,0.027894388884306,0.0238745398819447,0.0319144986569881,0.0291447807103395,0.0243264194577932,0.025802219286561,0.027985455468297,0.0305307935923338,0.0285348352044821,0.0290261209011078,0.0307030379772186,0.0272486973553896,0.02834128215909,0.0274460036307573,0.0322566591203213,0.0310544576495886,0.0291290208697319,0.0268593709915876,0.0312053561210632,0.0296721179038286,0.0279685743153095,0.0302716437727213,0.0300022549927235,0.0281304251402617,0.0282879266887903,0.029457563534379,0.0262198429554701,0.0290627125650644,0.028807470574975,0.0306591968983412,0.0325179770588875,0.0228246301412582,0.0309004466980696,0.0289366580545902,
1042.0,0.0274541955441237,0.0297290105372667,0.0318380929529667,0.0320052430033684,0.0313578546047211,0.0336823053658009,0.0320799835026264,0.0294516757130623,0.0316646955907345,0.0294181350618601,0.0335157848894596,0.0315968208014965,0.0312230158597231,0.0288217905908823,0.027907770127058,0.0238771997392178,0.0319285579025745,0.0291515588760376,0.0243289265781641,0.0258128419518471,0.0280047859996557,0.030541280284524,0.0285517517477274,0.029036033898592,0.0307145472615957,0.0272549130022526,0.0283525437116623,0.0274565350264311,0.0322744436562061,0.0310622602701187,0.0291421972215176,0.0268760118633509,0.0312128197401762,0.0296780541539192,0.0279802363365889,0.0302733313292265,0.0300168488174677,0.0281404815614223,0.0283021498471498,0.0294638350605965,0.0262261815369129,0.0290680360049009,0.0288160461932421,0.030662352219224,0.0325241610407829,0.0228404998779297,0.0309086497873068,0.0289484970271587,
1043.0,0.0274518132209778,0.0297318827360868,0.0318348556756973,0.0320098176598549,0.0313573628664017,0.0336940810084343,0.0320675708353519,0.0294552743434906,0.0316751934587955,0.0294172111898661,0.0335124060511589,0.0316051468253136,0.031218970194459,0.0288347471505404,0.0279206987470388,0.0238751154392958,0.0319290198385715,0.0291592068970203,0.0243187043815851,0.0258207470178604,0.028019804507494,0.0305456072092056,0.0285661350935698,0.0290470831096172,0.03071622364223,0.0272571835666895,0.028355872258544,0.0274558048695326,0.032273955643177,0.0310639515519142,0.0291477758437395,0.026891915127635,0.0312092807143927,0.0296835359185934,0.027977405115962,0.0302568916231394,0.0300144497305155,0.0281488038599491,0.0282971858978271,0.0294697526842356,0.0262247584760189,0.0290763285011053,0.0288126096129417,0.0306575335562229,0.0325317196547985,0.02286178432405,0.0309049524366856,0.0289571713656187,
1044.0,0.02743761241436,0.0297255199402571,0.0318252481520176,0.0319876372814178,0.0313517041504383,0.0336948595941067,0.0320574417710304,0.0294414684176445,0.031665001064539,0.0293948967009783,0.0334978513419628,0.0316000059247017,0.031203605234623,0.0288281738758087,0.0279099848121405,0.023863235488534,0.031927015632391,0.0291537847369909,0.0243064779788256,0.0258064493536949,0.0279994066804647,0.030532555654645,0.0285690296441317,0.0290358848869801,0.0307079218327999,0.0272418726235628,0.0283414367586374,0.0274503268301487,0.0322657078504562,0.0310598462820053,0.0291344821453094,0.0268916208297014,0.0311966184526682,0.0296765901148319,0.0279689840972424,0.0302347410470247,0.0299971047788858,0.0281449537724257,0.0282920114696026,0.029459523037076,0.0262215118855238,0.0290592201054096,0.0287963934242725,0.0306425653398037,0.0325178317725658,0.0228635184466839,0.0308881718665361,0.0289470162242651,
1045.0,0.0274183098226786,0.0296990945935249,0.0317965820431709,0.0319572947919369,0.0313340276479721,0.0336801186203957,0.0320479050278664,0.0294077731668949,0.031646803021431,0.0293727982789278,0.0334799326956272,0.031572487205267,0.0311934035271406,0.0288042724132538,0.0278906244784594,0.0238487850874662,0.0319194719195366,0.0291458647698164,0.0242956504225731,0.0257794614881277,0.027975894510746,0.0305108204483986,0.0285646300762892,0.0290162898600101,0.0306968279182911,0.0272159986197948,0.0283122919499874,0.0274354722350836,0.0322555787861347,0.0310499351471663,0.0291174482554197,0.0268606040626764,0.0311690270900726,0.0296450573951006,0.0279528889805079,0.0302090961486101,0.0299775972962379,0.0281395073980093,0.0282806605100632,0.0294414088129997,0.0261920243501663,0.0290263444185257,0.0287779420614243,0.0306340530514717,0.0324824377894402,0.0228600092232227,0.030879957601428,0.028921389952302,
1046.0,0.0273916944861412,0.0296862944960594,0.0317733734846115,0.031928151845932,0.0313093513250351,0.0336483754217625,0.0320423953235149,0.0293654408305883,0.0316320434212685,0.0293450932949781,0.0334653705358505,0.0315456390380859,0.0311818700283766,0.0287897493690252,0.0278852954506874,0.0238370932638645,0.0319098383188248,0.0291309487074614,0.0242794845253229,0.0257699750363827,0.0279631223529577,0.0304990410804749,0.0285496078431606,0.0290007572621107,0.030677231028676,0.027181139215827,0.0282974112778902,0.0274135377258062,0.0322392173111439,0.0310366302728653,0.0290974769741297,0.0268415305763483,0.0311518125236034,0.0296260416507721,0.0279302503913641,0.0301886219531298,0.0299528408795595,0.0281401090323925,0.0282474514096975,0.0294209029525518,0.026149233803153,0.0290073603391647,0.0287699457257986,0.0306153558194637,0.0324657447636127,0.0228506308048964,0.0308668855577707,0.0289022903889418,
1047.0,0.0273710526525974,0.0296746641397476,0.0317666605114937,0.0318988524377346,0.0312989987432957,0.033610925078392,0.0320335514843464,0.0293335560709238,0.0316119715571404,0.0293223615735769,0.0334554389119148,0.0315074101090431,0.0311734937131405,0.0287718493491411,0.0278732553124428,0.0238205641508102,0.0318865552544594,0.0291058421134949,0.0242581218481064,0.0257548708468676,0.0279265865683556,0.0304873716086149,0.0285151619464159,0.0289709903299809,0.030638825148344,0.0271447356790304,0.0282814726233482,0.0274019464850426,0.0322246477007866,0.0310286730527878,0.0290784426033497,0.026826711371541,0.0311354026198387,0.0296119172126055,0.0279139652848244,0.030177615582943,0.0299303289502859,0.0281229596585035,0.0282296687364578,0.0293892621994019,0.0261247977614403,0.028969656676054,0.0287649668753147,0.0305973514914513,0.0324354097247124,0.0228168815374374,0.0308474320918322,0.0288768168538809,
1048.0,0.0273435581475496,0.0296394620090723,0.0317412577569485,0.0318712592124939,0.0312780067324638,0.0335703976452351,0.0320152752101421,0.0293081421405077,0.031582273542881,0.0292943455278873,0.0334280654788017,0.0314600840210915,0.0311479605734348,0.0287415497004986,0.0278451424092054,0.0237962454557419,0.0318464748561382,0.0290808696299791,0.0242397114634514,0.0257205162197351,0.0278903283178806,0.0304607376456261,0.0284942146390677,0.0289403852075338,0.0306029506027699,0.0271226465702057,0.0282468535006046,0.0273801069706678,0.0321978256106377,0.0309962667524815,0.0290658101439476,0.0267943423241377,0.0311008524149656,0.0295766517519951,0.0278863161802292,0.0301510132849216,0.029898177832365,0.0280886646360159,0.0282088965177536,0.0293542537838221,0.0260941851884127,0.0289322640746832,0.0287386998534203,0.0305684804916382,0.0323944203555584,0.0227870680391788,0.0308309718966484,0.0288426969200373,
1049.0,0.0273158866912127,0.0296072345227003,0.0317049436271191,0.0318351723253727,0.0312507040798664,0.0335347093641758,0.0319941565394402,0.0292720347642899,0.0315562896430492,0.029243616387248,0.0333847515285015,0.0314251221716404,0.0311091691255569,0.0287147779017687,0.0278204698115587,0.0237781777977943,0.0318083353340626,0.0290516559034586,0.0242151655256748,0.0256928745657206,0.0278656352311373,0.0304297152906656,0.0284608565270901,0.0289161112159491,0.0305569097399712,0.0270973443984985,0.0282247886061668,0.0273447502404451,0.0321501605212688,0.0309551786631346,0.0290297195315361,0.0267709232866764,0.0310560315847397,0.0295450072735548,0.0278443433344364,0.0301008988171816,0.0298525001853704,0.0280431713908911,0.0281709134578705,0.029314449056983,0.0260614790022373,0.028912715613842,0.0287084504961967,0.0305316317826509,0.0323558449745178,0.0227666236460209,0.0307883899658918,0.0288160648196936,
1050.0,0.0272857677191496,0.0295655783265829,0.0316576063632965,0.03178421407938,0.0312200225889683,0.033491175621748,0.0319471247494221,0.0292317308485508,0.0315123610198498,0.0291957054287195,0.0333338230848312,0.03138567507267,0.0310629308223724,0.028675464913249,0.0277701206505299,0.0237460155040026,0.0317625775933266,0.0290097799152136,0.0241879802197218,0.0256563276052475,0.0278199668973684,0.0303844623267651,0.0284077413380146,0.0288776066154242,0.0305051896721125,0.0270484834909439,0.0281930286437273,0.0273078884929419,0.0321012623608112,0.0309095680713654,0.0289862006902695,0.0267390739172697,0.0310031399130821,0.0295161902904511,0.0277900248765945,0.0300446469336748,0.0298036634922028,0.0279812589287758,0.0281454939395189,0.0292678568512201,0.0260427184402943,0.0288686100393534,0.0286704525351524,0.0304902344942093,0.0323060154914856,0.0227292478084564,0.0307263024151325,0.0287711191922426,
1051.0,0.0272342395037413,0.029502909630537,0.0315930545330048,0.0317219495773315,0.0311648454517126,0.0334225557744503,0.0318740420043468,0.0291728414595127,0.0314524099230766,0.0291425362229347,0.0332659892737865,0.0313202850520611,0.0309957768768072,0.0286195427179337,0.0277052316814661,0.0237011536955833,0.0316965132951736,0.0289480574429035,0.0241422913968563,0.0256055556237698,0.0277593284845352,0.030318845063448,0.0283459033817053,0.0288221966475248,0.0304471012204885,0.0269884839653969,0.0281359255313873,0.0272526722401381,0.032033983618021,0.0308442246168852,0.0289362035691738,0.026686642318964,0.0309423003345728,0.0294558238238096,0.0277247000485659,0.0299727208912373,0.0297390539199114,0.027917867526412,0.028095381334424,0.029206620529294,0.0259985532611609,0.0288146995007992,0.0286111291497946,0.0304258987307549,0.0322351194918156,0.0226832609623671,0.0306597463786602,0.0287119336426258,
1052.0,0.0271716639399529,0.0294258706271648,0.0315095447003841,0.0316505171358585,0.0311024393886328,0.033342968672514,0.0317710600793362,0.0290938746184111,0.0313840955495834,0.029087858274579,0.0331749394536018,0.031241025775671,0.0309010110795498,0.0285518579185009,0.0276239551603794,0.023654555901885,0.0316195264458656,0.0288725290447474,0.0240875538438559,0.0255423299968243,0.0276913493871689,0.0302240364253521,0.0282747484743595,0.0287586376070976,0.0303932912647724,0.0269193649291992,0.0280561055988073,0.0271832104772329,0.0319525562226772,0.0307620242238045,0.0288742799311876,0.0266179982572794,0.0308749917894602,0.0293696820735931,0.0276402104645967,0.0298740863800049,0.0296625345945358,0.0278531834483147,0.0280222650617361,0.0291352588683367,0.0259369630366564,0.0287677701562643,0.0285277608782053,0.0303521472960711,0.032137505710125,0.0226365551352501,0.0305845532566309,0.0286466665565968,
1053.0,0.0270990245044231,0.0293438527733088,0.0314159877598286,0.0315605290234089,0.0310215316712856,0.0332455113530159,0.0316704101860523,0.0290152281522751,0.0312934294342995,0.0290153007954359,0.0330795459449291,0.0311467610299587,0.0308071095496416,0.0284720174968243,0.0275405552238226,0.0235885735601187,0.0315274745225906,0.0287934876978397,0.0240166615694761,0.0254739616066217,0.0276130028069019,0.030131371691823,0.0281890425831079,0.0286760311573744,0.0303090494126081,0.0268401969224215,0.0279706753790379,0.0271000862121582,0.0318651162087917,0.0306707248091698,0.0287939924746752,0.0265405438840389,0.0307926032692194,0.0292820632457733,0.0275609940290451,0.0297821201384068,0.0295724011957645,0.0277670323848724,0.0279445629566908,0.0290489010512829,0.0258636754006147,0.0286852028220892,0.0284393429756165,0.0302580483257771,0.0320379287004471,0.0225745663046837,0.0304975397884846,0.0285671930760145,
1054.0,0.0270062871277332,0.0292370934039354,0.0313042439520359,0.0314554795622826,0.0309096705168486,0.0331193692982197,0.0315486080944538,0.0289333164691925,0.0311741661280394,0.0289437305182219,0.032980177551508,0.0310264118015766,0.0307045057415962,0.0283723585307598,0.0274413786828518,0.0235000960528851,0.0314122661948204,0.0286983624100685,0.0239199958741665,0.0253999885171652,0.027515159919858,0.0300351809710264,0.0280874259769917,0.0285684540867805,0.0302084870636463,0.0267423763871193,0.0278645157814026,0.0269935242831707,0.0317641906440258,0.0305582024157047,0.0287053044885397,0.026445223018527,0.030708571895957,0.0291768275201321,0.0274859890341759,0.0296943280845881,0.0294682513922453,0.027665751054883,0.0278578232973814,0.0289495065808296,0.0257768109440804,0.0285708494484425,0.0283382516354322,0.0301315560936928,0.0319324284791946,0.0225003827363253,0.0304029900580645,0.0284670796245337,
1055.0,0.0269084554165602,0.029130857437849,0.0311919879168272,0.0313430204987526,0.0307904407382011,0.0329917669296265,0.0314248949289322,0.0288286004215479,0.0310613624751568,0.0288427658379078,0.0328613594174385,0.0309062507003546,0.0305893886834383,0.0282705165445805,0.0273395553231239,0.0234088432043791,0.0312908552587032,0.0285906028002501,0.0238303765654564,0.0253062155097723,0.027411974966526,0.0299166198819876,0.027982110157609,0.02845742367208,0.0300947483628988,0.0266465097665787,0.0277581717818975,0.0268918946385384,0.0316484421491623,0.03044718131423,0.028606915846467,0.0263460911810398,0.0305937211960554,0.0290642734616995,0.0273875370621681,0.02958301641047,0.0293545313179493,0.0275659933686256,0.02775764092803,0.0288397036492825,0.0256820097565651,0.0284555796533823,0.0282309204339981,0.0300093609839678,0.031808115541935,0.0224159024655819,0.0302909165620804,0.0283641498535872,
1056.0,0.0268027596175671,0.0290235299617052,0.0310697872191668,0.0312149953097105,0.0306585822254419,0.0328532308340073,0.0312951393425465,0.0287071596831083,0.0309370867908001,0.0287101529538631,0.0327244699001312,0.0307731907814741,0.0304567292332649,0.0281599592417479,0.0272306185215712,0.0233062840998173,0.0311534069478512,0.0284744277596474,0.0237337481230497,0.0251944232732058,0.0273011457175016,0.0297732409089804,0.0278631597757339,0.0283303279429674,0.0299540366977453,0.0265463683754206,0.0276411473751068,0.0267766900360584,0.0315222479403019,0.0303258541971445,0.0284884013235569,0.0262311194092035,0.0304503943771124,0.0289401654154062,0.0272769220173359,0.0294555518776178,0.029223745688796,0.0274534020572901,0.0276424419134855,0.0287139490246773,0.0255684908479452,0.0283180605620146,0.0281055644154549,0.029873525723815,0.0316603295505047,0.0223187766969204,0.0301647838205099,0.0282559972256422,
1057.0,0.0266897045075893,0.0289036594331265,0.0309424065053463,0.0310766566544771,0.0305177383124828,0.0327117964625359,0.0311701241880655,0.0285889059305191,0.030802046880126,0.0285852123051882,0.0325777158141136,0.0306486897170544,0.0303304195404053,0.0280385836958885,0.0271198283880949,0.0231965743005276,0.0310168489813805,0.028357420116663,0.0236423332244158,0.0250811818987131,0.0271818116307259,0.0296437498182058,0.0277516134083271,0.0282055009156466,0.0298210959881544,0.0264441724866629,0.0275242906063795,0.026671065017581,0.031390056014061,0.0302073042839766,0.0283677354454994,0.0261251181364059,0.0303054507821798,0.028816606849432,0.0271556414663792,0.0293277669698,0.0290911961346865,0.0273297019302845,0.0275312885642052,0.0285828690975904,0.0254629924893379,0.0281805768609047,0.0279899388551712,0.0297419000416994,0.0315252020955086,0.0222151800990105,0.0300250258296728,0.0281287636607885,
1058.0,0.0265684109181166,0.0287722442299128,0.0307977683842182,0.0309431273490191,0.0303718131035566,0.0325617305934429,0.0310323778539896,0.0284578520804644,0.0306810960173607,0.0284606926143169,0.0324336029589176,0.0305183809250593,0.0302005261182785,0.0279122535139322,0.0270050540566444,0.0230828076601028,0.0308803208172321,0.0282271709293127,0.0235480852425098,0.0249653402715921,0.027057982981205,0.0295066721737385,0.0276346057653427,0.0280773174017668,0.0296904966235161,0.0263313017785549,0.0274049732834101,0.0265696682035923,0.0312410276383162,0.0300871301442385,0.0282412078231573,0.0260222554206848,0.0301525052636862,0.0286893248558044,0.0270357392728329,0.0291935261338949,0.0289617925882339,0.0272224768996239,0.02739735879004,0.0284505356103182,0.0253559499979019,0.0280553512275219,0.0278727654367685,0.0296110082417727,0.0313900113105774,0.022111376747489,0.029875261709094,0.0280022323131561,
1059.0,0.0264546070247889,0.0286615304648876,0.0306677110493183,0.0308088343590498,0.0302461162209511,0.0324143134057522,0.0308820586651564,0.0283298417925835,0.0305592715740204,0.0283352956175804,0.0322976000607014,0.030387606471777,0.0300797373056412,0.0277937445789576,0.0268858894705772,0.0229775458574295,0.0307463556528091,0.0281006526201963,0.0234505143016577,0.0248565040528774,0.0269336495548487,0.0293711945414543,0.0275178421288729,0.0279629230499268,0.0295641273260117,0.0262100715190172,0.0272873900830746,0.0264742039144039,0.0311022829264402,0.0299647692590952,0.0281197112053633,0.0259109251201153,0.0300067905336618,0.0285550821572542,0.0269104298204184,0.029051911085844,0.028835155069828,0.0271200854331255,0.0272666718810797,0.0283200833946466,0.0252422243356705,0.0279393903911114,0.0277432817965746,0.0294847972691059,0.0312502831220627,0.0219999887049198,0.0297414660453796,0.0278746467083693,
1060.0,0.0263447258621454,0.0285340286791325,0.0305438991636038,0.0306790061295033,0.0301261208951473,0.0322717353701591,0.0307506751269102,0.0282226130366325,0.0304269380867481,0.0282201562076807,0.0321643389761448,0.0302642583847046,0.0299721006304026,0.0276784915477037,0.0267802570015192,0.022867688909173,0.0306236185133457,0.0279699210077524,0.0233425199985504,0.0247578658163548,0.0268301647156477,0.0292553976178169,0.0274110119789839,0.0278476569801569,0.0294453352689743,0.0261031296104193,0.0271766670048237,0.0263691283762455,0.0309796035289764,0.029836181551218,0.0279997196048498,0.0258024334907532,0.0298854857683182,0.0284372605383396,0.0267952959984541,0.0289250053465366,0.028713833540678,0.0270021390169859,0.0271434299647808,0.0281994082033634,0.0251345485448837,0.0278284270316362,0.0276247803121805,0.0293572302907705,0.0311229508370161,0.0219125840812922,0.0296229254454374,0.027748841792345,
1061.0,0.0262398347258568,0.0283892154693604,0.0303975250571966,0.0305501110851765,0.0300029516220093,0.0321300216019154,0.0306159127503634,0.0281044542789459,0.0302909389138222,0.0280966963618994,0.0320300050079823,0.030134879052639,0.0298401098698378,0.0275618601590395,0.0266626141965389,0.022759972140193,0.0305018611252308,0.0278396271169186,0.023239117115736,0.0246614851057529,0.0267295502126217,0.0291270203888416,0.0272914133965969,0.0277228932827711,0.0293223485350609,0.0259883012622595,0.0270656384527683,0.02623918838799,0.0308429691940546,0.0296977870166302,0.0278716366738081,0.025682644918561,0.0297715924680233,0.0283214822411537,0.026690311729908,0.0288021117448807,0.0285863243043423,0.0268737077713013,0.0270161237567663,0.0280753094702959,0.0250200014561415,0.0277023855596781,0.0274979751557112,0.029213635250926,0.030982818454504,0.021832887083292,0.0295098125934601,0.0276333820074797,
1062.0,0.0261303707957268,0.0282526798546314,0.0302709061652422,0.0304159093648195,0.0298747271299362,0.032000582665205,0.0304759982973337,0.0279691535979509,0.0301541369408369,0.0279754363000393,0.0318923704326153,0.0300010740756989,0.0297033041715622,0.0274435300379992,0.0265482217073441,0.0226685646921396,0.0303667411208153,0.0277215968817472,0.0231331400573254,0.0245584156364203,0.0266179870814085,0.0289929322898388,0.0271625742316246,0.0276075750589371,0.0291887652128935,0.025870606303215,0.0269615761935711,0.0261109545826912,0.0307094063609838,0.029560124501586,0.0277529340237379,0.0255547445267439,0.0296545717865229,0.0281948037445545,0.0265648104250431,0.0286774653941393,0.028455650433898,0.0267536863684654,0.0269029382616282,0.0279571339488029,0.0249047577381134,0.0275733508169651,0.0273767746984959,0.029072655364871,0.0308372657746077,0.0217459257692099,0.0293898582458496,0.0275192279368639,
1063.0,0.0260095782577991,0.0281165018677711,0.0301500707864761,0.0302788913249969,0.0297410953789949,0.0318658240139484,0.0303456429392099,0.0278336387127638,0.0300241261720657,0.0278527103364468,0.0317511148750782,0.0298694912344217,0.0295701269060373,0.0273150969296694,0.0264365281909704,0.0225617606192827,0.0302323754876852,0.0275863762944937,0.0230177491903305,0.0244448725134134,0.0265006497502327,0.0288620889186859,0.0270350314676762,0.0274922866374254,0.0290461368858814,0.0257596746087074,0.0268577914685011,0.0259845331311226,0.0305837038904428,0.0294271484017372,0.0276413895189762,0.0254272222518921,0.0295269154012203,0.0280667338520288,0.0264324359595776,0.0285529643297195,0.0283265393227339,0.0266306642442942,0.0267904009670019,0.0278408750891685,0.0247994475066662,0.0274421088397503,0.0272620096802711,0.0289320163428783,0.0306956116110086,0.0216651353985071,0.0292638391256332,0.0274035558104515,
1064.0,0.0259001981467009,0.0279879290610552,0.0300126373767853,0.0301406420767307,0.0296071600168943,0.0317243598401546,0.0302039422094822,0.0277019161731005,0.0298937596380711,0.027724914252758,0.0316091738641262,0.0297330357134342,0.0294336844235659,0.0271858684718609,0.0263165570795536,0.0224602986127138,0.0300962626934052,0.0274558048695326,0.0229128785431385,0.0243352353572845,0.0263800788670778,0.028726615011692,0.026908902451396,0.0273672491312027,0.0289045218378305,0.0256430953741074,0.026739465072751,0.0258613452315331,0.030442051589489,0.0292883422225714,0.0275200214236975,0.0253080651164055,0.0293929036706686,0.0279371794313192,0.0263052079826593,0.0284172799438238,0.0281935501843691,0.0265078842639923,0.0266711004078388,0.0277144126594067,0.0246854331344366,0.0273150522261858,0.0271367952227592,0.0287933126091957,0.030545461922884,0.02156644128263,0.0291314460337162,0.0272799413651228,
1065.0,0.0257953964173794,0.0278723835945129,0.0298565197736025,0.0299960821866989,0.0294682551175356,0.0315831787884235,0.030050490051508,0.0275604464113712,0.0297693442553282,0.0275975801050663,0.0314686521887779,0.0295890886336565,0.0292863007634878,0.0270395260304213,0.026190334931016,0.0223675053566694,0.0299506075680256,0.0273328255861998,0.0228146780282259,0.0242210030555725,0.0262394640594721,0.0285834856331348,0.0267761163413525,0.0272382255643606,0.0287469774484634,0.0255188960582018,0.0266043525189161,0.0257426537573338,0.0302813518792391,0.0291462950408459,0.0273890439420938,0.0251958575099707,0.0292449314147234,0.027795011177659,0.0261720065027475,0.0282672140747309,0.0280535761266947,0.0263901967555285,0.0265442337840796,0.0275791250169277,0.0245641972869635,0.0271905325353146,0.0270016808062792,0.0286549124866724,0.0303832273930311,0.0214409660547972,0.0289793331176043,0.0271463617682457,
1066.0,0.0256822183728218,0.0277492012828588,0.0297177825123072,0.0298585128039122,0.029333746060729,0.0314366295933723,0.0299094542860985,0.0274341925978661,0.0296398159116507,0.0274736881256104,0.0313252285122871,0.0294518824666739,0.0291556976735592,0.026915680617094,0.0260742045938969,0.0222717262804508,0.0298109874129295,0.0272135846316814,0.022712130099535,0.0241135265678167,0.0261195413768291,0.0284478180110455,0.026653416454792,0.0271125957369804,0.028613829985261,0.0254013165831566,0.0264885108917952,0.0256264805793762,0.030144115909934,0.0290064811706543,0.0272672437131405,0.0250829309225082,0.0291031040251255,0.0276670027524233,0.0260458737611771,0.0281332042068243,0.0279259905219078,0.0262706782668829,0.026423517614603,0.0274523142725229,0.0244495961815119,0.0270696226507425,0.0268809590488672,0.0285252425819635,0.0302433539181948,0.0213445499539375,0.0288403108716011,0.0270244088023901,
1067.0,0.0255622249096632,0.0276115797460079,0.0295633058995008,0.0297102574259043,0.0291882660239935,0.0312629714608192,0.0297572407871485,0.0273149628192186,0.0294969864189625,0.0273289922624826,0.0311628822237253,0.0293027013540268,0.0290240291506052,0.0267959553748369,0.0259447395801544,0.0221613366156816,0.029659416526556,0.0270789917558432,0.0225994344800711,0.0240014642477036,0.0260051749646664,0.0282962042838335,0.0265301410108805,0.0269632376730442,0.0284839849919081,0.0252707749605179,0.0263650622218847,0.0254987180233002,0.0299952495843172,0.0288457199931145,0.0271335914731026,0.0249641574919224,0.0289443414658308,0.027537789195776,0.0259174294769764,0.0279893912374973,0.0277894753962755,0.026138786226511,0.0262910015881062,0.0273121427744627,0.0243247263133526,0.026944974437356,0.0267493631690741,0.0283898990601301,0.0300969965755939,0.0212453436106443,0.0286900103092194,0.026891952380538,
1068.0,0.0254629999399185,0.0275000557303429,0.0294399410486221,0.0295912865549326,0.0290689617395401,0.0311306770890951,0.0296306256204844,0.0272055119276047,0.0293730907142162,0.027214590460062,0.0310304202139378,0.0291799437254667,0.0289087928831577,0.0266906283795834,0.0258392095565796,0.022075742483139,0.0295389890670776,0.0269743930548429,0.0225136894732714,0.0239084325730801,0.0259022917598486,0.0281804427504539,0.0264232736080885,0.0268503576517105,0.0283710844814777,0.0251680258661509,0.0262560956180096,0.025397814810276,0.0298738460987806,0.0287236962467432,0.0270259287208319,0.024865597486496,0.0288218166679144,0.0274276398122311,0.0258089806884527,0.0278690457344055,0.0276768673211336,0.0260261464864016,0.0261856075376272,0.0271967183798552,0.0242205113172531,0.0268354266881943,0.026641758158803,0.028272669762373,0.0299735944718122,0.0211627166718245,0.0285740364342928,0.0267841275781393,
1069.0,0.0253628399223089,0.0273949913680553,0.0293285846710205,0.0294867176562548,0.0289600193500519,0.0310134999454021,0.0295177288353443,0.0271017421036959,0.0292507708072662,0.0271172747015953,0.0309065319597721,0.0290651917457581,0.0287987235933542,0.0265997182577848,0.0257467702031136,0.0220065768808126,0.0294287949800491,0.0268920995295048,0.0224394556134939,0.0238235872238874,0.0258088577538729,0.0280766673386097,0.0263267103582621,0.0267532803118229,0.0282728560268879,0.0250741336494684,0.0261599868535995,0.0253113694489002,0.0297729950398207,0.0286148022860289,0.026932755485177,0.0247753579169512,0.0287138782441616,0.0273289792239666,0.0257050115615129,0.0277631338685751,0.0275779888033867,0.0259155165404081,0.026093851774931,0.027093306183815,0.0241218768060207,0.0267312545329332,0.026547783985734,0.0281670521944761,0.0298686530441046,0.0210974775254726,0.0284722726792097,0.0266911163926125,
1070.0,0.0252766795456409,0.0273019559681416,0.0292416401207447,0.0293887779116631,0.0288622640073299,0.0309060551226139,0.0294164381921291,0.0270057506859303,0.0291471593081951,0.0270256530493498,0.0307963080704212,0.0289717987179756,0.0287126544862986,0.0265092197805643,0.0256580878049135,0.0219261460006237,0.0293373763561249,0.0268115010112524,0.0223662424832582,0.0237495396286249,0.0257201641798019,0.0279971249401569,0.0262312479317188,0.026669304817915,0.0281867235898972,0.0249983500689268,0.0260730851441622,0.0252280458807945,0.0296874158084393,0.0285317208617926,0.0268439706414938,0.0246888510882854,0.0286118946969509,0.0272351820021868,0.0256201177835464,0.0276726596057415,0.0274871680885553,0.0258268620818853,0.0260070543736219,0.0269985217601061,0.0240438748151064,0.0266369674354792,0.0264719743281603,0.0280689783394337,0.0297801084816456,0.0210449732840061,0.0283832680433989,0.0266069807112217,
1071.0,0.0252157188951969,0.0272335801273584,0.0291722938418388,0.0293192714452744,0.0287915598601103,0.0308254919946194,0.0293377991765738,0.026935838162899,0.0290614143013954,0.026947870850563,0.0307075325399637,0.0288987662643194,0.0286505352705717,0.0264385268092155,0.025603024289012,0.0218690559267998,0.0292629990726709,0.0267407987266779,0.0223148986697197,0.0236943587660789,0.0256489999592304,0.0279382523149252,0.0261570904403925,0.0266123432666063,0.0281219556927681,0.0249441079795361,0.0259982980787754,0.0251602679491043,0.0296040326356888,0.0284642856568098,0.0267753321677446,0.0246243644505739,0.0285408794879913,0.0271606631577015,0.0255640782415867,0.0275895595550537,0.0274224132299423,0.0257541164755821,0.0259350743144751,0.0269241128116846,0.0239804647862911,0.0265632215887308,0.0264036785811186,0.0279781371355057,0.0297011118382216,0.0209914911538363,0.028317715972662,0.0265417639166117,
1072.0,0.0251609813421965,0.0271808095276356,0.0291107185184956,0.0292469318956137,0.0287189353257418,0.0307539291679859,0.0292608924210072,0.0268679801374674,0.0289893858134747,0.0268944855779409,0.0306327696889639,0.0288241785019636,0.0285810567438602,0.0263710785657167,0.0255587045103312,0.0218245945870876,0.0291937589645386,0.026662552729249,0.0222848504781723,0.023638192564249,0.0255843196064234,0.0278816092759371,0.0260897856205702,0.0265622176229954,0.0280556529760361,0.0248998478055,0.0259346980601549,0.0251038707792759,0.0295306369662285,0.0283938199281693,0.0267136618494987,0.024572666734457,0.0284852124750614,0.0270926374942064,0.0255010966211557,0.0275092031806707,0.0273600891232491,0.0256746076047421,0.0258689038455486,0.0268543865531683,0.0239177811890841,0.0264938399195671,0.026332126930356,0.0279057174921036,0.0296181254088879,0.0209326278418303,0.0282531511038542,0.0264745466411114,
1073.0,0.0251084640622139,0.0271250270307064,0.0290487837046385,0.0291680507361889,0.0286454930901527,0.0306751932948828,0.0291883796453476,0.0268159508705139,0.0289242900907993,0.0268404297530651,0.0305633079260588,0.0287623386830091,0.0285182669758797,0.026315426453948,0.0255111902952194,0.0217816401273012,0.0291326753795147,0.0265879575163126,0.0222480427473783,0.0235834959894419,0.0255284532904625,0.0278200376778841,0.0260220170021057,0.0265040043741465,0.0279936715960503,0.0248499307781458,0.0258742589503527,0.0250496715307236,0.029457401484251,0.0283261016011238,0.0266451463103294,0.0245173647999763,0.0284287128597498,0.027027940377593,0.0254494249820709,0.0274395681917667,0.0272987373173237,0.0256258975714445,0.0257999636232853,0.0267941057682037,0.0238700192421675,0.0264426115900278,0.0262622460722923,0.0278466790914536,0.0295475646853447,0.0208746250718832,0.0281906835734844,0.0264245960861444,
1074.0,0.0250434670597315,0.0270581543445587,0.0289732273668051,0.0290943682193756,0.0285750143229961,0.0305891428142786,0.0291252080351114,0.0267624668776989,0.0288473051041365,0.0267856121063232,0.0304831583052874,0.0286925584077835,0.02845374122262,0.026258435100317,0.0254613906145096,0.021744892001152,0.0290608983486891,0.0265259612351656,0.0222030244767666,0.0235311184078455,0.0254747420549393,0.0277538057416677,0.0259545296430588,0.0264418963342905,0.0279365051537752,0.0247848220169544,0.0258087608963251,0.0249902177602053,0.0293785929679871,0.0282478202134371,0.0265738610178232,0.0244526825845242,0.0283676199615002,0.0269568059593439,0.0253927111625671,0.0273619219660759,0.0272328183054924,0.0255732554942369,0.0257308110594749,0.0267391167581081,0.0238215941935778,0.0263853669166565,0.026189312338829,0.0277693942189217,0.0294795408844948,0.0208197422325611,0.0281239859759808,0.0263741910457611,
1075.0,0.0249771103262901,0.0269906409084797,0.0288891773670912,0.0290143936872482,0.0284885670989752,0.0304941646754742,0.0290497727692127,0.0266836956143379,0.0287661179900169,0.0267281997948885,0.0303968619555235,0.028604481369257,0.0283716712146997,0.0261816848069429,0.0253780819475651,0.0216848272830248,0.0289798434823751,0.0264530088752508,0.0221534483134747,0.0234601739794016,0.0254090372473001,0.0276762880384922,0.025880130007863,0.0263654105365276,0.0278510358184576,0.0247069075703621,0.0257352478802204,0.0249221604317427,0.0293016247451305,0.0281579047441483,0.0264965482056141,0.0243922658264637,0.0282923188060522,0.026876213029027,0.0253201443701983,0.0272880364209414,0.0271484963595867,0.0254975277930498,0.0256643649190664,0.026670079678297,0.0237541012465954,0.026314627379179,0.0261159539222717,0.027685733512044,0.0293938852846622,0.0207590479403734,0.0280406195670366,0.0262981560081244,
1076.0,0.0249055568128824,0.0269088186323643,0.0287996660917997,0.0289245862513781,0.0283931083977222,0.0303736422210932,0.028960207477212,0.026595015078783,0.0286716632544994,0.0266477428376675,0.0302995294332504,0.0285163428634405,0.0282799284905195,0.0260992273688316,0.025277279317379,0.0216104723513126,0.0288985595107079,0.0263733882457018,0.0220880899578333,0.0233823284506798,0.0253285355865955,0.0275850798934698,0.0257966592907906,0.0262739732861519,0.0277520474046469,0.024618411436677,0.0256486721336842,0.024852953851223,0.0292103607207537,0.0280625689774752,0.0264122597873211,0.0243171490728855,0.0281958971172571,0.0267824977636337,0.0252436473965645,0.0272096339613199,0.0270600412040949,0.025433050468564,0.0255880746990442,0.0265880301594734,0.0236822422593832,0.0262359622865915,0.0260298922657967,0.0275902338325977,0.0292979963123798,0.0206890162080526,0.0279516857117414,0.0262199565768242,
1077.0,0.0248124822974205,0.0268004890531302,0.0286839846521616,0.0288129076361656,0.0282795131206512,0.0302398018538952,0.0288447849452496,0.026490330696106,0.0285557955503464,0.0265481527894735,0.0301747601479292,0.0283959768712521,0.0281668771058321,0.0259972363710403,0.0251677427440882,0.021527674049139,0.0287848971784115,0.0262728556990623,0.0220031999051571,0.0232941806316376,0.0252283159643412,0.0274729821830988,0.0256912261247635,0.026170764118433,0.0276371985673904,0.0245193149894476,0.0255448371171951,0.024758854880929,0.0290885455906391,0.0279503725469112,0.0263063795864582,0.0242224596440792,0.028083860874176,0.0266710687428713,0.0251402445137501,0.0271000768989325,0.0269465241581202,0.0253373496234417,0.0254840459674597,0.0264799557626247,0.0235907528549433,0.0261346288025379,0.0259267184883356,0.0274747516959906,0.0291768591850996,0.0206074062734842,0.0278355721384287,0.026113472878933,
1078.0,0.024706294760108,0.0266685448586941,0.0285488404333591,0.0286929737776518,0.0281535796821117,0.0300891064107418,0.0287080332636833,0.0263654626905918,0.0284260213375092,0.0264295432716608,0.0300245936959982,0.0282411463558674,0.0280366037040949,0.02587616071105,0.0250366758555174,0.0214237123727798,0.0286409836262465,0.0261541437357664,0.0218965709209442,0.0231941435486078,0.025108689442277,0.0273399855941534,0.0255646090954542,0.0260569658130407,0.0275022499263287,0.0244121849536896,0.0254286415874958,0.0246381685137749,0.0289428252726793,0.0278211198747158,0.026185953989625,0.0241167340427637,0.0279488749802113,0.0265404712408781,0.0250162184238434,0.026970911771059,0.0268127825111151,0.0252125132828951,0.0253607239574194,0.0263424776494503,0.0234737899154425,0.0260090883821249,0.0258163474500179,0.027335237711668,0.0290301442146301,0.0205211769789457,0.0276880245655775,0.025972967967391,
1079.0,0.0245895683765411,0.0265395436435938,0.0284066684544086,0.0285549554973841,0.0280144866555929,0.029932051897049,0.0285627096891403,0.0262373574078083,0.0282832123339176,0.0263053122907877,0.0298716444522142,0.0280952211469412,0.0278998743742704,0.0257511120289564,0.0249111782759428,0.0213262028992176,0.0284989811480045,0.0260279681533575,0.0217903330922127,0.023086279630661,0.0249832775443792,0.0271976888179779,0.0254427064210176,0.0259322188794613,0.0273640658706427,0.0242907777428627,0.0253092125058174,0.0245191361755133,0.0287939142435789,0.0276862550526857,0.0260584279894829,0.0240014661103487,0.0278114546090364,0.0264069177210331,0.0248882137238979,0.0268379375338554,0.0266770459711552,0.0250859875231981,0.0252295453101397,0.0262089483439922,0.0233609061688185,0.0258841272443533,0.0256883595138788,0.0271967202425003,0.0288826189935207,0.0204185992479324,0.0275460798293352,0.0258410703390837,
1080.0,0.0244444496929646,0.0263873897492886,0.0282353889197111,0.0283832289278507,0.0278537161648273,0.0297550465911627,0.0283919256180525,0.0260953158140183,0.0281073786318302,0.026155075058341,0.0296902637928724,0.027928689494729,0.0277386698871851,0.0256054103374481,0.0247753858566284,0.0212272964417934,0.028338361531496,0.0258804764598608,0.021661190316081,0.022966742515564,0.0248344391584396,0.0270308628678322,0.0253076795488596,0.0257857926189899,0.0272056814283133,0.0241466052830219,0.0251652859151363,0.0243901815265417,0.028614953160286,0.0275365654379129,0.0259038265794516,0.0238580331206322,0.027658523991704,0.026255464181304,0.0247305426746607,0.0266733057796955,0.0265120603144169,0.024942385032773,0.0250660069286823,0.026056157425046,0.0232355985790491,0.025741882622242,0.0255324654281139,0.0270390473306179,0.0287114884704351,0.0202948916703463,0.0273847635835409,0.025689385831356,
1081.0,0.0243193544447422,0.0262445081025362,0.0280806943774223,0.0282266065478325,0.0276964362710714,0.0295853707939386,0.0282296780496836,0.0259557887911797,0.0279513224959373,0.0260163247585297,0.0295262355357409,0.0277786888182163,0.0275876335799694,0.0254699941724539,0.0246450509876013,0.0211219992488623,0.0281802155077457,0.0257444325834513,0.021547794342041,0.0228482838720083,0.0246968399733305,0.0268770214170218,0.0251686684787273,0.0256514716893435,0.0270614139735699,0.0240176320075989,0.0250349342823029,0.0242556091398001,0.0284499954432249,0.0273902844637632,0.0257654096931219,0.0237296260893345,0.0275114327669144,0.0261136777698994,0.0245922598987818,0.0265263747423887,0.0263662859797478,0.0248040426522493,0.0249232184141874,0.0259105283766985,0.0231168735772371,0.0256083346903324,0.0253915023058653,0.0268941856920719,0.0285526514053345,0.0201800763607025,0.0272340420633554,0.0255540907382965,
1082.0,0.0241921450942755,0.0261000115424395,0.0279187075793743,0.0280546620488167,0.0275196824222803,0.0293978992849588,0.0280502531677485,0.0257975291460752,0.0277815405279398,0.0258695278316736,0.0293569806963205,0.0276307798922062,0.0274264216423035,0.025325546041131,0.024510258808732,0.021008001640439,0.0280071776360273,0.0256043933331966,0.0214351508766413,0.0227164905518293,0.0245498530566692,0.0267094783484936,0.0250181630253792,0.0255087427794933,0.0269128885120153,0.0238737650215626,0.0249072909355164,0.0241027232259512,0.0282789878547192,0.0272321365773678,0.0256236921995878,0.0235932990908623,0.0273492336273193,0.0259620361030102,0.0244543235749006,0.0263786874711514,0.0262230411171913,0.0246493462473154,0.0247768592089415,0.0257569812238216,0.0229979492723942,0.0254669710993767,0.0252361260354519,0.0267426054924726,0.0283875279128551,0.0200470648705959,0.0270784497261047,0.0254248511046171,
1083.0,0.0240702331066132,0.0259627215564251,0.0277711749076843,0.0279038231819868,0.0273631624877453,0.0292304921895266,0.027891993522644,0.0256572309881449,0.0276344195008278,0.0257361214607954,0.0291993487626314,0.0274887159466743,0.0272838678210974,0.0251932926476002,0.024384992197156,0.0208978597074747,0.0278545580804348,0.0254703722894192,0.02132723107934,0.0225973445922136,0.0244181882590055,0.0265645831823349,0.024883858859539,0.0253763347864151,0.0267725680023432,0.0237493310123682,0.0247834287583828,0.023973073810339,0.0281218867748976,0.0270840283483267,0.0254905857145786,0.0234696790575981,0.0272058546543121,0.0258224979043007,0.0243217851966619,0.0262393802404404,0.0260815974324942,0.0245119445025921,0.0246406607329845,0.0256175138056278,0.0228765159845352,0.025336354970932,0.0250972863286734,0.0266004484146833,0.0282323993742466,0.0199369322508574,0.0269337259232998,0.0252948440611362,
1084.0,0.0239575859159231,0.0258260816335678,0.0276354532688856,0.0277648232877254,0.0272115115076303,0.0290743038058281,0.0277452506124973,0.0255230814218521,0.0275036375969648,0.0256032273173332,0.029053071513772,0.0273605193942785,0.0271528474986553,0.0250682085752487,0.0242634508758783,0.0207836516201496,0.0277076065540314,0.0253439992666245,0.0212246999144554,0.0224805753678083,0.0242942776530981,0.0264352802187204,0.0247506983578205,0.0252536348998547,0.0266400426626205,0.02363814227283,0.0246634595096111,0.0238487664610147,0.0279744081199169,0.0269362237304449,0.0253664683550596,0.0233556758612394,0.0270783714950085,0.0256922468543053,0.0241950191557407,0.026106134057045,0.0259438809007406,0.0243821851909161,0.0245147943496704,0.0254854802042246,0.0227543469518423,0.025218091905117,0.0249694231897593,0.0264682061970234,0.0280818808823824,0.0198404174298048,0.0267967712134123,0.0251704938709736,
1085.0,0.0238434169441462,0.0256866812705994,0.0274978447705507,0.0276281293481588,0.0270660389214754,0.0289172157645226,0.0275905895978212,0.0253984052687883,0.0273798238486052,0.0254862513393164,0.028904564678669,0.0272159073501825,0.0270150005817413,0.0249493755400181,0.0241482425481081,0.0206717643886805,0.027562640607357,0.0252076499164104,0.0211263746023178,0.0223692413419485,0.0241735950112343,0.0262977927923203,0.024617537856102,0.0251256544142962,0.0265055019408464,0.023534094914794,0.0245414208620787,0.0237217359244823,0.0278186984360218,0.0267970636487007,0.0252424217760563,0.0232416167855263,0.0269350633025169,0.0255589783191681,0.0240730177611113,0.0259750410914421,0.025814950466156,0.0242578629404306,0.0243880953639746,0.0253494251519442,0.0226341541856527,0.0250869765877724,0.0248406622558832,0.0263381861150265,0.0279353521764278,0.019742401316762,0.0266624111682177,0.0250413157045841,
1086.0,0.0237262230366468,0.0255705751478672,0.0273648332804441,0.0274975206702948,0.0269283168017864,0.0287674758583307,0.0274486765265465,0.0252745281904936,0.0272525884211063,0.0253844670951366,0.0287563651800156,0.0270729213953018,0.0268900282680988,0.0248307827860117,0.0240348372608423,0.0205712299793959,0.0274307634681463,0.0250767059624195,0.0210276078432798,0.022265637293458,0.0240650475025177,0.0261766668409109,0.0244993045926094,0.02500313334167,0.0263809524476528,0.0234313551336527,0.0244247410446405,0.0236193276941776,0.027673976495862,0.0266661904752254,0.0251150466501713,0.0231252238154411,0.0268009416759014,0.0254293512552977,0.0239510927349329,0.0258487481623888,0.0256826374679804,0.0241436529904604,0.0242652129381895,0.0252225641161203,0.0225115772336721,0.0249558091163635,0.0247203204780817,0.0262021590024233,0.0277991984039545,0.0196520816534758,0.0265272855758667,0.0249238591641188,
1087.0,0.023600660264492,0.0254428349435329,0.0272192507982254,0.0273582823574543,0.0267852563410997,0.0286086425185204,0.0273066982626915,0.0251442342996597,0.0271020233631134,0.0252514388412237,0.0286015849560499,0.0269311182200909,0.0267469417303801,0.0246963556855917,0.0239112880080938,0.0204686280339956,0.0272865910083056,0.0249320697039366,0.0209156591445208,0.0221529752016068,0.0239311270415783,0.0260367356240749,0.0243749897927046,0.0248721763491631,0.0262499582022429,0.0233196783810854,0.024293202906847,0.0234983768314123,0.02751749381423,0.0265162196010351,0.0249765962362289,0.023005535826087,0.026657372713089,0.0252934861928225,0.0238191541284323,0.0257105100899935,0.0255388375371695,0.0240140967071056,0.0241353418678045,0.0250890981405973,0.0223816484212875,0.0248153582215309,0.0245911236852407,0.0260553918778896,0.027658199891448,0.0195540841668844,0.0263744872063398,0.0247888341546059,
1088.0,0.0234780516475439,0.0253046415746212,0.0270615313202143,0.0271968152374029,0.0266260281205177,0.0284380409866571,0.0271420478820801,0.0250059235841036,0.0269332956522703,0.0251052342355251,0.0284375101327896,0.0267773289233446,0.0265812184661627,0.024560084566474,0.0237847864627838,0.0203600209206343,0.0271268226206303,0.0247832033783197,0.0208029821515083,0.0220320802181959,0.0237872358411551,0.0258864872157574,0.0242365039885044,0.0247390754520893,0.0261045638471842,0.0231919176876545,0.0241534430533648,0.0233664624392986,0.0273458492010832,0.0263665337115526,0.0248247254639864,0.0228726044297218,0.0264899078756571,0.0251484457403421,0.0236787274479866,0.0255631636828184,0.0253921076655388,0.0238730795681477,0.0239947754889727,0.0249422416090965,0.0222632214426994,0.0246643722057343,0.024440947920084,0.0258986670523882,0.0275079738348722,0.019435741007328,0.0262148343026638,0.0246506650000811,
1089.0,0.0233406145125628,0.0251600816845894,0.0268913321197033,0.0270183589309454,0.0264452695846558,0.0282485000789166,0.0269647073000669,0.0248436238616705,0.0267512779682875,0.0249438211321831,0.0282514654099941,0.0266015455126762,0.0264081098139286,0.024408545345068,0.0236375760287046,0.0202463660389185,0.0269428621977568,0.0246351696550846,0.0206801537424326,0.021894633769989,0.0236330479383469,0.0257268641144037,0.0240765996277332,0.0245836693793535,0.0259424559772015,0.0230421628803015,0.0239996649324894,0.0232270415872335,0.0271643605083227,0.0262035336345434,0.0246573202311993,0.0227257050573826,0.0263115484267473,0.0249830409884453,0.0235228389501572,0.0254002492874861,0.0252286419272423,0.0237153973430395,0.0238348376005888,0.0247786846011877,0.022134767845273,0.0245010498911142,0.0242787003517151,0.0257253665477037,0.0273331440985203,0.0193100590258837,0.0260439179837704,0.0245078038424253,
1090.0,0.0231656599789858,0.0249665100127459,0.0266819875687361,0.026803707703948,0.0262359287589788,0.0280200373381376,0.0267509669065475,0.0246509127318859,0.0265402719378471,0.024744737893343,0.0280289277434349,0.0263912808150053,0.0262038316577673,0.0242259260267019,0.0234562214463949,0.0200994089245796,0.0267286729067564,0.0244530402123928,0.0205234214663506,0.0217307638376951,0.023445188999176,0.025527773424983,0.0238817725330591,0.0243946388363838,0.0257425345480442,0.022866191342473,0.0238122530281544,0.0230501443147659,0.0269425343722105,0.0260007046163082,0.0244648847728968,0.0225520972162485,0.0261063035577536,0.0247849114239216,0.0233403071761131,0.0252027045935392,0.0250270627439022,0.0235315505415201,0.0236411076039076,0.0245834030210972,0.0219665728509426,0.0243101269006729,0.024083798751235,0.0255216620862484,0.0271214451640844,0.0191590152680874,0.0258395411074162,0.024319875985384,
1091.0,0.0229725241661072,0.0247365813702345,0.0264472775161266,0.0265605319291353,0.0260100588202477,0.0277723018079996,0.0265145003795624,0.0244402289390564,0.0263126865029335,0.0245102364569902,0.0277838427573442,0.0261573456227779,0.0259806364774704,0.0240294728428125,0.0232543013989925,0.0199349522590637,0.0264951642602682,0.0242586769163609,0.0203453879803419,0.0215470027178526,0.0232338029891253,0.0253040939569473,0.023662593215704,0.0241833850741386,0.0255128145217896,0.0226659905165434,0.0236013755202293,0.0228512119501829,0.0266973301768303,0.0257773660123348,0.0242567975074053,0.0223668795078993,0.02588258869946,0.0245663747191429,0.0231378115713596,0.0249832849949598,0.0247986167669296,0.0233278051018715,0.0234207920730114,0.0243675466626883,0.0217824578285217,0.0241067335009575,0.0238578990101814,0.025297561660409,0.0268802028149366,0.0189890936017036,0.0256198681890965,0.024098627269268,
1092.0,0.0227585546672344,0.0245044156908989,0.026195302605629,0.0263043474406004,0.0257556345313787,0.0274988133460283,0.0262558646500111,0.0242084674537182,0.0260652229189873,0.0242766235023737,0.0275161415338516,0.025907751172781,0.0257369000464678,0.0238067861646414,0.0230341702699661,0.0197516232728958,0.0262381937354803,0.0240401551127434,0.0201564636081457,0.021348362788558,0.0230102576315403,0.0250674411654472,0.0234307385981083,0.0239551644772291,0.025268130004406,0.0224525015801191,0.0233776681125164,0.0226367861032486,0.026436734944582,0.0255315229296684,0.0240275617688894,0.0221535079181194,0.0256412103772163,0.0243280604481697,0.022921547293663,0.0247448515146971,0.0245613623410463,0.0231092926114798,0.0231910385191441,0.0241350345313549,0.0215778015553951,0.0238827578723431,0.0236315783113241,0.0250595007091761,0.0266253892332315,0.0188093241304159,0.0253791380673647,0.0238717943429947,
1093.0,0.0225018318742514,0.0242377202957869,0.0259065143764019,0.0260137524455786,0.025463355705142,0.0271784793585539,0.0259597077965736,0.0239404011517763,0.0257870834320784,0.0240157376974821,0.0272095706313849,0.0256207007914782,0.0254647191613913,0.0235461834818125,0.0227752961218357,0.0195372700691223,0.0259427521377802,0.0237904470413923,0.0199366677552462,0.0211249422281981,0.0227583535015583,0.0247988495975733,0.0231617391109467,0.0236882288008928,0.024989141151309,0.0222132671624422,0.0231209546327591,0.0223885737359524,0.0261406749486923,0.0252420473843813,0.0237727351486683,0.0219022780656815,0.0253727342933416,0.024048300459981,0.0226817429065704,0.0244720783084631,0.0242900755256414,0.0228670239448547,0.0229286830872297,0.0238714218139648,0.0213303249329329,0.0236273277550936,0.0233870260417461,0.0247935671359301,0.0263375677168369,0.0186074450612068,0.0251058414578438,0.02361667342484,
1094.0,0.0222550090402365,0.0239737592637539,0.0256219040602446,0.0257265996187925,0.0251750592142344,0.0268668290227652,0.0256662685424089,0.0236741937696934,0.0255051050335169,0.0237569119781256,0.0269050970673561,0.0253406465053558,0.0251872409135103,0.0232907850295305,0.0225228518247604,0.0193237606436014,0.0256524961441755,0.0235350634902716,0.0197206642478704,0.0208985637873411,0.0225044600665569,0.0245271641761065,0.0228996742516756,0.0234340466558933,0.0247120913118124,0.0219723917543888,0.0228709187358618,0.0221406146883965,0.0258414745330811,0.0249610580503941,0.023509057238698,0.021659716963768,0.0251025427132845,0.0237818267196417,0.0224364511668682,0.0241993796080351,0.0240224692970514,0.0226200558245182,0.0226713474839926,0.0236062686890364,0.0210925415158272,0.0233715940266848,0.0231325197964907,0.024520693346858,0.0260496139526367,0.0184037927538157,0.0248263515532017,0.0233586225658655,
1095.0,0.0219939015805721,0.0237033031880856,0.0253255125135183,0.0254272799938917,0.0248636640608311,0.0265338253229856,0.0253518037497997,0.0233868807554245,0.0252035427838564,0.0234920624643564,0.0265780929476023,0.0250515248626471,0.024885406717658,0.0230166632682085,0.022255202755332,0.0190904047340155,0.0253420732915401,0.0232583824545145,0.0194960609078407,0.0206524115055799,0.0222301073372364,0.0242387745529413,0.0226287022233009,0.0231735985726118,0.0244130771607161,0.021716233342886,0.0226125363260508,0.0218740105628967,0.0255216453224421,0.0246632285416126,0.0232161954045296,0.0213973950594664,0.0248145032674074,0.0235044397413731,0.0221770647913218,0.0239038318395615,0.0237442851066589,0.0223518647253513,0.0224052257835865,0.0233223140239716,0.0208396408706903,0.0230986587703228,0.0228661000728607,0.0242301244288683,0.0257441848516464,0.018188139423728,0.0245234370231628,0.0230831541121006,
1096.0,0.0217397678643465,0.0234299935400486,0.0250272341072559,0.0251278504729271,0.0245573669672012,0.0262073874473572,0.0250455904752016,0.023107074201107,0.0249045360833406,0.0232216455042362,0.0262582283467054,0.0247548967599869,0.024591913446784,0.0227459967136383,0.0219951458275318,0.0188666470348835,0.025035610422492,0.0229866709560156,0.0192711614072323,0.0204148199409246,0.021965753287077,0.0239541344344616,0.0223571546375752,0.0229056291282177,0.0241246372461319,0.0214602090418339,0.0223509967327118,0.0216154791414738,0.0252108909189701,0.0243710037320852,0.0229403227567673,0.0211452804505825,0.0245274882763624,0.0232273135334253,0.0219142306596041,0.0236191730946302,0.0234685577452183,0.0220865607261658,0.0221362933516502,0.02304414100945,0.0205973386764526,0.0228279270231724,0.02259754948318,0.0239433720707893,0.0254401694983244,0.0179744157940149,0.024227399379015,0.0228152927011251,
1097.0,0.021481828764081,0.0231470689177513,0.0247247237712145,0.0248190946877003,0.0242471024394035,0.025874687358737,0.0247355587780476,0.022822393104434,0.0246008727699518,0.0229447018355131,0.0259329583495855,0.0244483891874552,0.0242944229394197,0.0224698781967163,0.0217316448688507,0.0186390411108732,0.0247218124568462,0.0227053426206112,0.0190411265939474,0.0201743114739656,0.0217013768851757,0.0236615482717752,0.0220791362226009,0.0226339604705572,0.0238319337368011,0.0211960934102535,0.0220833346247673,0.0213517937809229,0.0248919054865837,0.0240766201168299,0.0226623751223087,0.0208956617861986,0.0242332145571709,0.0229494348168373,0.0216385461390018,0.0233322028070688,0.023189214989543,0.0218180809170008,0.0218582842499018,0.0227582398802042,0.0203525703400373,0.0225503351539373,0.022319445386529,0.0236448366194963,0.0251285098493099,0.0177555792033672,0.0239210370928049,0.0225462485104799,
1098.0,0.0212264005094767,0.0228574238717556,0.0244031511247158,0.0245108511298895,0.0239319857209921,0.0255475472658873,0.0244211442768574,0.0225339997559786,0.0242814533412457,0.0226571261882782,0.0256019402295351,0.0241382122039795,0.0239867363125086,0.0221918728202581,0.0214647464454174,0.0184114817529917,0.0244108978658915,0.0224207099527121,0.0188035517930985,0.0199273303151131,0.0214260332286358,0.0233592223376036,0.0217946041375399,0.022350275889039,0.0235427115112543,0.0209264494478703,0.021809346973896,0.0210858229547739,0.0245706327259541,0.0237781517207623,0.0223779994994402,0.0206431373953819,0.0239359233528376,0.0226661935448647,0.0213594697415829,0.0230396315455437,0.0228990856558084,0.0215371660888195,0.0215794444084167,0.0224694404751062,0.0201112814247608,0.0222698953002691,0.022027226164937,0.0233435574918985,0.0248071663081646,0.0175318270921707,0.0236109811812639,0.0222591813653708,
1099.0,0.0209739692509174,0.0225774813443422,0.0240972619503737,0.0242012795060873,0.0236275903880596,0.0252231750637293,0.0241163931787014,0.0222574900835752,0.0239711906760931,0.0223749876022339,0.0252767857164145,0.023825803771615,0.023689491674304,0.0219171289354563,0.0212056990712881,0.018193943426013,0.0241055190563202,0.022147748619318,0.0185709539800882,0.0196896176785231,0.0211567599326372,0.0230703596025705,0.0215188190340996,0.0220669135451317,0.0232585314661264,0.0206673927605152,0.0215428750962019,0.0208294428884983,0.0242609530687332,0.023481972515583,0.0221073478460312,0.0203862879425287,0.0236443933099508,0.0223823823034763,0.0210970770567656,0.0227538160979748,0.0226150639355183,0.0212633926421404,0.0213083866983652,0.0221915785223246,0.0198725685477257,0.0219854861497879,0.0217438954859972,0.0230548195540905,0.0245004445314407,0.0173112526535988,0.0233198422938585,0.0219866670668125,
1100.0,0.0207120236009359,0.02229636721313,0.0237845331430435,0.0238858591765165,0.0233159605413675,0.0248959083110094,0.0238052476197481,0.0219779834151268,0.0236624889075756,0.0220876690000296,0.0249515492469072,0.0235143173485994,0.0233888104557991,0.0216435194015503,0.0209425464272499,0.0179682541638613,0.0237998310476542,0.021866561844945,0.0183388590812683,0.0194416251033545,0.0208882018923759,0.0227740462869406,0.0212338734418154,0.0217827036976814,0.0229620635509491,0.0204046275466681,0.0212731081992388,0.0205696728080511,0.0239476468414068,0.023173725232482,0.0218226443976164,0.0201197508722544,0.0233475677669048,0.0220927856862545,0.020816745236516,0.0224690455943346,0.022322341799736,0.0209871511906385,0.0210309065878391,0.0219062510877848,0.019623938947916,0.0217053405940533,0.0214599352329969,0.0227606613188982,0.0241832565516233,0.0170858353376389,0.0230314396321774,0.0217182133346796,
1101.0,0.0204551499336958,0.0220111608505249,0.0234790313988924,0.0235852096229792,0.0230132807046175,0.0245663560926914,0.0235019754618406,0.0217008460313082,0.0233539883047342,0.0218069572001696,0.0246319733560085,0.0232146009802818,0.0230894591659307,0.0213767345994711,0.0206880643963814,0.0177448224276304,0.023503452539444,0.0215936303138733,0.0181163437664509,0.0191962439566851,0.0206155199557543,0.0224828869104385,0.0209479834884405,0.021505132317543,0.0226736329495907,0.0201602131128311,0.0210046675056219,0.0203110110014677,0.0236308667808771,0.0228763818740845,0.0215376019477844,0.019864410161972,0.0230511669069529,0.0218082834035158,0.0205515827983618,0.022182647138834,0.0220296811312437,0.0207118764519691,0.0207606982439756,0.0216305330395699,0.0193782784044743,0.0214288048446178,0.021181782707572,0.0224770456552505,0.0238749738782644,0.0168727692216635,0.0227400343865156,0.0214421264827251,
1102.0,0.0201778449118137,0.0217118542641401,0.0231660064309835,0.0232619568705559,0.0227020941674709,0.0242150407284498,0.0231769625097513,0.0214074496179819,0.0230364985764027,0.021519036963582,0.0242938846349716,0.0228926781564951,0.0227735582739115,0.0210882853716612,0.0204154253005981,0.0175190791487694,0.0231788903474808,0.0213060472160578,0.0178798716515303,0.0189373288303614,0.0203307382762432,0.0221736580133438,0.0206531286239624,0.0212141200900078,0.0223637446761131,0.0199016835540533,0.020716480910778,0.0200344547629356,0.0232936460524797,0.0225691422820091,0.0212387163192034,0.019591735675931,0.0227333176881075,0.0215152781456709,0.0202753096818924,0.0218777507543564,0.0217266697436571,0.0204313118010759,0.020476883277297,0.0213424824178219,0.0191125571727753,0.0211324226111174,0.0208932589739561,0.0221789162606001,0.0235599614679813,0.0166455078870058,0.0224304925650358,0.0211526565253735,
1103.0,0.0198974888771772,0.0214132349938154,0.0228402502834797,0.0229501500725746,0.0223720520734787,0.0238579455763102,0.022843861952424,0.0211018770933151,0.0227180328220129,0.0212254766374826,0.0239528492093086,0.0225693956017494,0.0224570445716381,0.0208022929728031,0.0201342441141605,0.0172774717211723,0.0228546243160963,0.0210097152739763,0.0176412705332041,0.0186752881854773,0.0200507305562496,0.0218606442213058,0.0203603580594063,0.0209234617650509,0.0220469255000353,0.0196351651102304,0.0204175785183907,0.019759077578783,0.0229592137038708,0.0222531817853451,0.020935021340847,0.0193225387483835,0.0224127881228924,0.021217804402113,0.0199899040162563,0.0215761177241802,0.0214257389307022,0.0201531946659088,0.020186971873045,0.0210495088249445,0.0188523288816214,0.0208471342921257,0.0206085611134768,0.0218759644776583,0.0232399068772793,0.0164077151566744,0.0221187379211187,0.0208654217422009,
1104.0,0.0195932369679213,0.0210718791931868,0.0224748253822327,0.0226044952869415,0.0220067054033279,0.0234629493206739,0.0224780291318893,0.0207625962793827,0.0223520509898663,0.0208970010280609,0.02357392385602,0.0222145207226276,0.0221104621887207,0.0204863846302032,0.0198179520666599,0.0170093290507793,0.0224974099546671,0.0206871144473553,0.0173770897090435,0.0183910559862852,0.019734213128686,0.0215205103158951,0.0200353637337685,0.0205920208245516,0.021706186234951,0.019337335601449,0.0200883783400059,0.0194457173347473,0.0225903429090977,0.0219079162925482,0.0206048879772425,0.019034368917346,0.0220548529177904,0.0208814274519682,0.0196874681860209,0.021238224580884,0.0210892520844936,0.0198415871709585,0.0198633875697851,0.0207283552736044,0.0185679364949465,0.020528644323349,0.0202936176210642,0.0215341486036778,0.0228816065937281,0.0161498207598925,0.0217660963535309,0.0205439440906048,
1105.0,0.0192290116101503,0.0206793583929539,0.0220514163374901,0.0221821330487728,0.021588921546936,0.0230129491537809,0.022051464766264,0.0203716978430748,0.0219299234449863,0.0205100644379854,0.0231276825070381,0.0217937100678682,0.0216990429908037,0.0201097559183836,0.0194481518119574,0.0166977737098932,0.0220733471214771,0.020305760204792,0.017057852819562,0.0180542133748531,0.0193626787513494,0.0211167130619287,0.019657127559185,0.0202097613364458,0.0213026572018862,0.01898143440485,0.0197107996791601,0.0190794914960861,0.0221582632511854,0.0214975886046886,0.020213657990098,0.0186799019575119,0.0216414704918861,0.0204880200326443,0.0193212833255529,0.0208434816449881,0.0206936411559582,0.0194721184670925,0.0194851811975241,0.0203409232199192,0.0182265248149633,0.0201486721634865,0.0199142526835203,0.0211271308362484,0.0224531870335341,0.0158454496413469,0.0213539060205221,0.0201640073210001,
1106.0,0.0188680738210678,0.0203047078102827,0.0216378513723612,0.0217620860785246,0.021184278652072,0.0225825365632772,0.0216358806937933,0.0199915356934071,0.0215190574526787,0.0201286394149065,0.0226896572858095,0.0213790852576494,0.0213026646524668,0.0197471939027309,0.0190795846283436,0.016393605619669,0.0216613691300154,0.0199349280446768,0.0167367216199636,0.0177296809852123,0.0190009046345949,0.0207206793129444,0.0192938186228275,0.0198428332805634,0.0209077335894108,0.0186296589672565,0.0193482227623463,0.018723988905549,0.0217389650642872,0.0210900325328112,0.0198293253779411,0.0183269586414099,0.0212460830807686,0.0201041996479034,0.0189672000706196,0.0204637832939625,0.0203053783625364,0.0191142782568932,0.0191172752529383,0.0199550557881594,0.0178976077586412,0.0197794120758772,0.0195383224636316,0.0207164883613586,0.0220286380499601,0.0155400047078729,0.020952757447958,0.0197957027703524,
1107.0,0.0183753333985806,0.0197730734944344,0.0210669040679932,0.0211874805390835,0.0206225998699665,0.0219826884567738,0.0210595615208149,0.0194659102708101,0.0209508612751961,0.0196041315793991,0.0220826510339975,0.020812563598156,0.0207402762025595,0.0192308500409126,0.018576679751277,0.0159651096910238,0.0210867170244455,0.0194137580692768,0.0163029935210943,0.0172676015645266,0.0184975061565638,0.0201745256781578,0.0187873784452677,0.0193257033824921,0.0203605387359858,0.0181401912122965,0.0188428033143282,0.0182278249412775,0.021158792078495,0.0205320175737143,0.0193002056330442,0.017841599881649,0.0206897929310799,0.0195690039545298,0.0184670314192772,0.0199271757155657,0.0197710245847702,0.0186112839728594,0.0186054185032845,0.0194262824952602,0.0174267292022705,0.0192615501582623,0.0190241932868958,0.0201647188514471,0.0214452613145113,0.0151263540610671,0.0203982796519995,0.0192786119878292,
1108.0,0.0178400445729494,0.0191907919943333,0.0204493496567011,0.0205505229532719,0.0200209338217974,0.0213367659598589,0.0204347763210535,0.0189008451998234,0.0203340444713831,0.0190383028239012,0.0214166063815355,0.0201933346688747,0.020120607689023,0.0186584405601025,0.018038235604763,0.0155021855607629,0.020455876365304,0.0188449826091528,0.0158343464136124,0.016763724386692,0.0179486349225044,0.0195801947265863,0.0182367544621229,0.0187645219266415,0.0197719540446997,0.0176020488142967,0.0183016657829285,0.0176819749176502,0.0205268226563931,0.0199268329888582,0.0187232661992311,0.0173074621707201,0.0200854018330574,0.0189830455929041,0.0179119277745485,0.0193386599421501,0.0191930793225765,0.0180573016405106,0.018042778596282,0.0188462100923061,0.0169003996998072,0.0186894424259663,0.0184611082077026,0.0195652972906828,0.0208045393228531,0.0146827958524227,0.0197883043438196,0.0187095385044813,
1109.0,0.0171695165336132,0.0184660088270903,0.0196736268699169,0.0197681672871113,0.0192584842443466,0.020524725317955,0.0196546912193298,0.0181866828352213,0.0195616744458675,0.0183206908404827,0.0205974280834198,0.0194257944822311,0.0193503443151712,0.017951050773263,0.0173554196953774,0.0149180758744478,0.0196705646812916,0.0181335266679525,0.0152399493381381,0.0161288846284151,0.0172604601830244,0.0188373271375895,0.0175446067005396,0.0180556997656822,0.0190228298306465,0.0169346518814564,0.0176104102283716,0.0170067567378283,0.0197394117712975,0.0191712565720081,0.0180068425834179,0.0166460238397121,0.019325029104948,0.018256651237607,0.0172275435179472,0.0186068750917912,0.0184644423425198,0.0173703227192163,0.0173511654138565,0.0181287676095963,0.0162589401006699,0.0179810803383589,0.0177592243999243,0.0188199691474438,0.0200128741562366,0.0141271827742457,0.0190375205129385,0.0180035065859556,
1110.0,0.0163850076496601,0.0176059156656265,0.018759410828352,0.0188560280948877,0.0183513425290585,0.0195657052099705,0.0187307447195053,0.0173421893268824,0.0186483170837164,0.0174724347889423,0.0196330659091473,0.0185325928032398,0.018434152007103,0.0171165149658918,0.0165454298257828,0.0142192970961332,0.0187392141669989,0.0172930620610714,0.0145443622022867,0.0153725696727633,0.0164434053003788,0.0179639663547277,0.0167314428836107,0.0172133930027485,0.0181333404034376,0.0161451585590839,0.0167877357453108,0.0162120275199413,0.018813157454133,0.0182828921824694,0.0171654596924782,0.0158703550696373,0.0184259731322527,0.0173942651599646,0.0164235569536686,0.0177404209971428,0.0176003500819206,0.0165599342435598,0.0165374055504799,0.0172910857945681,0.015502754598856,0.0171483345329762,0.0169350393116474,0.017946707084775,0.0190871711820364,0.0134705165401101,0.0181629452854395,0.017176054418087,
1111.0,0.0155199654400349,0.0166718084365129,0.0177599024027586,0.0178559180349112,0.0173668321222067,0.0185165554285049,0.0177295450121164,0.0164174810051918,0.0176554843783379,0.0165467858314514,0.018584668636322,0.0175460446625948,0.017447330057621,0.0162064563483,0.0156620927155018,0.0134641714394093,0.0177369490265846,0.0163749475032091,0.0137755321338773,0.0145517289638519,0.015561131760478,0.0170072373002768,0.0158366337418556,0.0162957925349474,0.0171653162688017,0.0152878686785698,0.0158934518694878,0.0153448991477489,0.0178026240319014,0.0173097979277372,0.0162466838955879,0.015022206120193,0.0174446031451225,0.0164645779877901,0.0155462697148323,0.0167993605136871,0.0166658703237772,0.0156790111213923,0.0156519263982773,0.0163690093904734,0.0146776372566819,0.0162372048944235,0.0160360876470804,0.0169937163591385,0.0180715713649988,0.012755399569869,0.0172012839466333,0.0162649713456631,
1112.0,0.0145171321928501,0.0155989350751042,0.0166065413504839,0.0167032890021801,0.0162320919334888,0.0173085816204548,0.0165830850601196,0.015350648202002,0.0165115296840668,0.0154747683554888,0.0173863619565964,0.0164038725197315,0.0163172036409378,0.01516243070364,0.0146420430392027,0.0125986384227872,0.0165903940796852,0.015319044701755,0.0128768431022763,0.0136056747287512,0.0145435556769371,0.015903327614069,0.0147960158064961,0.0152354622259736,0.0160468760877848,0.0143060870468616,0.0148606989532709,0.0143445655703545,0.0166398324072361,0.0161886438727379,0.0151883959770203,0.0140454992651939,0.0163104832172394,0.0154020860791206,0.0145384073257446,0.0157216396182776,0.0155899422243237,0.0146702080965042,0.0146368676796556,0.0153061160817742,0.0137347215786576,0.0151844564825296,0.0149973686784506,0.0158937741070986,0.0168998204171658,0.0119352983310819,0.0160957407206297,0.0152147924527526,
1113.0,0.0134852807968855,0.0144944423809648,0.0154139967635274,0.0155148347839713,0.0150651410222054,0.0160557627677917,0.0153934499248862,0.0142461145296693,0.0153354713693261,0.0143684716895223,0.0161472242325544,0.0152279427275062,0.0151506988331676,0.0140766436234117,0.013587755151093,0.0117027899250388,0.015402102842927,0.0142237497493625,0.0119557091966271,0.0126278195530176,0.0134994117543101,0.0147628942504525,0.0137308537960052,0.0141424322500825,0.014888028614223,0.0132890492677689,0.0137927401810884,0.0133185796439648,0.015436140820384,0.0150298345834017,0.0140962656587362,0.0130345700308681,0.0151395751163363,0.0143039915710688,0.0134930154308677,0.0146017353981733,0.0144780734553933,0.0136164780706167,0.0135910212993622,0.014204659499228,0.0127587104216218,0.0141036147251725,0.0139301046729088,0.0147629491984844,0.0156878102570772,0.0110844811424613,0.0149472057819366,0.0141237508505583,
1114.0,0.0123990746214986,0.0133281880989671,0.0141715072095394,0.0142649440094829,0.0138382678851485,0.0147469695657492,0.0141519093886018,0.0130895711481571,0.0141021925956011,0.0132162664085627,0.0148404063656926,0.0139999864622951,0.013930968940258,0.0129466066136956,0.0124923279508948,0.0107637103646994,0.0141635928303003,0.0130782732740045,0.0109953880310059,0.0116112995892763,0.0124170798808336,0.0135680502280593,0.0126163922250271,0.0130034936591983,0.013685735873878,0.0122213009744883,0.0126780420541763,0.0122511181980371,0.0141761852428317,0.0138128362596035,0.0129600074142218,0.0119753647595644,0.0139225879684091,0.0131534831598401,0.0124078216031194,0.0134306577965617,0.0133255030959845,0.0125172091647983,0.0124967433512211,0.0130485724657774,0.0117319896817207,0.0129746673628688,0.0128104360774159,0.0135850738734007,0.0144292153418064,0.01019645947963,0.0137395886704326,0.0129799917340279,
1115.0,0.0113221425563097,0.0121755599975586,0.0129381446167827,0.013026905246079,0.0126313203945756,0.0134552763774991,0.012921616435051,0.0119505375623703,0.0128758018836379,0.0120752062648535,0.0135412942618132,0.012777840718627,0.0127337630838156,0.0118299340829253,0.0114099597558379,0.00983831752091646,0.0129356421530247,0.0119373043999076,0.0100438967347145,0.0106143578886986,0.0113456510007381,0.0123917264863849,0.0115142753347754,0.011879819445312,0.0125036844983697,0.0111632402986288,0.0115799624472857,0.0111870737746358,0.0129354940727353,0.0126141086220741,0.0118357967585325,0.0109391724690795,0.0127185648307204,0.0120191611349583,0.0113333286717534,0.0122681260108948,0.0121758999302983,0.011437407694757,0.0114125646650791,0.0119073297828436,0.01071373000741,0.011859068647027,0.0117059871554375,0.0124132614582777,0.0131840519607067,0.00932346936315298,0.0125392926856875,0.0118521330878139,
1116.0,0.0103205246850848,0.0110990116372705,0.0117907710373402,0.0118627604097128,0.0115087321028113,0.012252151966095,0.0117684053257108,0.0108863655477762,0.0117239821702242,0.011010430753231,0.0123267052695155,0.0116414772346616,0.0116047170013189,0.0107825621962547,0.0103989522904158,0.00896859541535378,0.011777994222939,0.010875416919589,0.00916590820997953,0.0096835745498538,0.0103421527892351,0.0112950233742595,0.0104860896244645,0.0108282696455717,0.0113998390734196,0.0101715968921781,0.0105536049231887,0.0101931318640709,0.0117770284414291,0.0114962318912148,0.0107853300869465,0.00996769033372402,0.0115918666124344,0.0109517592936754,0.0103274062275887,0.011173939332366,0.0110873291268945,0.0104240011423826,0.0103927776217461,0.0108506623655558,0.00975862517952919,0.0108170863240957,0.0106742195785046,0.0113181350752711,0.0120207602158189,0.00849966332316399,0.011423172429204,0.0108059681952,
1117.0,0.00938200391829014,0.0100871045142412,0.0107266185805202,0.0107699129730463,0.0104551892727613,0.0111327869817615,0.010694676078856,0.00989542528986931,0.010653130710125,0.0100112613290548,0.0111937895417213,0.0105865951627493,0.0105459718033671,0.00981441512703896,0.00945808459073305,0.00815454963594675,0.0106954798102379,0.00989084877073765,0.00833876710385084,0.00881030783057213,0.00940230116248131,0.0102689750492573,0.00952073931694031,0.00984631851315498,0.0103742843493819,0.00924940314143896,0.00959929078817368,0.0092709930613637,0.0106992227956653,0.0104523357003927,0.0098071750253439,0.00906254909932613,0.0105392038822174,0.00995319709181786,0.00939984247088432,0.0101546030491591,0.0100737763568759,0.00947850756347179,0.00943907536566257,0.00986760668456554,0.00887764431536198,0.00984266120940447,0.00970650650560856,0.0102925151586533,0.0109369838610291,0.00772560900077224,0.0103849982842803,0.00983184110373259,
1118.0,0.0085934791713953,0.00923933926969767,0.0098252110183239,0.00985644664615393,0.00956675596535206,0.0101879108697176,0.00978872552514076,0.00906112790107727,0.00975454691797495,0.00916677433997393,0.0102431802079082,0.00969074293971062,0.00965700950473547,0.00899430923163891,0.00866303034126759,0.00747345481067896,0.00978915300220251,0.00906260777264833,0.00764179974794388,0.00807278696447611,0.00860951375216246,0.00940564647316933,0.00871495716273785,0.00901906751096249,0.00950635317713022,0.00847415532916784,0.00879382248967886,0.00849019736051559,0.00979385618120432,0.0095718102529645,0.00898017827421427,0.00830481480807066,0.00965666584670544,0.00911593902856112,0.00861411914229393,0.00929903611540794,0.00922412425279617,0.00867917668074369,0.00864074472337961,0.00903884321451187,0.00813658442348242,0.00901702046394348,0.00889276433736086,0.00942824874073267,0.01002146769315,0.00707705551758409,0.00951401237398386,0.00900997593998909,
1119.0,0.00788798183202744,0.00848491303622723,0.00902036391198635,0.00904137175530195,0.00877240765839815,0.0093444949015975,0.00897509325295687,0.00831685774028301,0.00895640254020691,0.00840564165264368,0.00939828809350729,0.00887957774102688,0.00885585509240627,0.00825448241084814,0.00794396363198757,0.00686810817569494,0.00898174569010735,0.00832629576325417,0.00701617309823632,0.00740370666608214,0.00789550226181746,0.00863317400217056,0.00799637753516436,0.00827520713210106,0.0087259728461504,0.00778492819517851,0.00807397626340389,0.0077835451811552,0.00899308919906616,0.0087833171710372,0.00823132786899805,0.00763194775208831,0.0088649932295084,0.00836826395243406,0.00790654681622982,0.00853271409869194,0.0084603438153863,0.00796107947826386,0.00792408175766468,0.00830279756337404,0.00747469766065478,0.00826842710375786,0.0081657450646162,0.00864688958972692,0.00919526815414429,0.00648924754932523,0.00874543376266956,0.00827827863395214,
1120.0,0.00732526648789644,0.00787999108433723,0.00837069377303123,0.00838905107229948,0.00813593436032534,0.00866532884538174,0.00832706037908793,0.00771600101143122,0.00831200648099184,0.00780054181814194,0.00872068572789431,0.00823807343840599,0.00822218041867018,0.00766645465046167,0.00737754162400961,0.00637790281325579,0.00833473447710276,0.00773609708994627,0.00651613809168339,0.00687610171735287,0.00732530280947685,0.00801463052630425,0.00742106884717941,0.00768324686214328,0.00810457766056061,0.00723085552453995,0.00749993091449142,0.00722520286217332,0.00834235828369856,0.00815137568861246,0.00763978948816657,0.00708934804424644,0.00823539029806852,0.00777110876515508,0.00734481634572148,0.00792350806295872,0.00785598158836365,0.007387800142169,0.00735251372680068,0.00771007454022765,0.00694704754278064,0.00767306517809629,0.0075836000032723,0.00803100969642401,0.00853938423097134,0.0060249175876379,0.00812311097979546,0.00768770929425955,
1121.0,0.00689010694622993,0.00740688806399703,0.00785339251160622,0.0078846849501133,0.00763311423361301,0.00813265051692724,0.00782379135489464,0.00724354153499007,0.00780945830047131,0.00732467276975513,0.00819592829793692,0.00773735577240586,0.00773646682500839,0.00721029285341501,0.00694272853434086,0.0059922025538981,0.00783059559762478,0.00727750919759274,0.00612110458314419,0.00646798964589834,0.00687767844647169,0.00753231765702367,0.00698333978652954,0.00722204893827438,0.00761981401592493,0.00679689273238182,0.00705280201509595,0.00679347431287169,0.00782955531030893,0.00765365781262517,0.00718617392703891,0.00666966335847974,0.00775386625900865,0.00731152063235641,0.00691281398758292,0.00745752779766917,0.00739712174981833,0.00693691708147526,0.0069165425375104,0.00724540837109089,0.00654469011351466,0.00720529211685061,0.00712815392762423,0.00755705405026674,0.00802752654999495,0.00567123433575034,0.00763567071408033,0.00721790548413992,
1122.0,0.00656118430197239,0.00705482251942158,0.00747234979644418,0.00750574935227633,0.00726009020581841,0.00773198390379548,0.00744419358670712,0.00689266063272953,0.00743153411895037,0.0069721364416182,0.00779716158285737,0.0073650605045259,0.00736916298046708,0.00686740037053823,0.00661498541012406,0.00570873683318496,0.00745628494769335,0.00693520531058311,0.00583173520863056,0.00616288743913174,0.00654554320499301,0.0071716858074069,0.00664644595235586,0.00687970919534564,0.00725882034748793,0.00647511519491673,0.00671755243092775,0.00647050049155951,0.00744657311588526,0.00728508783504367,0.00684077478945255,0.00635399110615253,0.00739032262936234,0.00696100341156125,0.00658468110486865,0.00710290111601353,0.00704832375049591,0.0066009652800858,0.00658491952344775,0.00689715147018433,0.00623927777633071,0.00685799773782492,0.00678759813308716,0.00720134424045682,0.00764841958880425,0.00540566258132458,0.00727167911827564,0.00687537342309952,
1123.0,0.00636167638003826,0.00685000419616699,0.0072439550422132,0.00727977650240064,0.00704546039924026,0.00748803280293942,0.00721923634409904,0.00668185483664274,0.0072004278190434,0.0067682508379221,0.00755571806803346,0.00715359905734658,0.00715531688183546,0.0066639231517911,0.00642557116225362,0.0055414205417037,0.00724239042028785,0.00673292810097337,0.00566446036100388,0.00598677434027195,0.00634961947798729,0.0069565917365253,0.00643844716250896,0.00668400060385466,0.00704904273152351,0.00628384109586477,0.00652342289686203,0.00628511654213071,0.007212417665869,0.00707118446007371,0.00663546519353986,0.00616009952500463,0.00717427674680948,0.00674537289887667,0.00638972409069538,0.00689101405441761,0.00684238178655505,0.00640506995841861,0.00637857243418694,0.00669000297784805,0.00605619559064507,0.00665214378386736,0.00658709835261106,0.00699965795502067,0.00743146520107985,0.0052506048232317,0.00705075636506081,0.00667945202440023,
1124.0,0.00623854482546449,0.00671599665656686,0.00709933927282691,0.00713405665010214,0.00690290471538901,0.00733052100986242,0.00707349414005876,0.00654742447659373,0.00705205695703626,0.00663558766245842,0.00740046380087733,0.00701307272538543,0.00701636262238026,0.00653528608381748,0.00630549527704716,0.00543275335803628,0.00709799770265818,0.00660448987036943,0.00555872917175293,0.00587545102462173,0.00622437614947557,0.00681917741894722,0.00630142446607351,0.00655515352264047,0.00691464962437749,0.00616321666166186,0.00639537069946527,0.00616493262350559,0.00706193502992392,0.00692986277863383,0.00650379946455359,0.00603938475251198,0.00703600281849504,0.00661052577197552,0.00626275409013033,0.00675440393388271,0.00670905411243439,0.00627715466544032,0.00625185249373317,0.00655511813238263,0.00594037072733045,0.00652296096086502,0.00645705871284008,0.00686368765309453,0.00728947389870882,0.00514937052503228,0.00691138114780188,0.00654985290020704,
1125.0,0.00626453803852201,0.00673508597537875,0.00713503966107965,0.00715775368735194,0.00692512514069676,0.00734857656061649,0.00709347380325198,0.00657136272639036,0.00707249483093619,0.00665829330682755,0.00741774076595902,0.00703579327091575,0.00703348265960813,0.00655759125947952,0.00632860278710723,0.00545384828001261,0.00711937295272946,0.00663101207464933,0.00558794755488634,0.00590145355090499,0.00625164294615388,0.00684335734695196,0.00630384171381593,0.00657812459394336,0.00694217346608639,0.00619122479110956,0.00640849163755775,0.00618466176092625,0.00708765955641866,0.00695238029584289,0.00651986058801413,0.00606434419751167,0.00705860694870353,0.00662795128300786,0.00627406919375062,0.00676822010427713,0.00672997115179896,0.00629532337188721,0.00628315890207887,0.00657012825831771,0.00595962721854448,0.00655523966997862,0.00647677201777697,0.00687685515731573,0.00732044642791152,0.00516921281814575,0.00693931756541133,0.00657590199261904,
1126.0,0.00629537692293525,0.00676794117316604,0.00716851465404034,0.00719094462692738,0.00694993743672967,0.00737621216103435,0.00712265772745013,0.00660425890237093,0.00710295559838414,0.0066919457167387,0.00744689535349607,0.00706755975261331,0.00706771109253168,0.00659266812726855,0.00636340444907546,0.00548279145732522,0.00714935222640634,0.00666703470051289,0.00562024116516113,0.00593292294070125,0.00628242082893848,0.00687557319179177,0.00632463302463293,0.00661178538575768,0.00697557767853141,0.00622560596093535,0.00643698778003454,0.00621786294505,0.00711530772969127,0.00698382826521993,0.00654730433598161,0.00609558075666428,0.00709362421184778,0.00665945932269096,0.00630056113004684,0.00679906271398067,0.00675907451659441,0.00632403464987874,0.00631168764084578,0.00659711379557848,0.00598899042233825,0.00658791791647673,0.00650393962860107,0.00690750358626246,0.00735826976597309,0.00519296992570162,0.00697209034115076,0.00660996651276946,
1127.0,0.00639244029298425,0.0068721272982657,0.0072739515453577,0.00730177434161305,0.00704428041353822,0.00748679367825389,0.00722665572538972,0.0067070135846734,0.0072052413597703,0.00679323030635715,0.00756102567538619,0.00717153074219823,0.00717995315790176,0.00670220982283354,0.0064686113037169,0.0055647399276495,0.0072472533211112,0.00677311979234219,0.00570610817521811,0.00602609803900123,0.00637800851836801,0.00698109203949571,0.00641482137143612,0.00671358592808247,0.00707890512421727,0.00632425909861922,0.00653367815539241,0.00631907442584634,0.00721719348803163,0.00708463927730918,0.00664734421297908,0.00619070790708065,0.00720187230035663,0.00676838913932443,0.00639589875936508,0.00690554827451706,0.00685623660683632,0.00641991291195154,0.00640539219602942,0.00669187074527144,0.00608142651617527,0.00668637175112963,0.00659951101988554,0.00700961844995618,0.00746679771691561,0.00526502123102546,0.00707714166492224,0.0067071532830596,
1128.0,0.00653634686022997,0.00702272355556488,0.00742313079535961,0.00745674688369036,0.00718443188816309,0.00764411641284823,0.00738011067733169,0.00685509294271469,0.00736510474234819,0.00694808596745133,0.00771901849657297,0.00732258846983314,0.00733941281214356,0.00685162097215652,0.00661481125280261,0.00568522186949849,0.00739276269450784,0.00692365504801273,0.00583425350487232,0.00615917099639773,0.00651330687105656,0.0071318275295198,0.00655179098248482,0.00685477163642645,0.00723127834498882,0.00646597286686301,0.00667596980929375,0.00645954813808203,0.00736210495233536,0.00723408348858356,0.00679223146289587,0.00632822373881936,0.0073605990037322,0.00692451559007168,0.00653286091983318,0.00705925468355417,0.00700154108926654,0.00655903061851859,0.00654169823974371,0.00683777965605259,0.00621481472626328,0.00683271000161767,0.00673680938780308,0.00716132065281272,0.00762283382937312,0.00537450797855854,0.00722890067845583,0.00684925075620413,
1129.0,0.00669583445414901,0.00719443429261446,0.00759667716920376,0.00763161759823561,0.00734101375564933,0.00781668163836002,0.00755827827379107,0.00702740531414747,0.0075455280020833,0.00713056279346347,0.00789697095751762,0.00749541958793998,0.00752887921407819,0.0070212259888649,0.00677927723154426,0.00583232380449772,0.00756907276809216,0.00709200277924538,0.0059822597540915,0.00630762800574303,0.00667208759114146,0.00730173056945205,0.00671538477763534,0.00702447956427932,0.00740378675982356,0.00662546791136265,0.00684485025703907,0.00662444718182087,0.00752450712025166,0.0074099781922996,0.00695175118744373,0.00648001674562693,0.00754407839849591,0.00709268404170871,0.0066953687928617,0.00723693426698446,0.00716376164928079,0.00672409497201443,0.00668772589415312,0.00700797326862812,0.00637124478816986,0.00699415663257241,0.00689271464943886,0.00733544072136283,0.00781423971056938,0.005502890329808,0.00739932572469115,0.00702031748369336,
1130.0,0.00688257208094001,0.00739449495449662,0.0077993948943913,0.0078403428196907,0.00752589059993625,0.00802027154713869,0.007761568762362,0.00722499983385205,0.00774788344278932,0.00732966233044863,0.00810870621353388,0.00769750121980906,0.00773727660998702,0.0072183501906693,0.00696529680863023,0.00600065151229501,0.0077733644284308,0.00728543754667044,0.00615743966773152,0.00647805025801063,0.00684982305392623,0.00749902473762631,0.00690369633957744,0.00722041167318821,0.00760468048974872,0.0068112607114017,0.00703636603429914,0.00681253895163536,0.00771197443827987,0.00761184701696038,0.00713729113340378,0.00665327813476324,0.00775817083194852,0.00728387618437409,0.00688676768913865,0.00744214793667197,0.00735695473849773,0.00690924888476729,0.00685038883239031,0.00719977030530572,0.00654488522559404,0.00717830844223499,0.00707430113106966,0.00753686996176839,0.008032551035285,0.00565497670322657,0.00759318238124251,0.00721627939492464,
1131.0,0.00706093618646264,0.00758823193609715,0.00800023786723614,0.00804025772958994,0.00770369404926896,0.00820993818342686,0.00795822590589523,0.0074104992672801,0.00794296525418758,0.0075256316922605,0.00831345934420824,0.00789153203368187,0.00793551933020353,0.00740964757278562,0.00714660761877894,0.00616263272240758,0.00796706229448318,0.00747712003067136,0.00632718997076154,0.00665083946660161,0.00702164834365249,0.00769319664686918,0.00707918684929609,0.00741464411839843,0.00780559657141566,0.00699224090203643,0.00722053367644548,0.00698905531316996,0.00789511576294899,0.0078056501224637,0.00731532741338015,0.00682782614603639,0.00796235352754593,0.00746712973341346,0.00706567522138357,0.0076378108933568,0.00754397455602884,0.00708436500281096,0.00701312301680446,0.00738354446366429,0.00671520596370101,0.00736358156427741,0.00725225359201431,0.00772770447656512,0.00824170373380184,0.00580133171752095,0.00778440712019801,0.00740516604855657,
1132.0,0.00723642855882645,0.00777515722438693,0.00820955075323582,0.00823509786278009,0.00787875801324844,0.00838713068515062,0.00815572869032621,0.00758496485650539,0.00813109613955021,0.00772025436162949,0.00851714611053467,0.00808103755116463,0.00812636967748404,0.0075935241766274,0.00732131861150265,0.00632175989449024,0.00815607886761427,0.00766409654170275,0.00650013005360961,0.00682591740041971,0.00719153229147196,0.00788678415119648,0.00725127058103681,0.0076107494533062,0.0080101378262043,0.00716771138831973,0.00739936297759414,0.00715687870979309,0.00807291269302368,0.00799503549933434,0.00748682348057628,0.00700129941105843,0.00816072337329388,0.00763838179409504,0.00724098458886147,0.00782895553857088,0.00772732170298696,0.00725366454571486,0.00717500457540154,0.00756228109821677,0.00688329059630632,0.00755041791126132,0.00742922071367502,0.00790844019502401,0.00845137797296047,0.00594729511067271,0.00797208771109581,0.00758938770741224,
1133.0,0.00747129088267684,0.00802703388035297,0.008469607681036,0.0084952600300312,0.00811289809644222,0.00863611977547407,0.00840733572840691,0.00782990548759699,0.00838359445333481,0.00797463394701481,0.00878046452999115,0.00833357963711023,0.00838251225650311,0.00784679129719734,0.00755896745249629,0.00653172424063087,0.00840717740356922,0.00791454780846834,0.00671773357316852,0.00705247558653355,0.00741389393806458,0.00813901983201504,0.0074715013615787,0.00786135252565145,0.00827255751937628,0.00740834325551987,0.00764105096459389,0.00738407531753182,0.0083155483007431,0.00824658013880253,0.00772035960108042,0.00722624594345689,0.0084275808185339,0.00787905883044004,0.00747081451117992,0.00808203592896461,0.00797286909073591,0.00748214405030012,0.00738935777917504,0.00780206127092242,0.00710605550557375,0.00779337575659156,0.00766316801309586,0.00815780647099018,0.00872086081653833,0.00613783160224557,0.00822319556027651,0.00783639494329691,
1134.0,0.00771321263164282,0.00829616095870733,0.00873557198792696,0.00876992288976908,0.00835834722965956,0.00889919977635145,0.00866582058370113,0.00808871071785688,0.00864766910672188,0.0082415072247386,0.00905743706971407,0.00859634950757027,0.00864487607032061,0.00811963621526957,0.00781175773590803,0.00675198761746287,0.00866837240755558,0.00818360131233931,0.00694030942395329,0.00729535240679979,0.00764371501281857,0.00840223673731089,0.0076962704770267,0.00812709890305996,0.00855029094964266,0.00766802718862891,0.0078968508169055,0.00761681376025081,0.00857749488204718,0.00850680097937584,0.00796793214976788,0.00746768666431308,0.0087099140509963,0.00813506077975035,0.00770695833489299,0.00834448263049126,0.00823445152491331,0.00771827343851328,0.00761293433606625,0.00805424060672522,0.00733955204486847,0.00805130694061518,0.007911317050457,0.00842280779033899,0.00899623334407806,0.00633922405540943,0.00849213171750307,0.00809716526418924,
1135.0,0.00800108816474676,0.00860334001481533,0.00905065331608057,0.00908661261200905,0.00864500552415848,0.00920357182621956,0.00896942056715488,0.00838697887957096,0.00895708333700895,0.00854646228253841,0.0093754418194294,0.00890733022242785,0.00895900279283524,0.00842704344540834,0.00810113921761513,0.00700618699193001,0.00897419359534979,0.00848923996090889,0.00720462389290333,0.00756977312266827,0.00791260972619057,0.00871266983449459,0.00795900262892246,0.00842795427888632,0.00886822864413261,0.00795963499695063,0.00818992964923382,0.00789789110422134,0.00886969827115536,0.00881630834192038,0.00825110264122486,0.00773984519764781,0.00903185550123453,0.00843211077153683,0.00798413436859846,0.00865207239985466,0.00853341445326805,0.00799583923071623,0.00787725858390331,0.00834354292601347,0.00761048868298531,0.0083463080227375,0.00819448195397854,0.008725231513381,0.00932185631245375,0.00656671822071075,0.00879639945924282,0.00839701481163502,
1136.0,0.00842308439314365,0.00903778057545424,0.0094977542757988,0.00954005587846041,0.00906035676598549,0.00964863318949938,0.0094036553055048,0.00882184784859419,0.00940228346735239,0.00897731073200703,0.00982569810003042,0.00935554504394531,0.00941217318177223,0.00886447262018919,0.00851456634700298,0.00736682489514351,0.00941623840481043,0.00891908165067434,0.00758013920858502,0.00795398000627756,0.00830089580267668,0.00915537774562836,0.00833140034228563,0.00884872954338789,0.00931639038026333,0.00837329123169184,0.00860784016549587,0.00830757431685925,0.00928632076829672,0.00926569569855928,0.00865782517939806,0.00812091678380966,0.0094906110316515,0.00886446610093117,0.00838153436779976,0.00909338518977165,0.00896118115633726,0.00839647930115461,0.00825957674533129,0.00875995028764009,0.00799612421542406,0.00876477640122175,0.00859722215682268,0.00915668997913599,0.00978871900588274,0.00689156632870436,0.00923183560371399,0.00882725976407528,
1137.0,0.0086996192112565,0.0093341488391161,0.00979957170784473,0.0098411263898015,0.009333704598248,0.00993810500949621,0.00969358533620834,0.00910891685634851,0.00969821680337191,0.00927179586142302,0.0101290820166469,0.00965612754225731,0.00971839763224125,0.00916100572794676,0.00879295822232962,0.00761258648708463,0.00970849953591824,0.00921494141221046,0.00783639587461948,0.00821677595376968,0.00855651218444109,0.00945358350872993,0.00858323834836483,0.00913464184850454,0.00961932260543108,0.00865518767386675,0.00889028515666723,0.00857909489423037,0.00956473778933287,0.00956302136182785,0.00892961584031582,0.00838095974177122,0.00980093330144882,0.00914809014648199,0.00864906795322895,0.00938821490854025,0.00924738403409719,0.00866596773266792,0.00851105246692896,0.00903698429465294,0.00825702026486397,0.00904823374003172,0.00886726286262274,0.00944852735847235,0.0101040881127119,0.00710685132071376,0.0095186373218894,0.00911309011280537,
1138.0,0.00901108700782061,0.00967584364116192,0.0101542640477419,0.0101910848170519,0.00964866112917662,0.0102688493207097,0.0100289117544889,0.00942971743643284,0.0100419810041785,0.00960778631269932,0.010482320562005,0.0100064910948277,0.0100743351504207,0.00949606485664845,0.00911091640591621,0.00789339188486338,0.0100432019680738,0.00955793727189302,0.0081318560987711,0.00851683784276247,0.00884780939668417,0.00980591867119074,0.00887809600681067,0.00946346390992403,0.00996837113052607,0.0089755542576313,0.00921070203185081,0.00889253988862038,0.00988515373319387,0.00990793202072382,0.00924423336982727,0.00868402421474457,0.0101521275937557,0.00946921296417713,0.00895713921636343,0.00972526613622904,0.00957530923187733,0.00897782202810049,0.00880719628185034,0.0093501964583993,0.00855913013219833,0.00937351677566767,0.00917775835841894,0.00978465098887682,0.0104667562991381,0.0073468741029501,0.00984085816890001,0.00943724252283573,
1139.0,0.00916602462530136,0.00984621606767178,0.0103256795555353,0.0103538846597075,0.00979484152048826,0.010419855825603,0.0101884212344885,0.00958680734038353,0.0102040581405163,0.00977609492838383,0.0106481993570924,0.0101755615323782,0.0102491695433855,0.00966594740748405,0.00926788989454508,0.0080363042652607,0.0102021396160126,0.00972940213978291,0.00828387681394815,0.00866885855793953,0.00898651964962482,0.00997387059032917,0.00901712477207184,0.00962657015770674,0.010140317492187,0.00913532543927431,0.00937114935368299,0.00904586538672447,0.0100309392437339,0.0100713893771172,0.00939138419926167,0.00882912334054708,0.0103292400017381,0.00962418783456087,0.00910867191851139,0.00989395380020142,0.00973203033208847,0.00912683736532927,0.0089407917112112,0.00950065907090902,0.00870602112263441,0.00953321531414986,0.00932696182280779,0.00994870346039534,0.0106460591778159,0.00746501097455621,0.00999562256038189,0.00959583651274443,
1140.0,0.00922608282417059,0.00992963276803494,0.0104009201750159,0.0104078399017453,0.00985387526452541,0.0104704145342112,0.0102557083591819,0.00965335220098495,0.0102646155282855,0.00986215751618147,0.0107160471379757,0.0102478684857488,0.0103334030136466,0.00974766910076141,0.00933740381151438,0.00810804218053818,0.0102668600156903,0.00981426145881414,0.00836307182908058,0.00874807592481375,0.00903926603496075,0.0100343255326152,0.00908102560788393,0.00970131438225508,0.0102164326235652,0.00921242032200098,0.0094513176009059,0.00910677295178175,0.0100942002609372,0.0101305851712823,0.00944698695093393,0.00888888351619244,0.010418233461678,0.00968468189239502,0.00917713157832623,0.00996903143823147,0.00979458540678024,0.00919241830706596,0.00898102484643459,0.00956424698233604,0.00876877643167973,0.00960740447044373,0.00939413718879223,0.010024850256741,0.0107304705306888,0.00751850940287113,0.0100572947412729,0.00966093130409718,
1141.0,0.00919644348323345,0.00990124046802521,0.0103608453646302,0.010359724983573,0.00980045180767775,0.0104100033640862,0.0102091785520315,0.00961683504283428,0.0102190487086773,0.0098347133025527,0.0106669114902616,0.0102076651528478,0.0102979512885213,0.00972339604049921,0.00930756889283657,0.00808983109891415,0.0102193420752883,0.00978957116603851,0.00834514200687408,0.00872520264238119,0.00899805128574371,0.00999812781810761,0.0090389596298337,0.00967085361480713,0.0101830037310719,0.00918713863939047,0.00942270457744598,0.00907491613179445,0.0100352894514799,0.0100849810987711,0.00940370745956898,0.00885446928441525,0.0103886285796762,0.00964250601828098,0.00914625637233257,0.00993895903229713,0.00975572876632214,0.00915687065571547,0.00893227383494377,0.00952380895614624,0.00874094385653734,0.0095737986266613,0.00935336109250784,0.00998904835432768,0.0106963980942965,0.007487578317523,0.010011637583375,0.00962552335113287,
1142.0,0.00902917888015509,0.00971125718206167,0.0101520605385303,0.0101459659636021,0.00958477240055799,0.0101827550679445,0.00999589450657368,0.00942573416978121,0.0100091220811009,0.0096433237195015,0.0104432571679354,0.0100007755681872,0.0100874165073037,0.00954072549939156,0.00912743154913187,0.00794098805636168,0.0100047430023551,0.00960194319486618,0.00818692613393068,0.00855724327266216,0.00881692860275507,0.00980302132666111,0.00884842313826084,0.00948574114590883,0.00998484436422586,0.00900609791278839,0.00923962518572807,0.00889863166958094,0.00980128906667233,0.00987466052174568,0.00921111740171909,0.00867329724133015,0.0101904906332493,0.00944564677774906,0.00897097680717707,0.00975635461509228,0.00955889467149973,0.0089698126539588,0.00873967166990042,0.00932931993156672,0.00857099983841181,0.00938055384904146,0.00915632024407387,0.00979153905063868,0.0104884095489979,0.00733918230980635,0.00980738457292318,0.00943579990416765,
1143.0,0.00882102362811565,0.00948146544396877,0.00990106258541346,0.00988998729735613,0.00933271367102861,0.00991193950176239,0.00974633917212486,0.00919711962342262,0.00975859351456165,0.00941674690693617,0.010179634205997,0.00975325424224138,0.0098448134958744,0.00932405516505241,0.00891147367656231,0.00775919761508703,0.00975389964878559,0.00938002113252878,0.00800470076501369,0.0083569698035717,0.00859974510967731,0.00956850498914719,0.00861697364598513,0.00926117692142725,0.00974802207201719,0.00879420340061188,0.00901805236935616,0.0086914012208581,0.0095300804823637,0.009628064930439,0.00897027924656868,0.00846228376030922,0.00994774978607893,0.00921142101287842,0.0087560024112463,0.00952862203121185,0.00932512618601322,0.00874300953000784,0.00851148087531328,0.00909589137881994,0.00836906116455793,0.00915476586669683,0.00892325211316347,0.0095507986843586,0.010242996737361,0.00715807918459177,0.00956432148814201,0.00920924358069897,
1144.0,0.0085630789399147,0.00919691100716591,0.00959599856287241,0.0095910569652915,0.00902580469846725,0.00958785135298967,0.00943742319941521,0.00891883950680494,0.00945808552205563,0.00913575012236834,0.00985890999436378,0.00945116672664881,0.00954479351639748,0.00905675441026688,0.00864920392632484,0.00753818079829216,0.00945007614791393,0.00910775456577539,0.00777670089155436,0.00811501499265432,0.00832909252494574,0.00928698573261499,0.00834349635988474,0.00898762606084347,0.00945864338427782,0.00853957515209913,0.00874401349574327,0.00843217689543962,0.00921194348484278,0.0093366289511323,0.00868751481175423,0.00821232330054045,0.00965711288154125,0.00892761256545782,0.00849059596657753,0.00924339704215527,0.00904856342822313,0.00847786478698254,0.00824708864092827,0.00881632976233959,0.0081288767978549,0.00888196378946304,0.00864739622920752,0.00925486627966166,0.00993717554956675,0.00693379482254386,0.00926855392754078,0.00893962197005749,
1145.0,0.00831990316510201,0.00892840884625912,0.00930503383278847,0.00930723641067743,0.00873227976262569,0.00929100997745991,0.00914520956575871,0.0086510656401515,0.00917559769004583,0.00887231528759003,0.00955194607377052,0.00916532799601555,0.00925761554390192,0.00880629289895296,0.0084062721580267,0.00733007956296206,0.0091583700850606,0.00884869322180748,0.00755429640412331,0.00788126792758703,0.00807624217122793,0.00902558956295252,0.00808381382375956,0.00873033981770277,0.00919144507497549,0.00830354262143373,0.00849006045609713,0.00818623788654804,0.00890633836388588,0.0090598575770855,0.00842551328241825,0.00798041187226772,0.00938626565039158,0.00866003055125475,0.0082446401938796,0.00897478498518467,0.00878437887877226,0.00822474155575037,0.00800040643662214,0.0085504949092865,0.00789363775402308,0.00862421747297049,0.00838387664407492,0.00898270774632692,0.00964444875717163,0.0067211277782917,0.00899215508252382,0.00868416018784046,
1146.0,0.00822677183896303,0.00882751308381557,0.00918850768357515,0.00918902829289436,0.00860451348125935,0.00915613584220409,0.00902431551367044,0.00854510255157948,0.00905733741819859,0.00877448171377182,0.00942446850240231,0.00905010849237442,0.00914268661290407,0.00871380604803562,0.00831279158592224,0.0072548589669168,0.00903603341430426,0.00875495374202728,0.00747816544026136,0.00779695762321353,0.00796715263277292,0.00892449822276831,0.00797183346003294,0.00863123033195734,0.00908825639635324,0.008221042342484,0.0083906315267086,0.00808783713728189,0.00877413712441921,0.00894328206777573,0.00831622537225485,0.00788675714284182,0.00928440969437361,0.00855611823499203,0.00815035216510296,0.00887132994830608,0.00867903791368008,0.00812094286084175,0.00789166521281004,0.00844093225896358,0.00780608179047704,0.00852496922016144,0.00827697198837996,0.00887363497167826,0.00953017733991146,0.00663539441302419,0.00887625757604837,0.00858661346137524,
1147.0,0.00816656649112701,0.00877093337476254,0.00911858584731817,0.00910929962992668,0.0085211955010891,0.00906211696565151,0.00894801691174507,0.00847762823104858,0.0089781004935503,0.00872065778821707,0.0093424366787076,0.00897939875721931,0.00907159876078367,0.00866110529750586,0.00825651828199625,0.00721417972818017,0.00895711407065392,0.0087032038718462,0.00744378892704844,0.00775684602558613,0.00788889545947313,0.0088598970323801,0.0078989639878273,0.00857168715447187,0.00902694836258888,0.00818408187478781,0.00833136774599552,0.00802113208919764,0.00869346782565117,0.00886596646159887,0.00824580248445272,0.0078286062926054,0.00923193246126175,0.00849654525518417,0.00809693150222301,0.00880551617592573,0.00861457828432322,0.0080548757687211,0.00781754031777382,0.00836947094649076,0.00775414891541004,0.00847052130848169,0.00821618363261223,0.00880751572549343,0.00946027971804142,0.00658309552818537,0.00880030356347561,0.00853277370333672,
1148.0,0.00825650617480278,0.00886727217584848,0.00920762866735458,0.00919582229107618,0.00858858600258827,0.00913119781762362,0.00902819540351629,0.00856518745422363,0.00906192231923342,0.00881999265402555,0.00942517258226871,0.00906812585890293,0.00916475336998701,0.00876070093363523,0.00834877975285053,0.00730114197358489,0.00903721619397402,0.00880662072449923,0.00753697333857417,0.0078482935205102,0.00795863848179579,0.00895773526281118,0.00796844623982906,0.00866559147834778,0.00912689138203859,0.00828496925532818,0.00842075422406197,0.00810390803962946,0.00876451656222343,0.00895244628190994,0.0083211762830615,0.00791193172335625,0.00933474116027355,0.00858909171074629,0.00818230118602514,0.00890122726559639,0.00870027765631676,0.00813367590308189,0.00788514595478773,0.00844972394406796,0.0078405262902379,0.00856064353138208,0.0082958210259676,0.00889483839273453,0.00955594703555107,0.00664723059162498,0.00888513214886189,0.00862438231706619,
1149.0,0.00847589503973722,0.00910236965864897,0.00944057479500771,0.00942385476082563,0.00879033096134663,0.00934004783630371,0.00924876052886248,0.00879028160125017,0.00928513985127211,0.00905768014490604,0.00965553149580956,0.00929859280586243,0.00939834862947464,0.00899110734462738,0.00856914650648832,0.00749964499846101,0.00925444811582565,0.00904993433505297,0.00774526735767722,0.00805691536515951,0.0081536415964365,0.00919781811535358,0.00816146656870842,0.0088912658393383,0.00936511997133493,0.00851065572351217,0.00864057987928391,0.00831147842109203,0.00897627975791693,0.00917333923280239,0.00852804537862539,0.00811227131634951,0.00957200862467289,0.00882004760205746,0.00839414820075035,0.00913822744041681,0.00891425088047981,0.0083385594189167,0.00806914549320936,0.00866281799972057,0.00804969482123852,0.00877886172384024,0.00850000884383917,0.00911996234208345,0.00979609601199627,0.00681499764323235,0.00910508818924427,0.00884304009377956,
1150.0,0.00875505432486534,0.00940105225890875,0.00973853562027216,0.00972156319767237,0.00905804801732302,0.00961810443550348,0.00953806843608618,0.00907369796186686,0.00957912392914295,0.00935807265341282,0.00995660200715065,0.00959494151175022,0.00970557332038879,0.00929084233939648,0.00885121803730726,0.00775046646595001,0.00954459700733423,0.00935229659080505,0.00800944212824106,0.00832490250468254,0.0084076514467597,0.00949885975569487,0.00841290410608053,0.0091847600415349,0.00967506505548954,0.00879955384880304,0.00892303232103586,0.00858467072248459,0.00924854911863804,0.00946605112403631,0.00879417173564434,0.00837515015155077,0.00988609157502651,0.0091089615598321,0.00866492092609406,0.0094406995922327,0.00919879786670208,0.00860102474689484,0.00831715762615204,0.00893687084317207,0.00831453781574965,0.00906229857355356,0.008768524043262,0.00941048283129931,0.0101125882938504,0.00703427754342556,0.00939575303345919,0.00913051702082157,
1151.0,0.0091609749943018,0.00983009766787291,0.0101728020235896,0.0101628713309765,0.0094608124345541,0.0100366929545999,0.00996276363730431,0.00948380306363106,0.0100148478522897,0.00979112181812525,0.0104010757058859,0.0100279040634632,0.0101599730551243,0.00972205121070147,0.00925873219966888,0.00811089761555195,0.00997563078999519,0.00978515483438969,0.00838712509721518,0.00870987307280302,0.00878526363521814,0.0099352365359664,0.00878782011568546,0.0096133965998888,0.0101295625790954,0.00921424012631178,0.00933489669114351,0.00898956414312124,0.00965557154268026,0.00990484934300184,0.00917888712137938,0.0087632080540061,0.010343031026423,0.00952890049666166,0.00905132479965687,0.00987972039729357,0.00961668137460947,0.00898589659482241,0.00868943240493536,0.00934022851288319,0.00869450252503157,0.00947555433958769,0.00916477385908365,0.00983120407909155,0.0105734430253506,0.0073568900115788,0.00983125157654285,0.00954793207347393,
1152.0,0.00956958159804344,0.0102690123021603,0.0106155322864652,0.0106084858998656,0.00986506231129169,0.0104657607153058,0.0103988787159324,0.00990517903119326,0.0104566365480423,0.0102312453091145,0.0108512407168746,0.0104695679619908,0.0106162643060088,0.0101653290912509,0.00967797823250294,0.0084791025146842,0.0104131503030658,0.0102265430614352,0.0087720574811101,0.00910411309450865,0.009169677272439,0.0103774555027485,0.00916890613734722,0.0100468546152115,0.0105856461450458,0.00963295623660088,0.00975265353918076,0.00939341820776463,0.01006646361202,0.0103441495448351,0.00958141125738621,0.00915621221065521,0.010807222686708,0.00995293352752924,0.00945295486599207,0.010322779417038,0.0100425267592072,0.00938067957758904,0.00906942598521709,0.00974992848932743,0.00908456370234489,0.00989499222487211,0.0095655620098114,0.010263217613101,0.0110438391566277,0.00768176140263677,0.0102647561579943,0.00997321866452694,
1153.0,0.0100569594651461,0.0107987355440855,0.0111468955874443,0.0111408960074186,0.0103535819798708,0.0109843863174319,0.0109279528260231,0.0104107987135649,0.0109895374625921,0.0107543785125017,0.0113979103043675,0.0110009461641312,0.0111654726788402,0.0107006514444947,0.0101804882287979,0.0089141707867384,0.0109445843845606,0.0107501391321421,0.00922897271811962,0.00957465823739767,0.00963133480399847,0.0109020685777068,0.00962614826858044,0.0105659803375602,0.0111265117302537,0.0101296352222562,0.010251846164465,0.00987688452005386,0.0105566093698144,0.0108682392165065,0.0100742215290666,0.00962535385042429,0.0113652003929019,0.0104550309479237,0.00994120351970196,0.0108547676354647,0.0105577427893877,0.00985620636492968,0.00953252241015434,0.0102384658530355,0.00955539103597403,0.0103965271264315,0.0100509254261851,0.0107865929603577,0.0116163482889533,0.0080718956887722,0.010781061835587,0.0104846693575382,
1154.0,0.0105502372607589,0.011328705586493,0.0116850715130568,0.0116815501824021,0.010846015997231,0.0115107521414757,0.011461322195828,0.0109215574339032,0.0115237878635526,0.0112861441448331,0.0119435740634799,0.0115376310423017,0.0117133967578411,0.0112365558743477,0.0106875607743859,0.00935881398618221,0.011475246399641,0.011281312443316,0.00969314482063055,0.0100527228787541,0.0101014785468578,0.0114351948723197,0.0100879138335586,0.011088902130723,0.0116773853078485,0.0106343254446983,0.0107564926147461,0.0103633152320981,0.0110576916486025,0.0113973785191774,0.0105648236349225,0.0100996075198054,0.0119272293522954,0.0109663382172585,0.0104310261085629,0.0113881537690759,0.0110756680369377,0.0103321122005582,0.00999245047569275,0.0107360575348139,0.0100239086896181,0.010904491879046,0.0105330171063542,0.011312966234982,0.0121865626424551,0.00846637599170208,0.0113041391596198,0.0110010979697108,
1155.0,0.0110869752243161,0.0119069255888462,0.012277964502573,0.0122795719653368,0.0113854166120291,0.0120976874604821,0.0120519921183586,0.0114884441718459,0.0121094733476639,0.0118728755041957,0.0125341266393661,0.0121304150670767,0.012309430167079,0.0118282465264201,0.0112516237422824,0.0098551120609045,0.012057526037097,0.0118695963174105,0.0102055417373776,0.0105840172618628,0.010624866001308,0.0120245683938265,0.0106003815308213,0.0116601157933474,0.012286588549614,0.0111873913556337,0.0113118756562471,0.0108921099454165,0.0116155566647649,0.0119807776063681,0.0111098615452647,0.010623243637383,0.0125437118113041,0.011529135517776,0.0109750861302018,0.0119693567976356,0.0116444658488035,0.0108564309775829,0.0104990471154451,0.0112902019172907,0.0105366967618465,0.0114668542519212,0.011055575683713,0.0118935825303197,0.0128088425844908,0.0088989594951272,0.0118783479556441,0.0115713505074382,
1156.0,0.0116174044087529,0.0124752540141344,0.0128585360944271,0.0128607880324125,0.0119128953665495,0.0126671940088272,0.01262341812253,0.012039428576827,0.0126828663051128,0.0124435583129525,0.0131198894232512,0.0127061186358333,0.0128942867740989,0.0124009307473898,0.011796117760241,0.0103336982429028,0.0126254707574844,0.012440413236618,0.0107038440182805,0.0110972290858626,0.0111304093152285,0.0125971660017967,0.0110987396910787,0.0122213121503592,0.012875379063189,0.0117277437821031,0.0118536185473204,0.0114115234464407,0.0121551500633359,0.0125483004376292,0.0116370907053351,0.0111332256346941,0.0131456572562456,0.0120792090892792,0.0114994291216135,0.0125388437882066,0.0121994614601135,0.011369651183486,0.0109910555183887,0.0118260132148862,0.0110384868457913,0.0120107531547546,0.0115723451599479,0.0124576054513454,0.0134177366271615,0.00932071823626757,0.0124380989000201,0.0121246408671141,
1157.0,0.0121798068284988,0.0130695477128029,0.01346939150244,0.013467151671648,0.0124641312286258,0.0132621442899108,0.0132172619923949,0.0126139614731073,0.0132780792191625,0.0130386091768742,0.0137340277433395,0.013304254040122,0.013501244597137,0.0129924118518829,0.0123602710664272,0.010829989798367,0.0132154738530517,0.0130330175161362,0.0112223997712135,0.0116290962323546,0.0116577930748463,0.0131941204890609,0.0116161955520511,0.0128104463219643,0.0134903509169817,0.0122947497293353,0.0124205043539405,0.0119548654183745,0.0127190351486206,0.01313791051507,0.0121824368834496,0.0116620734333992,0.01377466134727,0.0126551277935505,0.0120399380102754,0.0131331048905849,0.0127806765958667,0.011900195851922,0.0114973746240139,0.0123854642733932,0.0115549908950925,0.0125749390572309,0.0121119422838092,0.0130458725616336,0.0140503412112594,0.00976248737424612,0.0130213871598244,0.0127016799524426,
1158.0,0.0127351265400648,0.0136610297486186,0.0140749644488096,0.0140742268413305,0.0130170257762074,0.013857489451766,0.0138156730681658,0.013184517621994,0.0138804968446493,0.0136379757896066,0.0143515458330512,0.0139040229842067,0.014111046679318,0.0135849388316274,0.0129245445132256,0.0113296024501324,0.0138059388846159,0.013627989217639,0.0117444172501564,0.012164244428277,0.0121847670525312,0.0137902842834592,0.0121342288330197,0.0133969755843282,0.0141039788722992,0.012863252311945,0.0129850478842855,0.0124995987862349,0.013284333050251,0.0137297557666898,0.0127243557944894,0.0121947284787893,0.0144030898809433,0.0132326083257794,0.0125821195542812,0.0137265175580978,0.0133586805313826,0.012434596195817,0.0120061589404941,0.0129430331289768,0.0120778307318687,0.0131427617743611,0.0126493982970715,0.0136324288323522,0.0146844293922186,0.0102047603577375,0.0136088030412793,0.0132778454571962,
1159.0,0.0132745699957013,0.0142409997060895,0.0146683193743229,0.0146690914407372,0.0135634830221534,0.0144347287714481,0.0143902665004134,0.0137453889474273,0.0144670950248837,0.0142153995111585,0.0149563290178776,0.0144961420446634,0.0147151565179229,0.0141647011041641,0.0134705705568194,0.0118168806657195,0.0143860457465053,0.0142076360061765,0.0122512485831976,0.0126848611980677,0.01269446965307,0.0143748680129647,0.0126462448388338,0.0139675075188279,0.0146965449675918,0.0134097198024392,0.0135363228619099,0.0130350766703486,0.0138300256803632,0.0143065508455038,0.0132569829002023,0.0127190249040723,0.0150162186473608,0.0137928649783134,0.0131176896393299,0.014307220466435,0.0139209516346455,0.0129656111821532,0.0125076109543443,0.0134850274771452,0.0125940153375268,0.0136969033628702,0.0131834540516138,0.0141998725011945,0.0153103489428759,0.0106327878311276,0.0141840698197484,0.0138373943045735,
1160.0,0.0137962400913239,0.014803709462285,0.0152392731979489,0.0152407502755523,0.0140839926898479,0.0149901658296585,0.0149405086413026,0.0142805119976401,0.0150291575118899,0.0147740924730897,0.015538077801466,0.0150644965469837,0.0152916368097067,0.0147230224683881,0.0139940083026886,0.012283256277442,0.0149416485801339,0.0147600630298257,0.0127388872206211,0.0131886871531606,0.0131924953311682,0.0149380415678024,0.0131363980472088,0.0145202400162816,0.0152689721435308,0.0139355603605509,0.014068023301661,0.0135470982640982,0.0143552282825112,0.0148568237200379,0.0137699460610747,0.0132243987172842,0.0156068736687303,0.0143356658518314,0.0136273978278041,0.0148719549179077,0.0144621934741735,0.0134740117937326,0.0129891820251942,0.0140047846361995,0.0130933811888099,0.0142222540453076,0.0136995874345303,0.0147501304745674,0.0159100331366062,0.0110428323969245,0.0147332530468702,0.0143766505643725,
1161.0,0.014276472851634,0.01532250829041,0.0157640781253576,0.0157670769840479,0.0145645355805755,0.0155015289783478,0.0154512105509639,0.0147752985358238,0.0155433006584644,0.0152924880385399,0.0160717144608498,0.0155879547819495,0.0158231128007174,0.0152390161529183,0.0144806513562799,0.0127148656174541,0.0154570927843452,0.0152772152796388,0.0131895300000906,0.0136541333049536,0.013647785410285,0.0154570657759905,0.0135881369933486,0.0150282960385084,0.0158012937754393,0.0144235864281654,0.0145545415580273,0.0140178548172116,0.0148443598300219,0.0153673924505711,0.0142442071810365,0.0136857954785228,0.016149390488863,0.0148359043523669,0.0140994368121028,0.015392548404634,0.0149596277624369,0.0139392772689462,0.0134309018030763,0.014488447457552,0.0135516710579395,0.0147132081910968,0.0141751747578382,0.015259618870914,0.0164592489600182,0.0114254765212536,0.0152386594563723,0.0148735577240586,
1162.0,0.0147430077195168,0.0158332139253616,0.016273707151413,0.0162853822112083,0.0150402467697859,0.0160011555999517,0.0159513428807259,0.0152581622824073,0.0160374063998461,0.0158045943826437,0.0165891945362091,0.0161077622324228,0.0163439549505711,0.0157468654215336,0.0149578657001257,0.0131406020373106,0.0159649904817343,0.0157879628241062,0.0136318188160658,0.0141160134226084,0.0140949860215187,0.0159684363752604,0.0140326656401157,0.015522999688983,0.016329649835825,0.014902088791132,0.0150284171104431,0.0144791305065155,0.0153287323191762,0.01586620695889,0.0147091709077358,0.0141379293054342,0.0166791863739491,0.0153276994824409,0.0145660964772105,0.0159066691994667,0.0154421785846353,0.0143928080797195,0.013859941624105,0.0149669777601957,0.0140017038211226,0.0151996929198503,0.0146421641111374,0.015760812908411,0.0169969815760851,0.0118038449436426,0.0157356895506382,0.0153602724894881,
1163.0,0.0151536576449871,0.0162751711905003,0.0167272128164768,0.0167366489768028,0.0154509320855141,0.0164374429732561,0.016388637945056,0.0156836993992329,0.0164812449365854,0.0162483081221581,0.0170455686748028,0.0165531914681196,0.0168015118688345,0.0161909479647875,0.015375167131424,0.0135122518986464,0.0164081361144781,0.0162331201136112,0.0140178194269538,0.0145146250724792,0.0144845461472869,0.0164139028638601,0.0144191179424524,0.0159586239606142,0.0167884957045317,0.0153204752132297,0.0154448477551341,0.0148817654699087,0.0157489310950041,0.0163064934313297,0.0151185085996985,0.0145309651270509,0.017144663259387,0.0157547444105148,0.014972404576838,0.0163529813289642,0.0158712267875671,0.0147900935262442,0.0142415408045053,0.0153817404061556,0.0143951559439301,0.015622234903276,0.015050838701427,0.0161983445286751,0.0174648314714432,0.0121316127479076,0.0161672867834568,0.0157881937921047,
1164.0,0.0155260842293501,0.016671035438776,0.0171417780220509,0.0171381961554289,0.0158119071274996,0.0168277062475681,0.016784405335784,0.0160692911595106,0.0168838296085596,0.0166493896394968,0.017457352951169,0.0169428531080484,0.0172128584235907,0.0165929459035397,0.0157529097050428,0.0138442059978843,0.0168084073811769,0.0166398324072361,0.0143655221909285,0.0148692829534411,0.0148318530991673,0.0168118346482515,0.0147622739896178,0.0163529086858034,0.0172033794224262,0.0156997255980968,0.0158167909830809,0.0152387544512749,0.0161279998719692,0.0167057365179062,0.0154895102605224,0.0148766674101353,0.0175613649189472,0.0161378066986799,0.0153333311900496,0.0167548470199108,0.0162615329027176,0.0151431821286678,0.0145870950073004,0.0157541744410992,0.0147473933175206,0.0160006992518902,0.0154223125427961,0.016597218811512,0.017875675112009,0.0124296909198165,0.0165468789637089,0.0161724891513586,
1165.0,0.0158571787178516,0.0170258600264788,0.0175043568015099,0.0174992140382528,0.0161401256918907,0.0171781480312347,0.017135513946414,0.0164099745452404,0.0172433331608772,0.0170036721974611,0.0178242977708578,0.0172977764159441,0.0175783820450306,0.016946779564023,0.0160896759480238,0.0141430990770459,0.0171633642166853,0.0169963296502829,0.0146749820560217,0.0151880411431193,0.0151432612910867,0.0171688906848431,0.0150729240849614,0.0167038440704346,0.0175695307552814,0.016036307439208,0.0161503553390503,0.0155615489929914,0.0164658781141043,0.0170614160597324,0.0158192217350006,0.0151914153248072,0.0179356820881367,0.0164796877652407,0.0156598333269358,0.0171119961887598,0.0166056137531996,0.015461060218513,0.0148947015404701,0.0160868652164936,0.0150628350675106,0.0163405444473028,0.0157486218959093,0.0169467888772488,0.0182519424706697,0.0126900710165501,0.0168929453939199,0.0165168698877096,
1166.0,0.0161508414894342,0.0173366852104664,0.0178294535726309,0.0178212467581034,0.0164341777563095,0.01748938113451,0.0174449309706688,0.0167116392403841,0.0175749622285366,0.0173104610294104,0.0181508120149374,0.0176136270165443,0.0179048925638199,0.0172580555081367,0.016388051211834,0.0144114075228572,0.0174766276031733,0.0173085350543261,0.0149482889100909,0.0154706295579672,0.0154198091477156,0.0174870863556862,0.0153521597385406,0.0170162040740252,0.0178902503103018,0.0163323469460011,0.0164489764720201,0.0158511716872454,0.0167639907449484,0.0173823013901711,0.0161139741539955,0.0154744517058134,0.0182734970003366,0.0167808681726456,0.015955924987793,0.0174282342195511,0.0169130004942417,0.0157453585416079,0.0151723017916083,0.0163796339184046,0.0153466993942857,0.0166445262730122,0.0160338450223207,0.0172522496432066,0.0185935162007809,0.0129130193963647,0.0172034651041031,0.0168289560824633,
1167.0,0.0164016522467136,0.0176069159060717,0.0181037969887257,0.0180981457233429,0.0166848637163639,0.0177571419626474,0.0177113879472017,0.0169721767306328,0.0178510341793299,0.0175794884562492,0.0184311103075743,0.0178840048611164,0.0181832872331142,0.0175273064523935,0.0166443642228842,0.0146403964608908,0.0177478082478046,0.0175761301070452,0.0151842962950468,0.0157128814607859,0.0156588573008776,0.017761304974556,0.0155888767912984,0.0172839928418398,0.018169118091464,0.0165879968553782,0.0167055167257786,0.0160992816090584,0.0170210264623165,0.0176535900682211,0.0163671541959047,0.0157162416726351,0.018560079857707,0.017040278762579,0.0162057019770145,0.0176973715424538,0.0171766206622124,0.0159902162849903,0.0154100339859724,0.0166339911520481,0.0155868725851178,0.0169028379023075,0.0162817966192961,0.0175157990306616,0.0188817884773016,0.0131101785227656,0.017471082508564,0.0170914437621832,
1168.0,0.0166142154484987,0.017840713262558,0.0183218661695719,0.0183351878076792,0.0168977603316307,0.01798583753407,0.0179344117641449,0.0171915963292122,0.0180765558034182,0.0178104881197214,0.018667321652174,0.018114872276783,0.018412571400404,0.0177485123276711,0.0168625451624393,0.014834743924439,0.0179753862321377,0.0177946574985981,0.0153818158432841,0.0159155875444412,0.015860304236412,0.0179954785853624,0.0157887972891331,0.0175107643008232,0.0184062384068966,0.0168033856898546,0.0169213693588972,0.0163095220923424,0.0172426253557205,0.0178790260106325,0.0165823493152857,0.0159236434847116,0.0187988970428705,0.0172579549252987,0.016414949670434,0.0179200973361731,0.0173974484205246,0.0161979533731937,0.015610876493156,0.0168525334447622,0.0157854333519936,0.0171194933354855,0.0164894349873066,0.0177327319979668,0.019127581268549,0.0132751641795039,0.0177024435251951,0.0173082239925861,
1169.0,0.0167854800820351,0.0180288907140493,0.0185069087892771,0.0185235645622015,0.0170701630413532,0.018170116469264,0.0181178748607636,0.0173686239868402,0.0182620286941528,0.017996434122324,0.0188599415123463,0.0183011684566736,0.0186033938080072,0.0179340578615665,0.0170391071587801,0.0149920405820012,0.0181624684482813,0.0179783198982477,0.015546134673059,0.0160848926752806,0.0160266142338514,0.0181833505630493,0.0159506108611822,0.0176944825798273,0.0185964945703745,0.0169817022979259,0.0170983094722033,0.0164817329496145,0.0174170900136232,0.0180643759667873,0.0167549904435873,0.0160888377577066,0.0189966838806868,0.0174382738769054,0.0165850277990103,0.0181033909320831,0.0175754297524691,0.0163670927286148,0.015771672129631,0.0170286428183317,0.0159503109753132,0.0172977223992348,0.0166584867984056,0.0179131552577019,0.019325440749526,0.0134127521887422,0.0178884770721197,0.0174880530685186,
1170.0,0.0169055927544832,0.0181646626442671,0.0186484232544899,0.018655851483345,0.0171922538429499,0.0183038376271725,0.0182539913803339,0.017496332526207,0.0183948911726475,0.0181316770613194,0.0190052315592766,0.0184335727244616,0.0187477711588144,0.0180776286870241,0.0171669889241457,0.01510517206043,0.0183034762740135,0.0181180126965046,0.015671057626605,0.0162110272794962,0.0161540228873491,0.0183185134083033,0.0160645823925734,0.0178241077810526,0.018735159188509,0.0171169154345989,0.0172329153865576,0.0166099313646555,0.0175382643938065,0.0181958321481943,0.0168799683451653,0.0162041299045086,0.0191433727741241,0.0175733286887407,0.0167067591100931,0.0182336959987879,0.0177051853388548,0.0164921041578054,0.0158884972333908,0.0171577371656895,0.0160711482167244,0.0174278654158115,0.01678566634655,0.0180494915693998,0.0194647684693336,0.0135200042277575,0.0180258825421333,0.0176182668656111,
1171.0,0.0170044619590044,0.0182749927043915,0.0187572203576565,0.0187665615230799,0.0172937978059053,0.018411248922348,0.0183634459972382,0.0176022667437792,0.0185023136436939,0.0182426571846008,0.0191167965531349,0.0185413584113121,0.0188612807542086,0.0181905701756477,0.017269529402256,0.0151983769610524,0.0184150245040655,0.0182259120047092,0.015770161524415,0.0163131821900606,0.0162538085132837,0.0184292048215866,0.0161590725183487,0.0179337132722139,0.0188468359410763,0.0172229502350092,0.0173365566879511,0.0167117584496737,0.0176373515278101,0.0183056835085154,0.0169803239405155,0.016300717368722,0.0192596931010485,0.0176804065704346,0.0168045870959759,0.0183418858796358,0.0178089886903763,0.0165927205234766,0.0159837007522583,0.0172613952308893,0.0161680281162262,0.0175325032323599,0.0168858915567398,0.018156860023737,0.019577668979764,0.0136044900864363,0.0181345902383327,0.0177235044538975,
1172.0,0.017067689448595,0.0183443166315556,0.0188235212117434,0.0188356321305037,0.0173593144863844,0.0184794943779707,0.0184363387525082,0.0176698993891478,0.0185695663094521,0.0183130633085966,0.0191836785525084,0.0186086092144251,0.0189354754984379,0.0182601474225521,0.0173311401158571,0.0152581101283431,0.0184850879013538,0.0182923395186663,0.0158360879868269,0.0163829308003187,0.016320314258337,0.0184989292174578,0.0162213612347841,0.0180063396692276,0.0189127195626497,0.0172917265444994,0.0173945371061563,0.0167781990021467,0.0176956653594971,0.0183811392635107,0.0170408077538013,0.016362713649869,0.0193368326872587,0.0177512671798468,0.0168609339743853,0.0184147115796804,0.0178712662309408,0.0166568793356419,0.0160416830331087,0.0173263344913721,0.016230545938015,0.0175998769700527,0.0169473700225353,0.0182248558849096,0.0196471773087978,0.0136596569791436,0.0182001143693924,0.0177917275577784,
1173.0,0.0171020347625017,0.0183886680752039,0.0188633613288403,0.0188766438513994,0.017401983961463,0.01851661875844,0.0184772908687592,0.0177099462598562,0.0186088979244232,0.0183541420847178,0.0192196536809206,0.0186506081372499,0.0189752690494061,0.0183088183403015,0.0173697676509619,0.015294061973691,0.018528638407588,0.0183329470455647,0.0158746968954802,0.0164268966764212,0.0163546167314053,0.0185383968055248,0.0162577368319035,0.0180526208132505,0.0189507436007261,0.0173310562968254,0.0174344535917044,0.0168150048702955,0.017727617174387,0.018426451832056,0.0170750897377729,0.016398599371314,0.0193790104240179,0.0177924390882254,0.0169001892209053,0.01845907792449,0.0179036948829889,0.0166959017515183,0.0160733293741941,0.0173642039299011,0.0162679813802242,0.0176402572542429,0.016980642452836,0.0182662550359964,0.0196881722658873,0.0136937210336328,0.0182393491268158,0.0178350284695625,
1174.0,0.0171199813485146,0.0184055678546429,0.0188787300139666,0.0188971012830734,0.0174211803823709,0.0185314733535051,0.0184965822845697,0.0177319012582302,0.0186241175979376,0.0183808300644159,0.0192302279174328,0.0186679307371378,0.0189876295626163,0.0183301419019699,0.0173917412757874,0.0153131950646639,0.0185422897338867,0.0183515027165413,0.0158905182033777,0.0164476148784161,0.0163694005459547,0.0185613203793764,0.0162726975977421,0.0180754363536835,0.0189737845212221,0.0173484086990356,0.0174518004059792,0.0168289560824633,0.0177439879626036,0.0184427052736282,0.0170905627310276,0.0164149254560471,0.0193933080881834,0.017808023840189,0.0169180203229189,0.0184779986739159,0.0179169829934835,0.0167090855538845,0.0160926356911659,0.0173786245286465,0.016287736594677,0.0176608040928841,0.0169957857578993,0.0182819776237011,0.0197060890495777,0.0137065276503563,0.0182532463222742,0.0178498812019825,
1175.0,0.0171205420047045,0.0183986742049456,0.018871258944273,0.0188934206962585,0.0174158792942762,0.0185226034373045,0.0184904802590609,0.0177261140197515,0.0186185408383608,0.0183841213583946,0.0192117486149073,0.0186607874929905,0.0189757645130157,0.0183241907507181,0.017388604581356,0.0153101859614253,0.0185345858335495,0.0183478482067585,0.0158885940909386,0.0164472237229347,0.0163626130670309,0.0185595117509365,0.0162673722952604,0.0180761646479368,0.0189732313156128,0.0173449777066708,0.0174444690346718,0.0168219190090895,0.0177387036383152,0.0184404272586107,0.0170797239989042,0.0164132099598646,0.019385002553463,0.0178013350814581,0.016911992803216,0.018472496420145,0.0179141610860825,0.0167021676898003,0.0160909313708544,0.0173720251768827,0.016285128891468,0.0176535062491894,0.0169873107224703,0.0182708371430635,0.0196993257850409,0.0137043716385961,0.0182483308017254,0.0178424473851919,
1176.0,0.0171059630811214,0.018375201150775,0.0188459232449532,0.0188676230609417,0.0173891577869654,0.0184960439801216,0.0184622518718243,0.0177049338817596,0.0185942482203245,0.0183648355305195,0.0191807672381401,0.0186382103711367,0.0189506728202105,0.0183046013116837,0.0173709373921156,0.0152934631332755,0.0185112562030554,0.018329156562686,0.0158755257725716,0.0164306163787842,0.0163412056863308,0.0185378585010767,0.0162457246333361,0.0180551335215569,0.0189527068287134,0.0173258539289236,0.0174222160130739,0.0167999155819416,0.017714835703373,0.0184161867946386,0.0170579589903355,0.0163932498544455,0.0193642880767584,0.017779553309083,0.0168933272361755,0.0184506271034479,0.0178952123969793,0.0166804324835539,0.0160705596208572,0.0173499695956707,0.0162696968764067,0.0176338087767363,0.0169670507311821,0.0182469412684441,0.0196763630956411,0.0136905470862985,0.0182230677455664,0.0178215429186821,
1177.0,0.0170704126358032,0.0183200407773256,0.0187943335622549,0.0188056174665689,0.0173262860625982,0.018438596278429,0.0183991435915232,0.0176521986722946,0.0185416731983423,0.0183147303760052,0.0191217120736837,0.0185879245400429,0.0188943296670914,0.0182566307485104,0.0173296052962542,0.0152505477890372,0.0184575635939837,0.0182910989969969,0.0158417820930481,0.0163878817111254,0.0162942092865705,0.0184853225946426,0.0161940101534128,0.0179973803460598,0.0189031008630991,0.0172808654606342,0.0173757839947939,0.0167507063597441,0.0176638420671225,0.0183562953025103,0.0170075017958879,0.0163421574980021,0.0193178821355104,0.0177299436181784,0.0168519914150238,0.0183983985334635,0.0178528912365437,0.0166305005550385,0.0160233024507761,0.0172998905181885,0.0162329059094191,0.0175889208912849,0.0169232506304979,0.0181954689323902,0.0196255538612604,0.0136559661477804,0.0181675534695387,0.017773162573576,
1178.0,0.0170287471264601,0.0182696077972651,0.0187419950962067,0.0187496915459633,0.0172734633088112,0.0183851849287748,0.0183441638946533,0.0176025591790676,0.0184877216815948,0.0182658117264509,0.0190636664628983,0.0185360983014107,0.0188456997275352,0.0182098764926195,0.0172873847186565,0.0152115831151605,0.0184079837054014,0.0182437747716904,0.0158053990453482,0.0163460094481707,0.0162488278001547,0.0184353347867727,0.0161506030708551,0.0179497580975294,0.0188548415899277,0.0172396060079336,0.0173285137861967,0.0167045220732689,0.0176124647259712,0.0183032043278217,0.0169652383774519,0.0162998270243406,0.019269036129117,0.0176826845854521,0.0168072767555714,0.0183471851050854,0.017805527895689,0.016582116484642,0.0159765109419823,0.0172518882900476,0.0161935091018677,0.0175434425473213,0.0168775580823421,0.018145140260458,0.0195746794342995,0.0136207425966859,0.0181154757738113,0.0177265498787165,
1179.0,0.0169654097408056,0.018199285492301,0.018663527444005,0.0186717417091131,0.017200093716383,0.0183108653873205,0.0182632189244032,0.0175344944000244,0.0184097904711962,0.018190199509263,0.0189829897135496,0.0184643473476171,0.0187827926129103,0.0181427393108606,0.0172237325459719,0.0151543263345957,0.018341202288866,0.018167132511735,0.0157522801309824,0.0162815265357494,0.016182903200388,0.0183615572750568,0.0160930790007114,0.0178834442049265,0.0187813509255648,0.0171788204461336,0.0172575954347849,0.0166391097009182,0.0175367705523968,0.0182301215827465,0.0169114246964455,0.0162420179694891,0.019200973212719,0.0176160223782063,0.0167408585548401,0.0182728115469217,0.0177381057292223,0.0165175423026085,0.015905074775219,0.0171848032623529,0.0161339100450277,0.0174766574054956,0.0168111678212881,0.0180715043097734,0.0195012632757425,0.0135712036862969,0.0180397517979145,0.0176610220223665,
1180.0,0.0169107411056757,0.0181398447602987,0.0185998063534498,0.0186042096465826,0.0171379838138819,0.0182471182197332,0.0181994400918484,0.0174734964966774,0.0183436535298824,0.0181285925209522,0.0189155898988247,0.0183975007385015,0.0187243092805147,0.0180847980082035,0.0171676650643349,0.0151090072467923,0.0182808339595795,0.0181068349629641,0.0157051496207714,0.0162306912243366,0.016128446906805,0.0182996597141027,0.0160394702106714,0.0178261213004589,0.0187217406928539,0.0171267576515675,0.0171988233923912,0.0165844447910786,0.0174750443547964,0.0181670375168324,0.0168591476976871,0.0161914452910423,0.0191402155905962,0.0175580829381943,0.0166856609284878,0.0182132571935654,0.017677029594779,0.0164575278759003,0.0158498715609312,0.0171266701072454,0.0160820856690407,0.0174197051674128,0.0167563818395138,0.0180151574313641,0.0194382295012474,0.0135268503800035,0.0179787427186966,0.0176057424396276,
1181.0,0.0168295130133629,0.018059691414237,0.0185196064412594,0.0185116622596979,0.0170606877654791,0.018163776025176,0.0181238129734993,0.0173844825476408,0.0182520002126694,0.018046235665679,0.0188279561698437,0.0182989090681076,0.0186447314918041,0.0180032718926668,0.0170882493257523,0.0150492563843727,0.0181973520666361,0.0180243402719498,0.0156334340572357,0.0161618422716856,0.0160550717264414,0.0182165298610926,0.0159663986414671,0.017751170322299,0.0186440479010344,0.0170578416436911,0.0171198230236769,0.0165110751986504,0.0173926874995232,0.0180812887847424,0.0167857818305492,0.0161234363913536,0.0190501604229212,0.0174776222556829,0.0166081413626671,0.0181304384022951,0.0175847727805376,0.0163678806275129,0.0157786924391985,0.0170469805598259,0.0160062666982412,0.0173400547355413,0.0166792310774326,0.0179412942379713,0.0193529631942511,0.0134630249813199,0.0179002434015274,0.0175308473408222,
1182.0,0.0167909488081932,0.0180192850530148,0.0184728521853685,0.0184666384011507,0.0170170795172453,0.0181172098964453,0.018080297857523,0.0173426754772663,0.0182057172060013,0.0180053636431694,0.0187793169170618,0.0182508789002895,0.0186028610914946,0.0179637689143419,0.017050676047802,0.0150199942290783,0.0181536339223385,0.017981979995966,0.0156011125072837,0.0161283928900957,0.0160190630704165,0.0181733574718237,0.0159295368939638,0.0177121181041002,0.0186030175536871,0.0170231461524963,0.0170805919915438,0.0164732038974762,0.0173500794917345,0.0180380940437317,0.0167497936636209,0.0160910654813051,0.019006846472621,0.0174385216087103,0.0165697429329157,0.0180917885154486,0.0175410863012075,0.0163268558681011,0.0157413072884083,0.0170051883906126,0.0159716997295618,0.0173011738806963,0.0166424959897995,0.0179041847586632,0.0193071011453867,0.0134302042424679,0.0178592540323734,0.0174912828952074,
1183.0,0.0167528372257948,0.0179774388670921,0.0184156894683838,0.0184222850948572,0.0169664695858955,0.0180654972791672,0.0180318430066109,0.0173016395419836,0.0181602481752634,0.0179617516696453,0.0187296830117702,0.0182032715529203,0.0185534339398146,0.0179228708148003,0.0170110035687685,0.0149891553446651,0.0181056782603264,0.0179350543767214,0.0155686317011714,0.01609349809587,0.0159816462546587,0.0181262064725161,0.0158869996666908,0.0176631696522236,0.0185573920607567,0.0169820711016655,0.0170400552451611,0.0164309553802013,0.0173073429614306,0.017993189394474,0.0167066939175129,0.016055766493082,0.0189623795449734,0.0173975229263306,0.0165296327322721,0.0180616453289986,0.0174991097301245,0.0162908360362053,0.0157051421701908,0.0169611163437366,0.0159364994615316,0.0172599032521248,0.0166087355464697,0.0178700387477875,0.0192537046968937,0.0133923925459385,0.0178164821118116,0.0174472350627184,
1184.0,0.0167531594634056,0.0179773513227701,0.0184111092239618,0.0184208918362856,0.0169604606926441,0.018057694658637,0.0180271379649639,0.0173022374510765,0.018157072365284,0.0179622434079647,0.0187217406928539,0.0181974992156029,0.0185499880462885,0.01792336627841,0.0170104056596756,0.0149934226647019,0.0181010626256466,0.0179378222674131,0.0155723942443728,0.0160984490066767,0.0159837175160646,0.0181241892278194,0.0158843453973532,0.0176647827029228,0.0185560043901205,0.0169825199991465,0.0170393865555525,0.0164323151111603,0.017304889857769,0.0179923716932535,0.0167062487453222,0.0160580463707447,0.0189631748944521,0.0173982754349709,0.0165310017764568,0.0180629529058933,0.0174978636205196,0.0162884779274464,0.0157042201608419,0.0169578082859516,0.0159390680491924,0.0172609500586987,0.016610948368907,0.0178738012909889,0.0192505195736885,0.0133918449282646,0.0178159233182669,0.017446743324399,
1185.0,0.016784904524684,0.0180081315338612,0.0184414349496365,0.0184586718678474,0.0169865470379591,0.0180768854916096,0.018050653859973,0.0173411201685667,0.0181858576834202,0.0179967768490314,0.0187378581613302,0.0182270519435406,0.01857715472579,0.0179551970213652,0.0170437097549438,0.0150245344266295,0.0181247126311064,0.0179771482944489,0.0156036773696542,0.0161325391381979,0.016016336157918,0.0181554462760687,0.015914898365736,0.0177035052329302,0.018582671880722,0.0170112140476704,0.0170712098479271,0.0164653323590755,0.0173325315117836,0.0180283728986979,0.016740333288908,0.0160893891006708,0.0189978089183569,0.0174313895404339,0.0165662001818419,0.0180879235267639,0.0175312906503677,0.0163199864327908,0.0157299004495144,0.0169827248901129,0.0159735828638077,0.0172947775572538,0.0166431814432144,0.0179046094417572,0.0192807782441378,0.0134185720235109,0.0178455654531717,0.0174727328121662,
1186.0,0.0168378725647926,0.0180642604827881,0.0184954889118671,0.018516942858696,0.0170355550944805,0.0181282721459866,0.0181016214191914,0.0173988062888384,0.0182431004941463,0.0180563349276781,0.0187900699675083,0.0182829722762108,0.0186329856514931,0.0180130992084742,0.0170973539352417,0.0150733022019267,0.0181788355112076,0.0180384367704391,0.0156583804637194,0.0161894764751196,0.0160708166658878,0.0182120427489281,0.0159636754542589,0.0177634060382843,0.0186400916427374,0.017066478729248,0.0171250570565462,0.0165204368531704,0.0173853673040867,0.0180842969566584,0.0167928673326969,0.0161428991705179,0.0190602000802755,0.0174885522574186,0.0166195314377546,0.0181440431624651,0.0175876263529062,0.0163709353655577,0.0157761089503765,0.0170338060706854,0.0160288363695145,0.0173521284013987,0.0166955571621656,0.0179602801799774,0.0193395558744669,0.0134622054174542,0.0179012939333916,0.0175277329981327,
1187.0,0.0169311296194792,0.0181631986051798,0.0186034552752972,0.0186153315007687,0.0171281509101391,0.0182315353304148,0.0181996040046215,0.0174982734024525,0.0183479227125645,0.0181617438793182,0.0188963115215302,0.0183834843337536,0.0187337100505829,0.0181130915880203,0.0171856954693794,0.015154036693275,0.0182842686772347,0.0181514620780945,0.0157527662813663,0.0162910651415586,0.0161692313849926,0.0183154605329037,0.016047541052103,0.0178739111870527,0.0187442135065794,0.0171658229082823,0.017219165340066,0.0166217014193535,0.0174848921597004,0.0181804969906807,0.0168819781392813,0.0162362270057201,0.0191747006028891,0.0175911299884319,0.016711950302124,0.0182428564876318,0.0176879204809666,0.0164532605558634,0.0158585775643587,0.0171309076249599,0.0161221455782652,0.0174546856433153,0.0167837962508202,0.0180607810616493,0.019453277811408,0.0135429175570607,0.018004797399044,0.0176351722329855,
1188.0,0.0170227121561766,0.0182633269578218,0.0187035910785198,0.0187152195721865,0.017219165340066,0.0183292608708143,0.0182957854121923,0.0175935216248035,0.018449941650033,0.0182648412883282,0.0189967397600412,0.0184820145368576,0.0188375320285559,0.0182148646563292,0.017277916893363,0.0152395702898502,0.0183826740831137,0.0182578694075346,0.0158453322947025,0.0163869019597769,0.0162612739950418,0.0184162463992834,0.0161325056105852,0.0179763901978731,0.0188498757779598,0.017262727022171,0.017312329262495,0.0167174581438303,0.017578698694706,0.0182791333645582,0.0169730149209499,0.0163263473659754,0.0192819181829691,0.0176885761320591,0.016804551705718,0.0183406975120306,0.0177844446152449,0.0165406800806522,0.0159427728503942,0.0172234252095222,0.0162144619971514,0.0175523795187473,0.0168748795986176,0.0181575641036034,0.0195592232048512,0.0136201176792383,0.018102990463376,0.0177345704287291,
1189.0,0.0171454083174467,0.0184014141559601,0.018833301961422,0.0188524462282658,0.0173423029482365,0.0184620078653097,0.0184269212186337,0.0177188627421856,0.0185893587768078,0.0184032171964645,0.0191355366259813,0.0186181496828794,0.0189858954399824,0.0183554328978062,0.0174049641937017,0.0153545644134283,0.0185117553919554,0.0183944795280695,0.0159686170518398,0.016512967646122,0.0163825135678053,0.0185516681522131,0.0162496324628592,0.018107196316123,0.0189972314983606,0.0173947270959616,0.0174368266016245,0.0168441217392683,0.0177043918520212,0.0184123329818249,0.0170949399471283,0.0164456740021706,0.0194227062165737,0.0178141705691814,0.0169260110706091,0.0184772778302431,0.0179141834378242,0.0166641380637884,0.0160565711557865,0.0173468310385942,0.0163376796990633,0.0176851637661457,0.016998928040266,0.0182837899774313,0.0196985471993685,0.0137221235781908,0.0182326808571815,0.0178649295121431,
1190.0,0.017264686524868,0.0185360126197338,0.0189557839184999,0.0189838819205761,0.0174632668495178,0.0185952875763178,0.0185548160225153,0.0178398191928864,0.0187274217605591,0.0185389127582312,0.0192727260291576,0.0187519378960133,0.0191244371235371,0.018493540585041,0.0175313930958509,0.015467818826437,0.0186453741043806,0.0185255017131567,0.0160922724753618,0.0166329983621836,0.0164974089711905,0.0186839215457439,0.0163619052618742,0.0182322636246681,0.0191417764872313,0.0175215434283018,0.0175619795918465,0.0169628281146288,0.0178251899778843,0.0185422208160162,0.0172172337770462,0.0165643058717251,0.0195599086582661,0.0179442185908556,0.0170466490089893,0.0186126176267862,0.0180391985923052,0.016785329207778,0.0161695722490549,0.0174693185836077,0.0164602845907211,0.0178081952035427,0.0171200726181269,0.018410000950098,0.0198336318135262,0.013817872852087,0.0183607842773199,0.0179920066148043,
1191.0,0.0173478275537491,0.0186245553195477,0.0190432220697403,0.0190743319690228,0.017544437199831,0.0186821594834328,0.0186430457979441,0.0179237369447947,0.0188172087073326,0.0186305940151215,0.0193652715533972,0.0188421010971069,0.0192194972187281,0.0185854062438011,0.0176183190196753,0.0155480913817883,0.0187358614057302,0.0186143107712269,0.0161754731088877,0.0167143177241087,0.0165783800184727,0.018774351105094,0.0164379850029945,0.0183207355439663,0.0192371793091297,0.0176114067435265,0.0176468249410391,0.0170441325753927,0.017908675596118,0.0186320375651121,0.0173004232347012,0.0166461318731308,0.0196562241762877,0.0180314611643553,0.0171292144805193,0.0187021587044001,0.0181259959936142,0.0168682243674994,0.0162482149899006,0.0175534505397081,0.0165429729968309,0.0178919322788715,0.0172037500888109,0.0184965934604406,0.0199281238019466,0.0138856340199709,0.0184478983283043,0.0180805288255215,
1192.0,0.0174364671111107,0.0187161900103092,0.0191375184804201,0.0191715341061354,0.017630934715271,0.0187678132206202,0.0187375787645578,0.0180117189884186,0.0189066920429468,0.0187269393354654,0.0194587539881468,0.0189333520829678,0.0193207506090403,0.0186811070889235,0.017713900655508,0.0156402755528688,0.0188280455768108,0.0187054127454758,0.0162598583847284,0.0167942047119141,0.0166616514325142,0.0188687052577734,0.0165173429995775,0.0184125788509846,0.0193383507430553,0.0177066158503294,0.0177364684641361,0.0171273052692413,0.0179947502911091,0.018731078132987,0.0173909012228251,0.0167302526533604,0.019755344837904,0.0181208271533251,0.0172200407832861,0.018791776150465,0.0182165876030922,0.0169590078294277,0.0163361020386219,0.0176403485238552,0.0166294127702713,0.0179766286164522,0.017296651378274,0.0185876749455929,0.0200269427150488,0.0139573169872165,0.0185370109975338,0.0181705001741648,
1193.0,0.0174639895558357,0.0187450628727674,0.0191649328917265,0.0192004833370447,0.0176553037017584,0.0187947675585747,0.0187658108770847,0.0180376172065735,0.018934603780508,0.0187541022896767,0.0194872543215752,0.0189629048109055,0.0193523466587067,0.0187120456248522,0.0177426263689995,0.0156689658761024,0.0188571661710739,0.0187342204153538,0.0162904355674982,0.0168230924755335,0.016688147559762,0.0188989657908678,0.0165442246943712,0.0184430405497551,0.0193669050931931,0.017737090587616,0.0177644025534391,0.0171528570353985,0.0180198922753334,0.0187614727765322,0.017418822273612,0.0167586747556925,0.0197880305349827,0.0181498434394598,0.0172471478581429,0.0188200362026691,0.018243495374918,0.0169845558702946,0.0163621697574854,0.0176691301167011,0.0166552755981684,0.0180016178637743,0.0173231177031994,0.0186174474656582,0.0200573708862066,0.0139811644330621,0.0185656230896711,0.0182002410292625,
1194.0,0.017457339912653,0.0187327489256859,0.0191561970859766,0.0191877763718367,0.0176405310630798,0.0187862850725651,0.0187571458518505,0.0180288627743721,0.0189223922789097,0.0187364295125008,0.0194787550717592,0.018955796957016,0.0193396750837564,0.0186992455273867,0.0177310872823,0.0156599599868059,0.0188531335443258,0.018721628934145,0.0162869580090046,0.0168183837085962,0.0166811626404524,0.0188914593309164,0.0165397152304649,0.0184389967471361,0.0193461142480373,0.017730874940753,0.0177570730447769,0.0171418190002441,0.0180105809122324,0.0187508799135685,0.0174098070710897,0.0167551096528769,0.0197856929153204,0.0181460417807102,0.0172342378646135,0.0188102927058935,0.0182344429194927,0.0169704761356115,0.0163525696843863,0.0176656525582075,0.0166435874998569,0.0179861020296812,0.0173092558979988,0.0186136718839407,0.0200517699122429,0.0139768701046705,0.0185588970780373,0.0181981008499861,
1195.0,0.0174151994287968,0.0186846498399973,0.0191090721637011,0.0191406384110451,0.0175959188491106,0.0187382809817791,0.0187095496803522,0.0179834924638271,0.018873592838645,0.0186901781708002,0.0194303598254919,0.0189112741500139,0.0192913301289082,0.0186559669673443,0.0176890846341848,0.0156238088384271,0.0188080798834562,0.0186777766793966,0.0162525251507759,0.0167823601514101,0.0166442543268204,0.0188465379178524,0.0164999831467867,0.0183980446308851,0.0192952211946249,0.0176907703280449,0.0177134331315756,0.017099542543292,0.0179658532142639,0.0187053624540567,0.0173674765974283,0.0167193077504635,0.0197399277240038,0.0181017015129328,0.0171935316175222,0.0187646746635437,0.0181893538683653,0.0169273819774389,0.0163134299218655,0.0176252722740173,0.0166020207107067,0.0179436951875687,0.0172659084200859,0.0185700412839651,0.0200019348412752,0.0139454919844866,0.0185156334191561,0.0181549321860075,
1196.0,0.0173128060996532,0.0185773558914661,0.0189961139112711,0.0190314128994942,0.0174936316907406,0.0186271425336599,0.0185965914279222,0.0178774036467075,0.0187635999172926,0.0185823701322079,0.0193153191357851,0.0188063438981771,0.0191793888807297,0.0185577385127544,0.0175874922424555,0.0155346356332302,0.018695205450058,0.0185787528753281,0.0161659009754658,0.0166974253952503,0.016554107889533,0.0187406800687313,0.0164082478731871,0.018296318128705,0.0191792473196983,0.0175898000597954,0.0176089964807034,0.0170023869723082,0.0178606733679771,0.0185991115868092,0.0172670241445303,0.0166304167360067,0.0196256134659052,0.0179934427142143,0.0170973837375641,0.0186586249619722,0.0180799253284931,0.0168268177658319,0.016219699755311,0.0175272114574909,0.0165029186755419,0.0178473573178053,0.0171638932079077,0.0184640139341354,0.0198816824704409,0.0138679509982467,0.018412783741951,0.0180486086755991,
1197.0,0.0172277558594942,0.018484266474843,0.018902488052845,0.0189372263848782,0.0174085851758718,0.0185348596423864,0.0185026824474335,0.0177855622023344,0.0186691358685493,0.018490931019187,0.0192176382988691,0.0187136270105839,0.0190837699919939,0.0184670928865671,0.0175021179020405,0.0154589768499136,0.0186035316437483,0.018488822504878,0.0160915348678827,0.0166199300438166,0.0164741426706314,0.018647463992238,0.0163284726440907,0.0182093773037195,0.0190837923437357,0.0175033155828714,0.0175211429595947,0.0169184692203999,0.0177705697715282,0.0185065269470215,0.0171824991703033,0.0165513977408409,0.0195278469473124,0.0179038234055042,0.017016002908349,0.0185664445161819,0.0179909504950047,0.0167411509901285,0.0161395706236362,0.0174408592283726,0.0164215657860041,0.017762552946806,0.0170788560062647,0.0183747857809067,0.019780196249485,0.0138029884546995,0.0183230079710484,0.0179578978568316,
1198.0,0.0170894656330347,0.0183300022035837,0.0187545865774155,0.0187841039150953,0.017277080565691,0.0183877348899841,0.0183526631444693,0.0176355969160795,0.0185138732194901,0.0183499492704868,0.0190609246492386,0.0185618661344051,0.0189266409724951,0.0183159206062555,0.0173682887107134,0.0153368068858981,0.0184562914073467,0.0183403622359037,0.0159671902656555,0.0164891071617603,0.0163461584597826,0.0184932444244623,0.0161926988512278,0.018067630007863,0.0189324636012316,0.0173639804124832,0.0173793043941259,0.0167826041579247,0.0176265183836222,0.0183555632829666,0.0170441064983606,0.0164228584617376,0.019369101151824,0.0177570004016161,0.0168883427977562,0.0184158533811569,0.0178517233580351,0.0166046787053347,0.016010332852602,0.0172992181032896,0.0162930842489004,0.0176291521638632,0.0169454123824835,0.0182302352041006,0.0196157265454531,0.0136973662301898,0.0181758590042591,0.0178084503859282,
1199.0,0.0170060750097036,0.0182349160313606,0.0186606906354427,0.0186905916780233,0.0171904806047678,0.0182921160012484,0.0182578917592764,0.0175453815609217,0.0184190850704908,0.0182583220303059,0.0189630519598722,0.0184662006795406,0.0188305750489235,0.0182225350290537,0.0172817502170801,0.0152607383206487,0.0183666944503784,0.0182482469826937,0.0158908255398273,0.0164068657904863,0.0162640549242496,0.0183984134346247,0.0161109585314989,0.0179788544774055,0.0188404452055693,0.0172772910445929,0.0172905884683132,0.0166975613683462,0.0175369195640087,0.0182610135525465,0.0169600527733564,0.0163399409502745,0.0192692875862122,0.0176676716655493,0.0168053079396486,0.0183227434754372,0.0177629515528679,0.0165209267288446,0.0159306339919567,0.0172100104391575,0.0162125267088413,0.0175424050539732,0.016860481351614,0.0181379020214081,0.0195143334567547,0.0136307841166854,0.01808494143188,0.0177167821675539,
1200.0,0.0169297121465206,0.0181451085954905,0.0185677949339151,0.0185998342931271,0.0171024017035961,0.018198549747467,0.0181670747697353,0.0174590460956097,0.018329119309783,0.0181612446904182,0.0188667718321085,0.0183671303093433,0.0187378469854593,0.0181274823844433,0.0171929653733969,0.0151840038597584,0.0182816218584776,0.0181529391556978,0.0158173218369484,0.0163205023854971,0.0161732919514179,0.0183045286685228,0.0160355996340513,0.0178917217999697,0.0187584068626165,0.0171879213303328,0.017205597832799,0.0166135057806969,0.0174470152705908,0.0181654617190361,0.0168807078152895,0.0162490233778954,0.0191675573587418,0.0175855755805969,0.0167184993624687,0.0182322934269905,0.0176760051399469,0.0164379216730595,0.0158514957875013,0.0171174611896276,0.0161337628960609,0.0174499787390232,0.0167747940868139,0.0180454086512327,0.0194156710058451,0.0135635621845722,0.017994899302721,0.017627177760005,
1201.0,0.0168867371976376,0.0180950108915567,0.0185177959501743,0.0185509826987982,0.0170545969158411,0.0181463677436113,0.0181155689060688,0.0174120832234621,0.0182808600366116,0.0181112699210644,0.0188141744583845,0.0183152686804533,0.0186895933002234,0.0180752314627171,0.0171451848000288,0.0151440128684044,0.0182376820594072,0.0181033965200186,0.0157764721661806,0.0162758585065603,0.0161286182701588,0.0182539690285921,0.0159937851130962,0.017842585220933,0.0187106449157,0.0171419680118561,0.0171576850116253,0.0165680404752493,0.01739970035851,0.0181150604039431,0.0168384723365307,0.0162030570209026,0.019114138558507,0.0175396353006363,0.0166732482612133,0.018181636929512,0.0176289919763803,0.0163948498666286,0.0158097930252552,0.0170692410320044,0.016092287376523,0.0174011178314686,0.0167300421744585,0.0179961640387774,0.0193630699068308,0.013529566116631,0.0179460328072309,0.0175793971866369,
1202.0,0.0168732106685638,0.0180777832865715,0.0185003578662872,0.0185389835387468,0.0170328244566917,0.0181199312210083,0.0180919524282217,0.0174032803624868,0.0182688888162375,0.0180973224341869,0.018798116594553,0.0183004792779684,0.0186794940382242,0.0180582609027624,0.0171265173703432,0.015134634450078,0.0182320605963469,0.018091157078743,0.0157608836889267,0.0162595827132463,0.016119385138154,0.0182409398257732,0.0159804001450539,0.017820306122303,0.0186945963650942,0.0171324387192726,0.0171378888189793,0.0165533982217312,0.0173893198370934,0.0181011557579041,0.016827130690217,0.0161902625113726,0.019100034609437,0.0175246763974428,0.0166590251028538,0.0181655194610357,0.0176127254962921,0.0163873620331287,0.0157997589558363,0.0170560292899609,0.0160804260522127,0.0173833444714546,0.0167159494012594,0.0179768837988377,0.0193512160331011,0.0135217709466815,0.0179306529462337,0.0175685454159975,
1203.0,0.0168806333094835,0.0180822424590588,0.018506133928895,0.0185476262122393,0.0170351210981607,0.0181217268109322,0.0180960968136787,0.0174114219844341,0.0182770304381847,0.0181028340011835,0.0188036374747753,0.0183065347373486,0.0186894815415144,0.0180632546544075,0.0171302352100611,0.0151412561535835,0.0182420909404755,0.0180991496890783,0.0157657973468304,0.0162669792771339,0.0161269381642342,0.0182471908628941,0.0159867703914642,0.0178249105811119,0.0187006536871195,0.0171408783644438,0.0171421002596617,0.0165584366768599,0.0173962097615004,0.0181073769927025,0.0168369803577662,0.0161952879279852,0.0191061645746231,0.0175314769148827,0.0166621543467045,0.0181692522019148,0.0176172107458115,0.0163969397544861,0.0158075969666243,0.0170617494732141,0.0160879213362932,0.0173871833831072,0.0167231466621161,0.0179817173629999,0.019358878955245,0.0135273421183228,0.0179371200501919,0.0175755005329847,
1204.0,0.0169189777225256,0.0181202013045549,0.0185507498681545,0.0185916237533093,0.0170741379261017,0.0181643385440111,0.018138287588954,0.0174504313617945,0.0183215569704771,0.0181446149945259,0.0188462045043707,0.0183505248278379,0.0187356695532799,0.0181020703166723,0.0171703472733498,0.0151781141757965,0.018283212557435,0.0181433763355017,0.0158007256686687,0.0163095388561487,0.0161680988967419,0.0182887017726898,0.0160209015011787,0.0178642962127924,0.0187391061335802,0.0171820353716612,0.0171799473464489,0.0165994800627232,0.0174346566200256,0.0181520599871874,0.0168808363378048,0.0162334330379963,0.0191506315022707,0.0175712555646896,0.0166964046657085,0.0182061307132244,0.0176568347960711,0.0164402220398188,0.0158473122864962,0.0171027053147554,0.0161296203732491,0.0174302291125059,0.0167655479162931,0.0180237144231796,0.019404623657465,0.01355866715312,0.0179795473814011,0.0176165699958801,
1205.0,0.0169716142117977,0.0181777141988277,0.0186093412339687,0.0186518933624029,0.0171289425343275,0.0182252414524555,0.0181992817670107,0.0175049863755703,0.0183811951428652,0.018203966319561,0.0189042463898659,0.0184117648750544,0.0188015419989824,0.0181587841361761,0.0172242783010006,0.0152269033715129,0.0183430481702089,0.01820407807827,0.0158493742346764,0.0163717530667782,0.0162245370447636,0.0183453746140003,0.0160753689706326,0.0179220773279667,0.0187919419258833,0.0172414537519217,0.0172357074916363,0.016649354249239,0.0174912419170141,0.0182097535580397,0.0169390253722668,0.0162894725799561,0.0192130785435438,0.0176275596022606,0.0167490001767874,0.0182584151625633,0.0177112203091383,0.0164951831102371,0.015898909419775,0.0171589832752943,0.0161821227520704,0.0174825899302959,0.0168230943381786,0.0180863961577415,0.0194661635905504,0.0136038651689887,0.0180377718061209,0.0176727138459682,
1206.0,0.0170285198837519,0.0182382296770811,0.0186721403151751,0.018711943179369,0.0171858705580235,0.0182834938168526,0.0182593129575253,0.0175619851797819,0.0184419695287943,0.0182637143880129,0.0189662240445614,0.0184726249426603,0.0188648048788309,0.0182199329137802,0.0172805171459913,0.015277449041605,0.0184027180075645,0.0182661507278681,0.0159003734588623,0.0164291858673096,0.0162836201488972,0.0184050481766462,0.0161302722990513,0.0179841388016939,0.0188515316694975,0.0172987412661314,0.0172930378466845,0.0167024172842503,0.0175510067492723,0.0182699542492628,0.0169981643557549,0.0163440760225058,0.0192748513072729,0.0176859963685274,0.0168026406317949,0.0183146465569735,0.0177689399570227,0.0165493190288544,0.0159531105309725,0.017216794192791,0.0162382647395134,0.0175373125821352,0.0168838258832693,0.0181472022086382,0.0195288546383381,0.0136490184813738,0.0180930234491825,0.0177295729517937,
1207.0,0.0171097908169031,0.0183224119246006,0.0187568757683039,0.0187925007194281,0.017263151705265,0.0183631181716919,0.0183442533016205,0.0176392439752817,0.0185233484953642,0.0183426272124052,0.0190502293407917,0.0185544546693563,0.0189488660544157,0.0183068905025721,0.0173561479896307,0.0153438616544008,0.0184799078851938,0.0183499585837126,0.0159703958779573,0.0165076162666082,0.0163613650947809,0.0184856634587049,0.0162063222378492,0.0180742796510458,0.0189364701509476,0.0173736028373241,0.0173743329942226,0.0167722459882498,0.0176312774419785,0.0183507781475782,0.017078947275877,0.0164139047265053,0.0193562712520361,0.0177676621824503,0.0168733038008213,0.0183923318982124,0.0178472474217415,0.0166202932596207,0.0160265639424324,0.0172937884926796,0.0163153652101755,0.0176106784492731,0.0169681888073683,0.0182292927056551,0.0196115039288998,0.0137060526758432,0.0181669257581234,0.0178039539605379,
1208.0,0.0171793289482594,0.0183980222791433,0.0188373941928148,0.0188687331974506,0.0173365995287895,0.0184373930096626,0.0184194669127464,0.0177122335880995,0.0185985136777163,0.0184164755046368,0.0191306006163359,0.0186282377690077,0.0190239362418652,0.0183830410242081,0.0174297634512186,0.0154077215120196,0.018554050475359,0.018425976857543,0.0160380695015192,0.0165752805769444,0.0164330098778009,0.018561689183116,0.0162744764238596,0.0181517973542213,0.0190131571143866,0.0174454730004072,0.0174460392445326,0.0168434828519821,0.0177062973380089,0.0184246860444546,0.0171504933387041,0.0164844039827585,0.0194333791732788,0.0178398862481117,0.0169412214308977,0.0184660051018,0.0179196316748858,0.0166874509304762,0.0160936024039984,0.0173657648265362,0.0163812469691038,0.0176808834075928,0.0170384906232357,0.018304206430912,0.0196905843913555,0.013763478025794,0.0182387568056583,0.0178775694221258,
1209.0,0.0172463618218899,0.0184762552380562,0.0189206749200821,0.018943328410387,0.0174115840345621,0.0185090135782957,0.0184908472001553,0.0177870579063892,0.0186718571931124,0.018490994349122,0.0192152261734009,0.0187005456537008,0.0190951768308878,0.018458740785718,0.017507141456008,0.0154732717201114,0.0186290424317122,0.0185022372752428,0.0161066260188818,0.0166364833712578,0.0165093038231134,0.0186406429857016,0.0163435600697994,0.0182289332151413,0.0190902967005968,0.0175171066075563,0.0175163410604,0.0169185250997543,0.0177846718579531,0.0184969678521156,0.0172187127172947,0.0165596306324005,0.0195093471556902,0.0179092939943075,0.0170143321156502,0.01854233071208,0.0179947316646576,0.01675084233284,0.0161597188562155,0.0174410045146942,0.0164446085691452,0.0177481863647699,0.0171051733195782,0.0183785725384951,0.0197716951370239,0.013823633082211,0.0183073580265045,0.0179544016718864,
1210.0,0.017324049025774,0.0185598246753216,0.0190117731690407,0.0190302841365337,0.017496332526207,0.0185931958258152,0.0185738932341337,0.0178688019514084,0.0187586341053247,0.0185762923210859,0.0193046629428864,0.0187835320830345,0.0191801264882088,0.0185449942946434,0.0175887234508991,0.0155459465458989,0.0187158416956663,0.0185861978679895,0.016184575855732,0.0167111866176128,0.0165868420153856,0.0187252555042505,0.0164187252521515,0.0183130688965321,0.0191782042384148,0.017598943784833,0.0175960473716259,0.0169986132532358,0.0178703311830759,0.018582733348012,0.0172983687371016,0.0166387967765331,0.0195996891707182,0.017991915345192,0.0170909315347672,0.0186263732612133,0.0180756244808435,0.0168287102133036,0.016235614195466,0.0175194852054119,0.0165183711796999,0.0178325604647398,0.0171849466860294,0.0184621065855026,0.0198604483157396,0.0138915833085775,0.0183896273374558,0.0180369559675455,
1211.0,0.0174061302095652,0.0186453945934772,0.0191125366836786,0.0191280953586102,0.0175916682928801,0.0186874810606241,0.0186646170914173,0.0179570075124502,0.0188525971025229,0.0186704620718956,0.0193990468978882,0.0188702736049891,0.0192687306553125,0.0186371393501759,0.0176778268069029,0.0156268179416656,0.0188094992190599,0.0186730865389109,0.0162745546549559,0.0167908892035484,0.0166647806763649,0.0188159756362438,0.0164949297904968,0.0183996744453907,0.0192731507122517,0.0176905579864979,0.0176812298595905,0.0170887000858784,0.0179614014923573,0.0186776332557201,0.017383461818099,0.0167252290993929,0.019701236858964,0.0180847011506557,0.017169650644064,0.0187164451926947,0.0181599278002977,0.0169169679284096,0.0163178723305464,0.0175989922136068,0.0165941584855318,0.0179323107004166,0.0172671619802713,0.0185526218265295,0.019957160577178,0.0139677552506328,0.0184854939579964,0.0181266833096743,
1212.0,0.0174948405474424,0.0187404043972492,0.0192137006670237,0.019228583201766,0.017686614766717,0.018786083906889,0.0187609493732452,0.0180508717894554,0.0189548023045063,0.0187656600028276,0.0195025987923145,0.0189674627035856,0.0193699859082699,0.0187344998121262,0.0177701711654663,0.015707865357399,0.0189113859087229,0.0187702514231205,0.0163624677807093,0.0168788749724627,0.0167500376701355,0.0189115051180124,0.0165831949561834,0.0184956286102533,0.0193748231977224,0.017783684656024,0.0177726577967405,0.0171805638819933,0.0180578473955393,0.0187746975570917,0.0174756664782763,0.0168148558586836,0.0198046527802944,0.0181762091815472,0.0172577798366547,0.0188151486217976,0.0182523038238287,0.0170085225254297,0.0164045765995979,0.0176898147910833,0.0166784022003412,0.0180287398397923,0.0173572599887848,0.0186463929712772,0.0200575292110443,0.0140446554869413,0.0185821186751127,0.0182220675051212,
1213.0,0.0175933912396431,0.01884507201612,0.0193192083388567,0.0193368792533875,0.0177878774702549,0.0188915338367224,0.0188663173466921,0.0181507878005505,0.0190749894827604,0.0188667941838503,0.0196146126836538,0.0190777368843555,0.0194860622286797,0.0188431050628424,0.0178642682731152,0.0157919898629189,0.0190283376723528,0.0188779681921005,0.0164541397243738,0.0169780123978853,0.0168380532413721,0.0190138407051563,0.016683641821146,0.0186023730784655,0.0194883346557617,0.017884498462081,0.017873227596283,0.0172748081386089,0.0181644354015589,0.0188809912651777,0.0175786856561899,0.0169093273580074,0.0199217647314072,0.0182732529938221,0.0173564609140158,0.0189267471432686,0.0183523129671812,0.0171111579984427,0.0165009256452322,0.0177897159010172,0.0167724601924419,0.0181357190012932,0.0174630898982286,0.0187463946640491,0.0201633293181658,0.0141285387799144,0.018683360889554,0.0183238796889782,
1214.0,0.0176914725452662,0.0189488530158997,0.0194278322160244,0.019445763900876,0.0178894568234682,0.0190004631876946,0.0189704354852438,0.0182535368949175,0.0191830657422543,0.0189721807837486,0.0197266209870577,0.0191851239651442,0.0196006074547768,0.0189484320580959,0.0179643742740154,0.0158800184726715,0.0191394258290529,0.0189847368746996,0.0165475104004145,0.0170758794993162,0.0169332735240459,0.0191157590597868,0.0167798679322004,0.018705427646637,0.0195989031344652,0.0179834980517626,0.0179725792258978,0.0173725672066212,0.0182683560997248,0.0189880728721619,0.0176794622093439,0.0170040894299746,0.0200310610234737,0.0183738321065903,0.0174514800310135,0.0190319176763296,0.0184544771909714,0.0172101445496082,0.0165942721068859,0.0178884994238615,0.0168685205280781,0.0182378422468901,0.0175620727241039,0.0188485868275166,0.020272308960557,0.0142110576853156,0.0187892448157072,0.0184264723211527,
1215.0,0.0178019348531961,0.0190681591629982,0.0195512026548386,0.0195707529783249,0.0180023387074471,0.0191310532391071,0.0190888624638319,0.0183751434087753,0.0192999225109816,0.0190921649336815,0.0198605936020613,0.0193075928837061,0.0197383314371109,0.0190657060593367,0.0180846359580755,0.0159804373979568,0.0192642752081156,0.0191107112914324,0.0166542716324329,0.0171900894492865,0.0170484278351069,0.0192309990525246,0.0168927311897278,0.0188248045742512,0.0197252165526152,0.01809286698699,0.0180847365409136,0.0174860879778862,0.018383739516139,0.0191079005599022,0.0177954863756895,0.0171163883060217,0.0201506167650223,0.0184866394847631,0.0175599679350853,0.0191519018262625,0.0185750052332878,0.0173215381801128,0.0166988838464022,0.0180055666714907,0.0169828087091446,0.0183456726372242,0.0176689624786377,0.0189668908715248,0.0203989576548338,0.0143029941245914,0.0189154129475355,0.0185485929250717,
1216.0,0.0178985707461834,0.0191705320030451,0.0196559652686119,0.0196759812533855,0.0180992521345615,0.0192363280802965,0.0191912483423948,0.0184757150709629,0.0194024238735437,0.0191937703639269,0.0199692957103252,0.019413972273469,0.0198484715074301,0.0191660393029451,0.0181829519569874,0.01606610044837,0.019371036440134,0.0192146003246307,0.0167420953512192,0.0172853227704763,0.0171427205204964,0.0193310454487801,0.0169866010546684,0.0189233999699354,0.0198311675339937,0.0181884989142418,0.0181825868785381,0.0175835508853197,0.018484054133296,0.0192108638584614,0.017892437055707,0.0172053910791874,0.0202506985515356,0.0185822881758213,0.0176529586315155,0.0192528422921896,0.0186754781752825,0.0174159482121468,0.0167882423847914,0.0181033164262772,0.0170751363039017,0.0184412058442831,0.017762890085578,0.0190648380666971,0.0205051936209202,0.0143807912245393,0.0190179590135813,0.0186474844813347,
1217.0,0.0180011503398418,0.019275140017271,0.0197653863579035,0.0197802167385817,0.0181971341371536,0.019342090934515,0.0192967336624861,0.018579475581646,0.0194991882890463,0.0193020533770323,0.0200725793838501,0.0195256434381008,0.0199550352990627,0.0192675162106752,0.0182814802974463,0.01615702919662,0.0194798838347197,0.0193178541958332,0.0168283320963383,0.017382213845849,0.0172414891421795,0.0194346625357866,0.017076862975955,0.0190150570124388,0.0199359729886055,0.0182858183979988,0.0182822328060865,0.0176847409456968,0.0185861364006996,0.0193210020661354,0.017986960709095,0.0172873083502054,0.0203438941389322,0.0186840649694204,0.0177472494542599,0.0193490628153086,0.0187803786247969,0.0175102148205042,0.0168766882270575,0.0181987583637238,0.0171708911657333,0.018539747223258,0.0178591720759869,0.0191645491868258,0.0206159725785255,0.0144599098712206,0.019121078774333,0.0187439434230328,
1218.0,0.0180847551673651,0.0193623229861259,0.0198552291840315,0.0198716036975384,0.0182822830975056,0.0194298382848501,0.0193833522498608,0.0186630636453629,0.019585220143199,0.0193909946829081,0.0201629605144262,0.0196148324757814,0.0200460944324732,0.0193527080118656,0.0183656737208366,0.0162316355854273,0.0195676442235708,0.0194037929177284,0.0169034786522388,0.0174614973366261,0.0173224173486233,0.0195194631814957,0.0171540677547455,0.0190981365740299,0.0200251378118992,0.0183685570955276,0.0183675810694695,0.017768045887351,0.0186725780367851,0.0194095689803362,0.0180695317685604,0.0173606853932142,0.0204281155019999,0.0187679585069418,0.0178236998617649,0.0194318126887083,0.0188640840351582,0.0175892990082502,0.0169530678540468,0.0182804763317108,0.0172476302832365,0.0186221953481436,0.0179395731538534,0.0192476864904165,0.0207055155187845,0.0145256360992789,0.0192081052809954,0.01882478967309,
1219.0,0.0181517135351896,0.0194344501942396,0.0199245754629374,0.0199492871761322,0.0183538347482681,0.0194932669401169,0.0194538254290819,0.0187252499163151,0.0196619275957346,0.0194571185857058,0.0202360898256302,0.0196871012449265,0.0201147254556417,0.0194217283278704,0.0184344928711653,0.0162880271673203,0.0196347441524267,0.0194705836474895,0.0169634465128183,0.0175218172371387,0.0173841025680304,0.0195897780358791,0.0172203425318003,0.0191695224493742,0.0200978200882673,0.0184415113180876,0.0184450633823872,0.0178395267575979,0.0187449958175421,0.0194753929972649,0.0181398689746857,0.0174185521900654,0.0204981174319983,0.0188317820429802,0.0178854521363974,0.0195031147450209,0.0189250707626343,0.0176506675779819,0.0170204844325781,0.0183499436825514,0.0173016209155321,0.0186903830617666,0.0180040188133717,0.0193126685917377,0.0207729395478964,0.0145770264789462,0.0192745197564363,0.0188828278332949,
1220.0,0.0182155594229698,0.0195009186863899,0.0199907049536705,0.020019331946969,0.0184196028858423,0.0195564161986113,0.0195196624845266,0.0187849905341864,0.0197319705039263,0.0195230823010206,0.020304499194026,0.0197529103606939,0.0201811473816633,0.0194854848086834,0.0184958986938,0.0163441989570856,0.0196996293962002,0.0195337198674679,0.0170189272612333,0.0175799559801817,0.0174416676163673,0.0196532402187586,0.0172775965183973,0.01923449896276,0.0201643500477076,0.0185041110962629,0.0185101106762886,0.0179006867110729,0.0188116896897554,0.0195404570549726,0.0182021129876375,0.0174727384001017,0.0205632112920284,0.0188926216214895,0.0179421957582235,0.0195652116090059,0.0189856924116611,0.0177108962088823,0.0170772559940815,0.0184120312333107,0.0173537600785494,0.0187526997178793,0.0180663019418716,0.0193721391260624,0.0208378005772829,0.014624847099185,0.0193377435207367,0.0189434234052897,
1221.0,0.0182716604322195,0.0195585396140814,0.0200487785041332,0.0200811047106981,0.0184782631695271,0.0196129661053419,0.0195766594260931,0.0188365299254656,0.0197940692305565,0.0195828676223755,0.0203653238713741,0.019807880744338,0.0202404819428921,0.0195409450680017,0.018548745661974,0.0163950026035309,0.0197557918727398,0.0195886474102736,0.0170682147145271,0.0176307484507561,0.0174914393573999,0.0197069197893143,0.0173252671957016,0.0192925184965134,0.020222119987011,0.018556721508503,0.0185643136501312,0.0179508347064257,0.0188701599836349,0.0195981841534376,0.0182559452950954,0.0175213105976582,0.0206219740211964,0.0189464706927538,0.0179899837821722,0.0196173191070557,0.0190388299524784,0.017764950171113,0.017124542966485,0.01846525631845,0.0173985585570335,0.0188067480921745,0.0181219950318336,0.01942328363657,0.0208942256867886,0.0146662713959813,0.0193937886506319,0.0189991295337677,
1222.0,0.0183122269809246,0.0195996146649122,0.0200911480933428,0.0201308820396662,0.0185267478227615,0.0196568109095097,0.019615737721324,0.018871858716011,0.0198419652879238,0.0196315366774797,0.0204126182943583,0.0198413766920567,0.0202885624021292,0.0195818096399307,0.0185881704092026,0.0164366587996483,0.0197925362735987,0.0196275282651186,0.0171082839369774,0.0176663305610418,0.0175261087715626,0.0197423547506332,0.0173552148044109,0.019340381026268,0.0202647466212511,0.0185929480940104,0.0186016149818897,0.0179803390055895,0.0189141500741243,0.0196413807570934,0.0182972215116024,0.0175613947212696,0.0206719022244215,0.0189898684620857,0.0180189814418554,0.0196522660553455,0.0190752688795328,0.0178069062530994,0.0171572249382734,0.0185022372752428,0.0174293424934149,0.0188468862324953,0.018165335059166,0.0194598082453012,0.020934697240591,0.0146962376311421,0.0194379147142172,0.0190431773662567,
1223.0,0.0183643996715546,0.0196529477834702,0.0201476365327835,0.0201880503445864,0.0185803435742855,0.0197117142379284,0.0196694023907185,0.0189199950546026,0.0198992174118757,0.0196875166147947,0.020472414791584,0.0198908243328333,0.0203428268432617,0.0196332205086946,0.0186383966356516,0.0164813008159399,0.0198465771973133,0.0196803957223892,0.0171558149158955,0.0177154894918203,0.0175772234797478,0.0197907742112875,0.017402270808816,0.0193947311490774,0.0203189942985773,0.0186412110924721,0.0186501983553171,0.0180295836180449,0.0189680960029364,0.0196949262171984,0.0183466449379921,0.0176092106848955,0.0207268688827753,0.0190377868711948,0.0180643200874329,0.0196996498852968,0.0191268976777792,0.0178572591394186,0.017200630158186,0.0185533035546541,0.0174729619175196,0.0188953001052141,0.0182156711816788,0.0195098519325256,0.0209860131144524,0.0147354435175657,0.019491221755743,0.0190985351800919,
1224.0,0.0184120312333107,0.0196987073868513,0.0201989952474833,0.0202320944517851,0.0186231434345245,0.0197616014629602,0.019718311727047,0.0189610943198204,0.0199486538767815,0.0197367388755083,0.0205258689820766,0.0199330449104309,0.0203873235732317,0.0196756292134523,0.0186781492084265,0.0165191926062107,0.0198985394090414,0.0197270419448614,0.017195388674736,0.0177609156817198,0.0176243782043457,0.01983099617064,0.0174418687820435,0.0194391440600157,0.0203645471483469,0.0186778698116541,0.0186864659190178,0.0180710349231958,0.0190138909965754,0.0197420455515385,0.0183850098401308,0.0176481921225786,0.0207708943635225,0.0190751943737268,0.0181066021323204,0.0197362378239632,0.0191767625510693,0.0179015826433897,0.0172318704426289,0.0185986291617155,0.0175096467137337,0.0189351141452789,0.0182606019079685,0.0195526480674744,0.0210299659520388,0.0147681720554829,0.0195354297757149,0.0191530715674162,
1225.0,0.0184706281870604,0.0197603218257427,0.0202625617384911,0.0202974416315556,0.0186819452792406,0.0198230389505625,0.0197795927524567,0.0190198589116335,0.0200127698481083,0.0197993889451027,0.0205912943929434,0.0199925899505615,0.0204481668770313,0.0197355654090643,0.018734997138381,0.0165685694664717,0.019960904493928,0.0197889804840088,0.0172467641532421,0.0178174395114183,0.0176812931895256,0.0198878832161427,0.0174977164715528,0.0194984953850508,0.0204256698489189,0.0187345817685127,0.0187406726181507,0.0181298349052668,0.019074659794569,0.0198048055171967,0.0184397362172604,0.0177032388746738,0.0208323542028666,0.0191289652138948,0.0181587729603052,0.0197927039116621,0.0192356817424297,0.0179604198783636,0.0172826442867517,0.018654452636838,0.0175631772726774,0.0189886353909969,0.0183157306164503,0.0196089316159487,0.0210894718766212,0.0148140843957663,0.0195964947342873,0.0192149169743061,
1226.0,0.0185335539281368,0.0198294389992952,0.0203342642635107,0.0203738007694483,0.0187459569424391,0.0198906715959311,0.0198484603315592,0.0190872959792614,0.0200817789882421,0.019866406917572,0.0206638779491186,0.0200605839490891,0.0205135866999626,0.0198042187839746,0.0188022684305906,0.0166181903332472,0.0200288724154234,0.0198597013950348,0.0173036437481642,0.0178812649101019,0.0177491325885057,0.0199523754417896,0.0175684504210949,0.0195650476962328,0.0204938463866711,0.0188033301383257,0.0188028514385223,0.0182052478194237,0.0191416162997484,0.0198741257190704,0.018499281257391,0.0177675075829029,0.0209017004817724,0.0191871635615826,0.0182169955223799,0.0198599062860012,0.0193001627922058,0.0180247742682695,0.01734284684062,0.0187166314572096,0.01762780174613,0.0190448258072138,0.0183717776089907,0.0196742229163647,0.0211528334766626,0.0148670841008425,0.0196656547486782,0.0192818231880665,
1227.0,0.0186025984585285,0.0199033617973328,0.0204093605279922,0.0204511638730764,0.0188167933374643,0.0199634209275246,0.0199197493493557,0.0191591642796993,0.0201583448797464,0.0199402309954166,0.0207427870482206,0.0201329402625561,0.0205876603722572,0.0198760107159615,0.0188718140125275,0.0166765358299017,0.0201041251420975,0.0199347455054522,0.0173672940582037,0.0179478619247675,0.0178162809461355,0.0200216975063086,0.017634492367506,0.019634922966361,0.0205693431198597,0.0188721213489771,0.018871845677495,0.0182745009660721,0.0192142799496651,0.0199480410665274,0.0185704100877047,0.017835047096014,0.0209742598235607,0.0192525535821915,0.0182805266231298,0.0199292339384556,0.0193698480725288,0.0180940888822079,0.0174093376845121,0.0187848825007677,0.0176931209862232,0.0191121138632298,0.018436998128891,0.0197437331080437,0.0212273988872766,0.0149232251569629,0.0197400879114866,0.0193515438586473,
1228.0,0.0186809096485376,0.0199907924979925,0.0204908009618521,0.0205399561673403,0.0188991203904152,0.020045567303896,0.0199993774294853,0.0192462541162968,0.020247669890523,0.0200267732143402,0.0208304971456528,0.0202192515134811,0.0206752065569162,0.0199602041393518,0.0189504735171795,0.0167462043464184,0.0201908797025681,0.0200213249772787,0.01744076423347,0.0180230475962162,0.0178859047591686,0.0201022047549486,0.0177053194493055,0.0197131615132093,0.0206566657871008,0.0189516115933657,0.0189526211470366,0.018348254263401,0.0192969962954521,0.0200352184474468,0.0186561085283756,0.0179120600223541,0.0210566408932209,0.0193296819925308,0.0183516275137663,0.0200115647166967,0.0194469932466745,0.018179589882493,0.0174902956932783,0.0188594069331884,0.0177696235477924,0.0191933251917362,0.0185139607638121,0.0198202263563871,0.0213197767734528,0.014989479444921,0.0198294688016176,0.0194262787699699,
1229.0,0.0187561996281147,0.0200685728341341,0.0205724164843559,0.0206224713474512,0.018975879997015,0.0201227087527514,0.0200752858072519,0.0193229261785746,0.0203303620219231,0.0201053116470575,0.0209140405058861,0.0202972106635571,0.0207564998418093,0.0200366713106632,0.019023921340704,0.016811802983284,0.0202713776379824,0.0201018191874027,0.0175069719552994,0.01809311658144,0.0179557725787163,0.0201790370047092,0.0177740883082151,0.0197875276207924,0.0207382086664438,0.0190241876989603,0.0190270747989416,0.0184198748320341,0.0193768665194511,0.0201147776097059,0.0187336727976799,0.0179846994578838,0.0211351234465837,0.019402589648962,0.0184210520237684,0.0200851056724787,0.0195229630917311,0.0182502344250679,0.017560787498951,0.0189334340393543,0.0178386643528938,0.0192667376250029,0.0185846053063869,0.0198954604566097,0.0213999338448048,0.0150486081838608,0.019906047731638,0.0195015296339989,
1230.0,0.0188410673290491,0.0201516654342413,0.02066870033741,0.0207112412899733,0.0190613027662039,0.0202100928872824,0.0201590862125158,0.0194044075906277,0.0204234793782234,0.0201914720237255,0.0210112296044827,0.0203805305063725,0.0208484772592783,0.0201168451458216,0.019105575978756,0.0168862976133823,0.0203610528260469,0.020190192386508,0.0175832100212574,0.0181695409119129,0.0180368479341269,0.0202669464051723,0.0178485121577978,0.019869739189744,0.0208331104367971,0.0191015135496855,0.0191126335412264,0.0184959471225739,0.0194684211164713,0.0202011317014694,0.0188266839832067,0.0180679075419903,0.0212205294519663,0.0194864682853222,0.018504161387682,0.0201640389859676,0.019612604752183,0.0183209087699652,0.017639746889472,0.0190236903727055,0.0179124344140291,0.0193505324423313,0.0186631996184587,0.0199848935008049,0.0214894190430641,0.0151128601282835,0.019986080005765,0.0195878557860851,
1231.0,0.0189136192202568,0.0202241744846106,0.0207455046474934,0.0207878891378641,0.0191353391855955,0.020282469689846,0.0202304758131504,0.0194752030074596,0.0205010082572699,0.0202646758407354,0.0210907850414515,0.0204538758844137,0.0209258440881968,0.0201901532709599,0.0191754065454006,0.0169483926147223,0.0204390622675419,0.0202672146260738,0.0176455248147249,0.0182360708713531,0.018103277310729,0.0203388296067715,0.0179128795862198,0.0199407748878002,0.0209095403552055,0.019169082865119,0.0191839672625065,0.0185635164380074,0.0195442512631416,0.0202742051333189,0.0188993830233812,0.0181355606764555,0.021296052262187,0.0195546951144934,0.0185691583901644,0.0202316902577877,0.0196838397532701,0.0183845236897469,0.0177056901156902,0.01909439265728,0.0179760791361332,0.0194215644150972,0.0187310706824064,0.0200569666922092,0.0215640105307102,0.0151677560061216,0.0200576707720757,0.0196586940437555,
1232.0,0.0189899168908596,0.0202970616519451,0.0208243876695633,0.0208681635558605,0.0192133374512196,0.0203535053879023,0.0203047655522823,0.0195471774786711,0.0205778665840626,0.0203357767313719,0.0211685430258513,0.020530853420496,0.0210043173283339,0.0202698837965727,0.0192455612123013,0.0170122068375349,0.0205212626606226,0.0203496683388948,0.0177015289664268,0.0183044616132975,0.0181701723486185,0.0204141270369291,0.0179798919707537,0.020013801753521,0.0209822524338961,0.0192381013184786,0.0192535817623138,0.0186352003365755,0.0196234621107578,0.020348222926259,0.0189647320657969,0.0182040389627218,0.0213782545179129,0.0196234285831451,0.018631199374795,0.0202997103333473,0.0197561271488667,0.0184443090111017,0.0177677217870951,0.0191627573221922,0.018041105940938,0.0194926261901855,0.0188016761094332,0.0201291870325804,0.0216331221163273,0.0152198001742363,0.0201295260339975,0.019732341170311,
1233.0,0.0190481059253216,0.0203536618500948,0.0208833403885365,0.0209287516772747,0.0192713439464569,0.0204100590199232,0.0203613229095936,0.01960195787251,0.0206385292112827,0.0203944407403469,0.0212294645607471,0.0205888357013464,0.0210652835667133,0.0203281119465828,0.0193009749054909,0.0170620381832123,0.0205811709165573,0.0204090178012848,0.0177491996437311,0.0183573663234711,0.0182219464331865,0.0204689539968967,0.0180323235690594,0.0200712997466326,0.0210414472967386,0.0192922055721283,0.0193091463297606,0.0186911299824715,0.0196827426552773,0.0204057116061449,0.0190187618136406,0.0182546619325876,0.0214391220360994,0.019677072763443,0.0186819545924664,0.0203517824411392,0.0198103096336126,0.0184941738843918,0.0178171843290329,0.019216837361455,0.0180904436856508,0.0195470582693815,0.0188543368130922,0.0201847087591887,0.0216906052082777,0.0152639243751764,0.0201833490282297,0.0197890009731054,
1234.0,0.0190992411226034,0.0204027201980352,0.0209254138171673,0.0209791716188192,0.0193213317543268,0.0204608868807554,0.0204084515571594,0.0196503978222609,0.0206905975937843,0.020451333373785,0.0212804023176432,0.0206394754350185,0.0211177803575993,0.0203799866139889,0.0193543061614037,0.0171067379415035,0.0206315219402313,0.0204590559005737,0.0177939310669899,0.0184048395603895,0.0182647425681353,0.0205073021352291,0.0180797204375267,0.0201240163296461,0.0210935194045305,0.019341254606843,0.0193588137626648,0.0187431275844574,0.0197291616350412,0.0204521864652634,0.0190644934773445,0.0182921309024096,0.0214907582849264,0.019721657037735,0.0187232922762632,0.0203976891934872,0.0198489278554916,0.0185421276837587,0.0178621970117092,0.0192610137164593,0.0181299261748791,0.0195964071899652,0.0188983343541622,0.0202298779040575,0.02174555324018,0.0153049025684595,0.0202313102781773,0.0198336075991392,
1235.0,0.019134595990181,0.0204395763576031,0.0209595318883657,0.0210156608372927,0.0193566624075174,0.0204946473240852,0.0204429868608713,0.0196829438209534,0.0207281913608313,0.020487867295742,0.0213187169283628,0.0206751059740782,0.0211557131260633,0.0204158648848534,0.0193873215466738,0.0171355158090591,0.0206682402640581,0.0204933770000935,0.0178256817162037,0.0184380281716585,0.0182961486279964,0.0205390062183142,0.0181115791201591,0.0201604459434748,0.021129472181201,0.0193750858306885,0.0193945597857237,0.0187778510153294,0.0197642762213945,0.0204881839454174,0.0190981794148684,0.0183209590613842,0.0215286612510681,0.0197530444711447,0.0187541358172894,0.0204280000180006,0.0198801532387733,0.0185767784714699,0.0178929306566715,0.0192927699536085,0.0181611496955156,0.0196297857910395,0.0189313311129808,0.0202626194804907,0.021781787276268,0.0153354620561004,0.0202654600143433,0.0198678132146597,
1236.0,0.0191489905118942,0.0204622559249401,0.0209795832633972,0.0210313312709332,0.0193688496947289,0.0205099899321795,0.0204630792140961,0.0196922831237316,0.020746536552906,0.0205021984875202,0.0213408730924129,0.0206902269273996,0.0211752783507109,0.0204263422638178,0.0193958282470703,0.0171478688716888,0.020682942122221,0.0205017197877169,0.0178462136536837,0.0184553358703852,0.0183109454810619,0.02056023478508,0.0181266311556101,0.0201809108257294,0.0211480427533388,0.0193909462541342,0.0194143299013376,0.0187945961952209,0.0197814665734768,0.0205134451389313,0.0191178284585476,0.0183347873389721,0.0215494316071272,0.019770672544837,0.0187770742923021,0.0204378850758076,0.0198993142694235,0.0185975562781096,0.0179065242409706,0.0193105507642031,0.0181805286556482,0.0196409001946449,0.0189488995820284,0.0202787108719349,0.0218009352684021,0.01535798702389,0.0202766973525286,0.0198881458491087,
1237.0,0.0191611163318157,0.0204751584678888,0.0209925770759583,0.0210446435958147,0.0193804744631052,0.0205200370401144,0.0204740148037672,0.019702035933733,0.0207618977874517,0.020516037940979,0.0213550198823214,0.0207012910395861,0.0211890749633312,0.0204370860010386,0.0194053873419762,0.0171553324908018,0.0206928551197052,0.0205093808472157,0.0178584456443787,0.0184656828641891,0.018323278054595,0.0205694288015366,0.0181373581290245,0.0201929975301027,0.0211610477417707,0.0194029826670885,0.0194275602698326,0.0188061036169529,0.0197941642254591,0.0205266065895557,0.0191311687231064,0.0183432791382074,0.0215608458966017,0.0197803340852261,0.0187888126820326,0.0204459633678198,0.0199101511389017,0.0186125300824642,0.017915416508913,0.01932118460536,0.0181922074407339,0.0196505188941956,0.0189591087400913,0.0202894508838654,0.0218119341880083,0.0153722679242492,0.0202868394553661,0.0199025291949511,
1238.0,0.0191651359200478,0.0204779002815485,0.0209969524294138,0.0210501607507467,0.0193852074444294,0.0205201990902424,0.0204745326191187,0.0197050552815199,0.0207690820097923,0.0205214116722345,0.0213592275977135,0.0207037683576345,0.0211934242397547,0.0204411335289478,0.0194072499871254,0.0171535518020391,0.0206941608339548,0.0205095522105694,0.0178613476455212,0.0184665806591511,0.0183288920670748,0.0205682814121246,0.0181392934173346,0.0201941784471273,0.0211641602218151,0.019406683743,0.0194316040724516,0.0188078787177801,0.0197987053543329,0.0205285772681236,0.0191357620060444,0.0183442365378141,0.0215614456683397,0.0197798274457455,0.0187898967415094,0.0204463172703981,0.0199122168123722,0.018619466573,0.0179160479456186,0.0193222500383854,0.0181958973407745,0.0196526758372784,0.0189606230705976,0.0202915482223034,0.0218114927411079,0.0153782060369849,0.0202906373888254,0.019908431917429,
1239.0,0.019156701862812,0.0204694196581841,0.0209906175732613,0.021042937412858,0.0193801540881395,0.0205033533275127,0.0204606112092733,0.0196970216929913,0.0207630060613155,0.0205097068101168,0.0213502813130617,0.0206948760896921,0.0211843922734261,0.0204356424510479,0.0193939693272114,0.017134252935648,0.0206858199089766,0.0204972941428423,0.0178502816706896,0.0184532161802053,0.0183252543210983,0.0205557867884636,0.0181252472102642,0.0201794803142548,0.0211503300815821,0.019397621974349,0.0194228310137987,0.0187930501997471,0.0197923704981804,0.0205158591270447,0.0191285293549299,0.0183346774429083,0.0215489212423563,0.0197621956467628,0.0187754947692156,0.0204341430217028,0.0199036113917828,0.0186163652688265,0.017904918640852,0.0193098783493042,0.018191022798419,0.0196439884603024,0.0189516041427851,0.0202824156731367,0.0217932183295488,0.0153731536120176,0.0202866438776255,0.0199026819318533,
1240.0,0.0191482827067375,0.0204573832452297,0.0209830868989229,0.0210397001355886,0.0193736348301172,0.0204937607049942,0.0204494930803776,0.0196893569082022,0.0207595806568861,0.0205054692924023,0.0213422626256943,0.0206836685538292,0.0211761668324471,0.0204290356487036,0.019385727122426,0.0171259772032499,0.0206735879182816,0.0204900223761797,0.0178441759198904,0.0184447839856148,0.0183193236589432,0.020542586222291,0.0181199759244919,0.0201672557741404,0.0211432818323374,0.0193898230791092,0.0194153487682343,0.0187846254557371,0.0197849087417126,0.0205064062029123,0.0191200654953718,0.0183282364159822,0.0215350426733494,0.0197537075728178,0.0187658183276653,0.0204236581921577,0.0198947098106146,0.0186107140034437,0.0178943462669849,0.0192973557859659,0.0181833729147911,0.0196343716233969,0.0189430378377438,0.0202703103423119,0.0217796955257654,0.0153679298236966,0.0202807802706957,0.0198962483555079,
1241.0,0.0191335715353489,0.0204300787299871,0.0209644548594952,0.021033713594079,0.0193610489368439,0.0204804316163063,0.0204268675297499,0.0196783617138863,0.0207524728029966,0.0205030422657728,0.0213233679533005,0.0206615123897791,0.0211597476154566,0.0204187911003828,0.019376877695322,0.0171157661825418,0.0206476282328367,0.0204793345183134,0.0178310181945562,0.0184283722192049,0.0183069501072168,0.0205134749412537,0.0181125644594431,0.0201438814401627,0.0211334228515625,0.0193760599941015,0.0193987675011158,0.0187706276774406,0.0197696890681982,0.0204850155860186,0.0191005039960146,0.0183165315538645,0.0215067751705647,0.0197406355291605,0.0187479462474585,0.0204094965010881,0.0198752451688051,0.0185952838510275,0.0178743842989206,0.0192734338343143,0.0181633979082108,0.0196187663823366,0.0189229752868414,0.0202470421791077,0.0217561982572079,0.0153529504314065,0.0202682241797447,0.0198813676834106,
1242.0,0.0191212557256222,0.0204136166721582,0.0209537371993065,0.0210245940834284,0.0193497948348522,0.0204665176570416,0.0204135719686747,0.0196662116795778,0.0207430273294449,0.0204929690808058,0.0213112011551857,0.0206480883061886,0.0211461521685123,0.020404152572155,0.0193661004304886,0.017106406390667,0.0206332504749298,0.0204688534140587,0.0178206171840429,0.018417701125145,0.0182966701686382,0.0204973183572292,0.0181043799966574,0.0201292615383863,0.0211196020245552,0.0193637404590845,0.019387586042285,0.0187603682279587,0.0197562240064144,0.0204703863710165,0.0190907251089811,0.0183038152754307,0.0214886367321014,0.0197282079607248,0.0187322683632374,0.0203932300209999,0.0198619589209557,0.0185847748070955,0.0178628116846085,0.0192602276802063,0.018152317032218,0.0196037068963051,0.0189109742641449,0.0202326010912657,0.0217415262013674,0.0153445200994611,0.0202572215348482,0.0198707021772861,
1243.0,0.0191014818847179,0.0203961785882711,0.0209435988217592,0.0210115388035774,0.0193319991230965,0.0204502027481794,0.0204039067029953,0.0196480024605989,0.0207289401441813,0.0204756520688534,0.021297499537468,0.0206334963440895,0.02112877368927,0.0203807856887579,0.019348993897438,0.0170995015650988,0.0206178370863199,0.0204574447125196,0.0178112089633942,0.0184087101370096,0.0182804651558399,0.0204837135970593,0.0180954877287149,0.0201145578175783,0.021102013066411,0.019346946850419,0.0193755775690079,0.0187491290271282,0.0197359062731266,0.020457798615098,0.0190804749727249,0.0182900428771973,0.0214700661599636,0.0197193808853626,0.0187152065336704,0.0203702319413424,0.0198485814034939,0.0185702368617058,0.0178511776030064,0.0192473866045475,0.0181408990174532,0.0195815656334162,0.0189004000276327,0.0202138461172581,0.0217291340231895,0.0153345102444291,0.020243251696229,0.0198572855442762,
1244.0,0.0190901253372431,0.020379051566124,0.0209301747381687,0.0209987424314022,0.0193196143954992,0.0204344242811203,0.0203888043761253,0.0196320209652185,0.0207150783389807,0.0204608049243689,0.0212856642901897,0.0206171348690987,0.021112697198987,0.0203626677393913,0.0193361323326826,0.017088495194912,0.0206042397767305,0.0204450916498899,0.0177989061921835,0.0183979254215956,0.018267784267664,0.0204702783375978,0.0180860552936792,0.0200998615473509,0.0210840590298176,0.0193320345133543,0.0193622019141912,0.0187391396611929,0.0197226908057928,0.0204423069953918,0.0190693940967321,0.0182747095823288,0.0214517768472433,0.0197023078799248,0.0186987519264221,0.0203514900058508,0.0198335498571396,0.0185580439865589,0.0178393255919218,0.0192326735705137,0.0181298740208149,0.0195650309324265,0.0188888423144817,0.0201998911798,0.0217120572924614,0.0153261963278055,0.0202285330742598,0.0198430195450783,
1245.0,0.0190883539617062,0.0203694980591536,0.0209219437092543,0.0209882333874702,0.0193151738494635,0.0204200409352779,0.0203759986907244,0.0196205712854862,0.0207026898860931,0.0204455070197582,0.0212804581969976,0.0206079930067062,0.0211002193391323,0.0203441884368658,0.0193317867815495,0.0170794427394867,0.0206006541848183,0.0204338915646076,0.0177872553467751,0.01839061640203,0.0182612184435129,0.020466236397624,0.0180806573480368,0.0200930405408144,0.0210626125335693,0.0193222519010305,0.0193527527153492,0.0187366064637899,0.0197150427848101,0.0204266551882029,0.0190676655620337,0.0182548053562641,0.0214401353150606,0.0196802336722612,0.0186826884746552,0.0203347634524107,0.0198194868862629,0.0185535047203302,0.0178364422172308,0.0192264653742313,0.0181253217160702,0.0195541810244322,0.0188825316727161,0.0201980471611023,0.0217018965631723,0.0153234349563718,0.0202140398323536,0.0198326464742422,
1246.0,0.0190742984414101,0.0203472152352333,0.0209016017615795,0.0209654346108437,0.0192974004894495,0.0203985590487719,0.0203558169305325,0.0195984877645969,0.0206810086965561,0.0204248987138271,0.0212631653994322,0.0205866806209087,0.0210791863501072,0.0203231871128082,0.0193114150315523,0.0170599371194839,0.0205835830420256,0.0204156059771776,0.0177680850028992,0.0183743014931679,0.0182444676756859,0.0204463358968496,0.018061937764287,0.0200730487704277,0.0210397485643625,0.0193014591932297,0.0193337891250849,0.0187195800244808,0.0196994673460722,0.0204064827412367,0.0190513636916876,0.0182357002049685,0.021417073905468,0.0196555703878403,0.0186613313853741,0.0203129276633263,0.019801301881671,0.0185349900275469,0.017818845808506,0.0192070808261633,0.0181096345186234,0.0195342674851418,0.0188653524965048,0.0201803427189589,0.0216764640063047,0.0153120839968324,0.0201951637864113,0.0198130290955305,
1247.0,0.0190660282969475,0.0203221049159765,0.0208792798221111,0.0209416095167398,0.0192816853523254,0.0203810650855303,0.0203370414674282,0.0195748265832663,0.0206593070179224,0.0204131342470646,0.0212504751980305,0.020562132820487,0.0210627391934395,0.0203114245086908,0.0192884188145399,0.0170380864292383,0.0205669924616814,0.0204023607075214,0.0177497528493404,0.0183601994067431,0.0182288475334644,0.0204281210899353,0.0180424191057682,0.0200534034520388,0.0210241731256247,0.019279794767499,0.0193148832768202,0.0187010727822781,0.0196941122412682,0.0203925259411335,0.0190314184874296,0.0182251408696175,0.0213953536003828,0.0196321681141853,0.0186462122946978,0.0203000567853451,0.0197884812951088,0.0185150243341923,0.0177959613502026,0.0191817078739405,0.0180975869297981,0.0195204447954893,0.0188505295664072,0.020164392888546,0.0216439664363861,0.0153041072189808,0.0201833415776491,0.0197923742234707,
1248.0,0.0190391074866056,0.0202882196754217,0.0208429284393787,0.0209058299660683,0.0192504115402699,0.0203480459749699,0.0203018710017204,0.019541310146451,0.0206250939518213,0.0203772280365229,0.0212176498025656,0.0205254275351763,0.0210270546376705,0.0202803239226341,0.0192548092454672,0.0170067939907312,0.020535197108984,0.0203703138977289,0.0177191589027643,0.0183313116431236,0.0181998517364264,0.0203920137137175,0.0180106870830059,0.0200181510299444,0.0209904070943594,0.0192474462091923,0.0192831717431545,0.0186713729053736,0.0196653120219707,0.0203594453632832,0.0189995244145393,0.0181967113167048,0.0213580727577209,0.0195954646915197,0.0186143238097429,0.0202649775892496,0.0197580773383379,0.0184830296784639,0.0177664589136839,0.0191500075161457,0.0180660504847765,0.0194872636348009,0.0188188292086124,0.020130118355155,0.0216035079210997,0.0152811566367745,0.0201492924243212,0.019760062918067,
1249.0,0.0190036464482546,0.0202550515532494,0.0208011567592621,0.0208635274320841,0.0192125979810953,0.0203134007751942,0.0202648676931858,0.0195067077875137,0.020589541643858,0.0203294735401869,0.0211739838123322,0.0204864535480738,0.0209859255701303,0.0202484168112278,0.0192147325724363,0.0169676952064037,0.0204994063824415,0.0203331410884857,0.0176840331405401,0.0182970799505711,0.0181650258600712,0.0203436724841595,0.0179685167968273,0.0199750475585461,0.0209569092839956,0.0192130841314793,0.0192497354000807,0.0186362750828266,0.0196277555078268,0.0203236900269985,0.018963523209095,0.0181684028357267,0.0213164612650871,0.0195568446069956,0.0185768492519856,0.0202234238386154,0.0197279900312424,0.0184436943382025,0.0177342891693115,0.019119169563055,0.0180230755358934,0.0194458048790693,0.0187781695276499,0.0200872402638197,0.0215604268014431,0.0152499442920089,0.0201107412576675,0.0197271537035704,
1250.0,0.0189536903053522,0.0202000197023153,0.0207432974129915,0.0208050645887852,0.0191573295742273,0.0202567968517542,0.0202078111469746,0.0194531287997961,0.0205322578549385,0.0202709436416626,0.0211174357682467,0.0204298924654722,0.0209258329123259,0.0201940108090639,0.0191593319177628,0.016920443624258,0.0204447917640209,0.0202773381024599,0.0176349636167288,0.0182479489594698,0.0181179214268923,0.0202836841344833,0.0179165005683899,0.0199184194207191,0.020899873226881,0.0191597230732441,0.0191966257989407,0.0185846295207739,0.0195743199437857,0.0202673804014921,0.018911074846983,0.0181198082864285,0.0212566535919905,0.0195024851709604,0.018524881452322,0.0201652888208628,0.0196751859039068,0.0183916203677654,0.0176871586591005,0.0190701633691788,0.0179712865501642,0.0193908028304577,0.018725723028183,0.0200285650789738,0.0214992761611938,0.0152107859030366,0.0200530402362347,0.0196745842695236,
1251.0,0.018897520378232,0.0201407466083765,0.0206783339381218,0.0207439791411161,0.019093070179224,0.0201884340494871,0.0201380513608456,0.0193939432501793,0.0204667989164591,0.0202022399753332,0.0210550837218761,0.0203683692961931,0.0208527576178312,0.0201260652393103,0.0191001705825329,0.0168737154453993,0.0203811265528202,0.0202100984752178,0.0175805501639843,0.0181935448199511,0.0180677846074104,0.0202191025018692,0.0178639013320208,0.0198561009019613,0.0208274759352207,0.0191013552248478,0.0191334523260593,0.0185294151306152,0.0195081755518913,0.0201979577541351,0.0188493560999632,0.0180576890707016,0.0211899373680353,0.0194428022950888,0.0184703730046749,0.0200949534773827,0.0196092091500759,0.0183361973613501,0.0176404118537903,0.0190190896391869,0.017912533134222,0.0193281918764114,0.0186653956770897,0.0199570525437593,0.0214353986084461,0.0151680922135711,0.019979190081358,0.0196157693862915,
1252.0,0.0188187211751938,0.0200556591153145,0.020591439679265,0.0206583552062511,0.0190103203058243,0.0201020929962397,0.0200492553412914,0.0193135961890221,0.0203793961554766,0.0201147552579641,0.020968034863472,0.0202807802706957,0.0207620430737734,0.0200399588793516,0.0190202202647924,0.0168064497411251,0.0202960390597582,0.0201235860586166,0.0175078120082617,0.0181163474917412,0.0179954823106527,0.020131291821599,0.0177894309163094,0.019771333783865,0.0207393709570169,0.019020477309823,0.0190524905920029,0.0184512324631214,0.0194246508181095,0.0201100613921881,0.0187709126621485,0.0179803613573313,0.0210990440100431,0.0193603206425905,0.0183889549225569,0.0200060103088617,0.0195236057043076,0.0182598531246185,0.0175684746354818,0.0189427547156811,0.0178347360342741,0.0192449111491442,0.0185881797224283,0.0198705736547709,0.0213455967605114,0.0151070533320308,0.0198889784514904,0.0195333808660507,
1253.0,0.0187258832156658,0.0199472494423389,0.0204945653676987,0.0205582249909639,0.0189126301556826,0.020002581179142,0.0199481640011072,0.0192180890589952,0.0202722698450089,0.0200232490897179,0.0208714436739683,0.0201768800616264,0.0206592250615358,0.0199393574148417,0.0189262367784977,0.0167317595332861,0.0201977677643299,0.0200243052095175,0.0174253787845373,0.0180213954299688,0.0179135128855705,0.020032562315464,0.0177049674093723,0.0196760836988688,0.020643187686801,0.0189224760979414,0.0189594700932503,0.0183554533869028,0.0193329378962517,0.0200083181262016,0.0186852645128965,0.0178916100412607,0.0209929682314396,0.0192666705697775,0.0182887893170118,0.0199073571711779,0.0194206237792969,0.0181712564080954,0.0174804013222456,0.0188522841781378,0.0177499651908875,0.0191522892564535,0.0185067895799875,0.0197756756097078,0.0212399326264858,0.015039948746562,0.0197865106165409,0.0194338131695986,
1254.0,0.0186116639524698,0.0198225695639849,0.0203704405575991,0.0204327199608088,0.0187955405563116,0.0198780223727226,0.0198238622397184,0.0191007927060127,0.0201465953141451,0.0199032127857208,0.0207457356154919,0.0200509764254093,0.0205336660146713,0.0198162812739611,0.0188102182000875,0.0166348051279783,0.0200745817273855,0.0199020244181156,0.0173205994069576,0.0179121233522892,0.0178075861185789,0.0199085772037506,0.0175969153642654,0.0195557288825512,0.0205157734453678,0.018804345279932,0.0188429225236177,0.0182407945394516,0.019214853644371,0.0198847353458405,0.0185723342001438,0.0177817493677139,0.0208626519888639,0.0191489048302174,0.0181718487292528,0.0197842232882977,0.019299129024148,0.0180620849132538,0.0173724368214607,0.018736569210887,0.0176430270075798,0.0190347582101822,0.0183971840888262,0.0196566488593817,0.0211098939180374,0.014951909892261,0.0196640491485596,0.0193136502057314,
1255.0,0.0184777565300465,0.0196820590645075,0.0202267356216908,0.0202881917357445,0.0186638310551643,0.0197357553988695,0.0196810364723206,0.0189665798097849,0.0200030636042356,0.0197606906294823,0.0205960217863321,0.0199031215161085,0.0203929450362921,0.0196736995130777,0.018675209954381,0.0165212973952293,0.0199308153241873,0.0197622440755367,0.0171972792595625,0.0177874974906445,0.017682034522295,0.019765168428421,0.0174684319645166,0.0194122586399317,0.0203661303967237,0.0186680648475885,0.0187098756432533,0.0181087851524353,0.0190736297518015,0.0197453666478395,0.0184391383081675,0.0176542270928621,0.0207111071795225,0.0190106313675642,0.0180343072861433,0.0196406953036785,0.0191613845527172,0.0179404001682997,0.0172431115061045,0.0185961108654737,0.0175165142863989,0.0188944321125746,0.0182675439864397,0.0195236206054688,0.0209594089537859,0.0148452939465642,0.0195262972265482,0.0191727802157402,
1256.0,0.0183219891041517,0.0195199623703957,0.0200546607375145,0.020118085667491,0.0185107886791229,0.0195717494934797,0.0195160433650017,0.0188114289194345,0.0198418200016022,0.0195951722562313,0.0204196032136679,0.0197322238236666,0.0202266070991755,0.0195138957351446,0.0185237135738134,0.0163852721452713,0.0197648350149393,0.0195977427065372,0.0170562174171209,0.0176431890577078,0.017532842233777,0.0195956323295832,0.0173205863684416,0.019249314442277,0.0201961938291788,0.0185118988156319,0.0185543932020664,0.0179560445249081,0.0189163647592068,0.0195813830941916,0.0182868801057339,0.0175118446350098,0.020535834133625,0.0188479702919722,0.0178768057376146,0.0194770582020283,0.0190022010356188,0.0177893303334713,0.0170971099287272,0.018437635153532,0.0173700954765081,0.018735483288765,0.0181152299046516,0.0193653404712677,0.0207842327654362,0.0147195709869266,0.0193648599088192,0.0190133135765791,
1257.0,0.018149321898818,0.0193342622369528,0.0198629163205624,0.019924396649003,0.018338093534112,0.0193841345608234,0.0193285718560219,0.0186327639967203,0.0196587480604649,0.0194087587296963,0.020223231986165,0.0195434875786304,0.0200377572327852,0.0193307157605886,0.0183499734848738,0.0162319056689739,0.0195773988962173,0.0194147732108831,0.0168977677822113,0.0174796842038631,0.0173662360757589,0.0194037053734064,0.0171565730124712,0.0190669931471348,0.0200021006166935,0.0183361936360598,0.0183782409876585,0.0177874863147736,0.0187371075153351,0.0193951185792685,0.0181129798293114,0.0173460301011801,0.0203401576727629,0.0186686720699072,0.0177045501768589,0.0192897580564022,0.0188218969851732,0.0176210198551416,0.0169342905282974,0.0182601567357779,0.0172060281038284,0.018557233735919,0.0179454255849123,0.0191845968365669,0.0205871164798737,0.0145821748301387,0.0191849134862423,0.0188336744904518,
1258.0,0.0179549213498831,0.019124161452055,0.0196421500295401,0.019698129966855,0.018142880871892,0.0191658791154623,0.0191136114299297,0.018425427377224,0.019453514367342,0.0191943980753422,0.0199976898729801,0.0193332638591528,0.0198221858590841,0.0191207733005285,0.0181499216705561,0.0160540379583836,0.0193617697805166,0.0192062761634588,0.0167163778096437,0.0172984357923269,0.0171739272773266,0.0191813465207815,0.0169690866023302,0.0188593044877052,0.0197708252817392,0.0181355886161327,0.0181734971702099,0.0175977945327759,0.0185296982526779,0.0191822778433561,0.0179089158773422,0.0171540267765522,0.0201174095273018,0.0184651277959347,0.017514830455184,0.0190751943737268,0.0186188686639071,0.0174282602965832,0.0167498532682657,0.0180557370185852,0.0170202553272247,0.0183533728122711,0.017748499289155,0.0189762637019157,0.0203622952103615,0.0144260451197624,0.0189840905368328,0.0186293348670006,
1259.0,0.0177485700696707,0.0189046747982502,0.0194129440933466,0.0194705557078123,0.0179336443543434,0.0189422462135553,0.0188917685300112,0.0182137154042721,0.0192326549440622,0.0189735945314169,0.0197651628404856,0.0191083196550608,0.0195943024009466,0.0189025960862637,0.0179431196302176,0.0158718097954988,0.0191392749547958,0.0189885143190622,0.0165268983691931,0.0171035621315241,0.0169772114604712,0.0189567469060421,0.0167741887271404,0.0186441391706467,0.0195445045828819,0.017928346991539,0.0179647970944643,0.0173972975462675,0.0183178596198559,0.0189600624144077,0.0177019294351339,0.0169575624167919,0.0198874063789845,0.0182538572698832,0.0173139944672585,0.0188524648547173,0.0184035897254944,0.0172265991568565,0.0165570862591267,0.0178463310003281,0.0168259870260954,0.0181435029953718,0.0175448674708605,0.0187572110444307,0.0201270673424006,0.0142643069848418,0.0187680143862963,0.0184190608561039,
1260.0,0.0175121054053307,0.0186520256102085,0.0191517733037472,0.0192139036953449,0.0176926180720329,0.0186898875981569,0.0186394359916449,0.0179735440760851,0.0189816411584616,0.0187226627022028,0.0195031426846981,0.0188507530838251,0.0193321593105793,0.0186563972383738,0.0177104566246271,0.0156647823750973,0.0188875868916512,0.0187425706535578,0.0163151789456606,0.0168770104646683,0.016756584867835,0.0187011286616325,0.0165572389960289,0.0184031818062067,0.0192977786064148,0.0176955666393042,0.0177300609648228,0.0171713642776012,0.01808119751513,0.0187061950564384,0.0174704566597939,0.016735602170229,0.0196292586624622,0.0180164854973555,0.0170858334749937,0.0185978449881077,0.0181544031947851,0.0169943980872631,0.0163409970700741,0.0176135115325451,0.0166037101298571,0.0179075878113508,0.0173168145120144,0.0185058079659939,0.0198597926646471,0.0140848243609071,0.0185198131948709,0.0181833803653717,
1261.0,0.0172926150262356,0.0184150971472263,0.0189082100987434,0.0189713761210442,0.0174682661890984,0.0184508319944143,0.0184021592140198,0.0177460070699453,0.0187397953122854,0.0184879023581743,0.0192534569650888,0.0186092648655176,0.0190865769982338,0.0184209067374468,0.0174873676151037,0.0154695464298129,0.0186497718095779,0.0185080505907536,0.0161090325564146,0.0166641660034657,0.0165434144437313,0.0184635631740093,0.0163464490324259,0.0181715749204159,0.0190568845719099,0.0174722392112017,0.0175070278346539,0.0169556625187397,0.0178546290844679,0.0184660200029612,0.0172494556754828,0.0165239218622446,0.0193812772631645,0.0177889540791512,0.0168706979602575,0.0183594319969416,0.0179244726896286,0.0167781468480825,0.0161329656839371,0.0173894390463829,0.016396202147007,0.0176842287182808,0.0170980617403984,0.0182696245610714,0.0196060612797737,0.0139081357046962,0.0182855948805809,0.0179563630372286,
1262.0,0.0170436520129442,0.0181492734700441,0.0186328981071711,0.0187028497457504,0.0172109175473452,0.0181792471557856,0.018136179074645,0.0174910165369511,0.018457543104887,0.018223999068141,0.0189690440893173,0.018334561958909,0.0188047420233488,0.0181510988622904,0.0172313712537289,0.0152504937723279,0.0183811895549297,0.0182399284094572,0.015868179500103,0.016422476619482,0.0163002461194992,0.0182046312838793,0.0161027517169714,0.0179074890911579,0.0187851134687662,0.0172177329659462,0.0172544699162245,0.016707606613636,0.0175988674163818,0.0181909613311291,0.0169985312968493,0.0162840373814106,0.0190993156284094,0.0175294820219278,0.0166285317391157,0.0180897153913975,0.0176663734018803,0.0165337081998587,0.0158935636281967,0.0171345882117748,0.0161647889763117,0.0174332913011312,0.0168444942682981,0.0179979354143143,0.0193162690848112,0.0137029346078634,0.0180148147046566,0.017698572948575,
1263.0,0.0168452132493258,0.017936022952199,0.0184139385819435,0.0184827819466591,0.0170082412660122,0.0179633907973766,0.0179215651005507,0.0172847229987383,0.0182365067303181,0.0180128999054432,0.0187436062842608,0.0181149654090405,0.0185848623514175,0.0179381221532822,0.0170302446931601,0.01507324911654,0.0181655343621969,0.0180271621793509,0.0156813338398933,0.0162301771342754,0.016107689589262,0.0179885849356651,0.0159098748117685,0.017696151509881,0.0185666177421808,0.0170157570391893,0.0170531757175922,0.016511045396328,0.0173916127532721,0.0179763957858086,0.016798485070467,0.0160929430276155,0.0188738945871592,0.017322700470686,0.0164335072040558,0.0178769268095493,0.0174586568027735,0.0163394380360842,0.0157055649906397,0.0169304255396128,0.0159755144268274,0.0172301083803177,0.0166469942778349,0.0177861303091049,0.019086379557848,0.0135424565523863,0.0178040601313114,0.0174930393695831,
1264.0,0.0166399739682674,0.0177098326385021,0.0181894134730101,0.0182468201965094,0.0168024562299252,0.0177373941987753,0.0176965538412333,0.0170642156153917,0.0180034060031176,0.0177928712219,0.0185075532644987,0.0178869441151619,0.0183591432869434,0.0177132189273834,0.0168202742934227,0.0148850595578551,0.0179410371929407,0.017803069204092,0.0154843796044588,0.0160263124853373,0.0159019008278847,0.0177550278604031,0.0157046634703875,0.0174714773893356,0.0183317121118307,0.0168004594743252,0.0168418101966381,0.0163050908595324,0.0171712171286345,0.0177549198269844,0.0165885556489229,0.0158907193690538,0.0186339002102613,0.017104335129261,0.0162260346114635,0.0176574476063252,0.0172445476055145,0.0161380339413881,0.0155077921226621,0.0167119950056076,0.0157746318727732,0.0170153435319662,0.0164443366229534,0.0175693556666374,0.0188450906425714,0.0133708734065294,0.0175873581320047,0.017273586243391,
1265.0,0.0165064614266157,0.017562922090292,0.0180388949811459,0.018092717975378,0.0166636072099209,0.0175905954092741,0.0175461638718843,0.016921067610383,0.017852708697319,0.0176485795527697,0.0183523818850517,0.0177358165383339,0.0182106997817755,0.0175680592656136,0.0166816264390945,0.0147618195042014,0.0177900958806276,0.0176575686782599,0.0153584955260158,0.0158949345350266,0.0157697685062885,0.0176049098372459,0.0155732007697225,0.0173253156244755,0.0181801598519087,0.0166632663458586,0.0167036894708872,0.0161704812198877,0.0170263536274433,0.0176079347729683,0.0164511241018772,0.015758290886879,0.0184778608381748,0.0169612001627684,0.0160924401134253,0.0175121538341045,0.0171009209007025,0.0160045754164457,0.0153798339888453,0.0165728628635406,0.0156432222574949,0.016874585300684,0.0163096860051155,0.0174248572438955,0.0186876934021711,0.013260836713016,0.0174443013966084,0.0171315036714077,
1266.0,0.0164015088230371,0.0174499619752169,0.0179177653044462,0.0179660823196173,0.0165534019470215,0.0174809210002422,0.0174220278859138,0.0168083775788546,0.0177401378750801,0.0175351817160845,0.0182324610650539,0.0176130998879671,0.018100107088685,0.0174587778747082,0.0165723953396082,0.0146617060527205,0.0176639817655087,0.0175441615283489,0.0152677968144417,0.0157928187400103,0.0156712159514427,0.01748251542449,0.0154735716059804,0.0172089859843254,0.0180643573403358,0.0165595412254334,0.0165942627936602,0.0160638317465782,0.0169087555259466,0.0174957290291786,0.0163429863750935,0.0156551357358694,0.0183566305786371,0.016849072650075,0.0159881226718426,0.0174002908170223,0.016982102766633,0.0158984735608101,0.0152851482853293,0.0164687298238277,0.0155336791649461,0.0167617928236723,0.016205133870244,0.0173125974833965,0.0185657795518637,0.0131777320057154,0.0173358879983425,0.0170243438333273,
1267.0,0.0163681320846081,0.0174123160541058,0.0178762711584568,0.0179257914423943,0.0165133308619261,0.0174413025379181,0.0173806231468916,0.016770763322711,0.0177021566778421,0.0174980871379375,0.0181921310722828,0.017571534961462,0.0180624984204769,0.0174233093857765,0.0165388099849224,0.0146305179223418,0.0176224987953901,0.0175083130598068,0.0152389723807573,0.0157628804445267,0.0156393498182297,0.0174424201250076,0.0154413105919957,0.0171723179519176,0.0180253423750401,0.0165286399424076,0.0165607426315546,0.0160304345190525,0.0168680809438229,0.0174598544836044,0.01630724593997,0.0156220253556967,0.0183165986090899,0.0168113261461258,0.0159552507102489,0.0173625908792019,0.0169421155005693,0.0158648192882538,0.0152524169534445,0.0164326149970293,0.0154991941526532,0.0167225897312164,0.0161710269749165,0.0172767732292414,0.0185259692370892,0.0131537197157741,0.0172996446490288,0.0169877037405968,
1268.0,0.0164047069847584,0.0174457523971796,0.0179063826799393,0.0179678872227669,0.0165370609611273,0.0174733009189367,0.0174144841730595,0.0168062504380941,0.0177381783723831,0.0175307653844357,0.0182265900075436,0.0176063552498817,0.018096162006259,0.0174621529877186,0.0165741741657257,0.0146646304056048,0.017656784504652,0.0175491664558649,0.0152686424553394,0.0158050991594791,0.0156734958291054,0.0174831748008728,0.015477224253118,0.0172118078917265,0.0180598422884941,0.0165714528411627,0.0165979024022818,0.0160677284002304,0.0168996993452311,0.0174962114542723,0.0163397490978241,0.0156528018414974,0.0183540564030409,0.0168436150997877,0.0159939844161272,0.0173948220908642,0.016972666606307,0.0158967673778534,0.0152824046090245,0.0164683405309916,0.0155359106138349,0.0167523492127657,0.0162028037011623,0.0173112917691469,0.0185661111027002,0.0131880836561322,0.0173323005437851,0.0170165244489908,
1269.0,0.0164810828864574,0.0175253637135029,0.0179841239005327,0.0180495399981737,0.0166045594960451,0.0175463333725929,0.0174903254956007,0.0168815199285746,0.0178183242678642,0.0176111683249474,0.0183074586093426,0.0176844988018274,0.018173698335886,0.0175416450947523,0.0166510511189699,0.0147316679358482,0.0177335683256388,0.0176291931420565,0.0153427487239242,0.0158799327909946,0.0157455168664455,0.0175650324672461,0.0155492266640067,0.0172918494790792,0.0181402508169413,0.0166513659060001,0.0166762787848711,0.0161417871713638,0.016972977668047,0.0175727382302284,0.0164137650281191,0.0157253537327051,0.0184370446950197,0.0169180333614349,0.0160684436559677,0.0174703411757946,0.0170467719435692,0.0159702729433775,0.015348975546658,0.0165419392287731,0.0156079577282071,0.0168253853917122,0.016273645684123,0.01738884113729,0.018650246784091,0.013251319527626,0.0174076687544584,0.0170924812555313,
1270.0,0.0166509598493576,0.0177124291658401,0.018169742077589,0.018242672085762,0.0167698413133621,0.0177143309265375,0.0176727212965488,0.0170561596751213,0.0180016402155161,0.0177982859313488,0.0185003560036421,0.0178699288517237,0.0183502566069365,0.0177205260843039,0.0168321840465069,0.0148841915652156,0.0179188214242458,0.017809608951211,0.0155133167281747,0.0160459969192743,0.0159102734178305,0.0177535191178322,0.0157161131501198,0.017477173358202,0.0183252450078726,0.0168288070708513,0.0168571695685387,0.0163094848394394,0.0171484481543303,0.0177513249218464,0.0165880210697651,0.0158952083438635,0.018630838021636,0.0170948933809996,0.0162365324795246,0.0176479555666447,0.0172266904264688,0.0161444060504436,0.0155019611120224,0.0167058687657118,0.0157734043896198,0.0169970579445362,0.016440050676465,0.0175756607204676,0.018843712285161,0.0133950039744377,0.0175821557641029,0.0172710083425045,
1271.0,0.0168071873486042,0.0178779643028975,0.0183380246162415,0.0184119381010532,0.0169177912175655,0.0178704429417849,0.0178372021764517,0.0172138009220362,0.0181692689657211,0.0179658867418766,0.0186705943197012,0.0180357117205858,0.0185161214321852,0.0178840495646,0.0169921293854713,0.0150247355923057,0.0180855914950371,0.0179749634116888,0.0156629364937544,0.0161978527903557,0.0160592440515757,0.0179203189909458,0.0158607065677643,0.0176425371319056,0.0184953864663839,0.0169885195791721,0.0170185975730419,0.0164633207023144,0.017305051907897,0.0179147720336914,0.0167422480881214,0.0160470977425575,0.0188046284019947,0.017252292484045,0.0163869224488735,0.0178092587739229,0.017385246232152,0.0162968952208757,0.0156415719538927,0.0168579034507275,0.0159227773547173,0.0171530842781067,0.0165904369205236,0.0177361462265253,0.019019141793251,0.0135227655991912,0.0177420843392611,0.0174316018819809,
1272.0,0.0170098003000021,0.018090421333909,0.0185571927577257,0.0186198633164167,0.0171074867248535,0.0180765185505152,0.0180491209030151,0.0174162518233061,0.0183863900601864,0.018179927021265,0.0188854355365038,0.0182466395199299,0.0187312606722116,0.0180942639708519,0.0171930175274611,0.0152055118232965,0.0182976610958576,0.0181858986616135,0.0158511884510517,0.0163869932293892,0.0162514373660088,0.0181332901120186,0.016039252281189,0.0178508628159761,0.0187166202813387,0.0171895176172256,0.0172255877405405,0.0166607182472944,0.0175074674189091,0.0181211940944195,0.0169410407543182,0.0162428468465805,0.0190281961113214,0.0174521915614605,0.0165787935256958,0.0180162861943245,0.0175867900252342,0.0164881572127342,0.0158207044005394,0.0170577559620142,0.0161097124218941,0.0173562429845333,0.016782883554697,0.0179293863475323,0.0192437693476677,0.0136814536526799,0.017945421859622,0.0176399741321802,
1273.0,0.0172099247574806,0.0182972587645054,0.0187715515494347,0.0188286770135164,0.0173005871474743,0.0182797759771347,0.0182543136179447,0.0176127906888723,0.0186019595712423,0.0183964651077986,0.0191005636006594,0.0184578057378531,0.018948707729578,0.0182999223470688,0.0173902809619904,0.0153805101290345,0.0185062829405069,0.0183932296931744,0.0160445850342512,0.0165753066539764,0.0164370890706778,0.0183413475751877,0.0162185709923506,0.0180569514632225,0.0189369190484285,0.0173878446221352,0.0174245983362198,0.0168546922504902,0.0177039038389921,0.0183266792446375,0.0171323847025633,0.016433734446764,0.0192457251250744,0.0176514219492674,0.0167656317353249,0.0182213746011257,0.0177857987582684,0.016679547727108,0.0160007607191801,0.0172517988830805,0.0162988845258951,0.0175573155283928,0.0169709306210279,0.0181315112859011,0.0194659810513258,0.0138357924297452,0.0181533191353083,0.0178465899080038,
1274.0,0.0173679757863283,0.0184638798236847,0.0189428124576807,0.0189963039010763,0.0174530688673258,0.0184367243200541,0.0184153746813536,0.0177733674645424,0.0187692251056433,0.0185651276260614,0.0192706342786551,0.0186216961592436,0.0191212967038155,0.0184670556336641,0.0175470262765884,0.0155232679098845,0.0186724122613668,0.0185610931366682,0.0161929037421942,0.0167305748909712,0.0165844652801752,0.0185043588280678,0.0163629874587059,0.018220467492938,0.0191081035882235,0.017546633258462,0.017580933868885,0.0170078594237566,0.0178590565919876,0.0184939168393612,0.0172831360250711,0.0165828131139278,0.0194183960556984,0.0178079269826412,0.0169120486825705,0.0183857809752226,0.0179452318698168,0.0168292913585901,0.0161428730934858,0.0174085684120655,0.016449972987175,0.0177158862352371,0.0171231254935265,0.0182917471975088,0.0196400210261345,0.0139608578756452,0.0183182265609503,0.0180087611079216,
1275.0,0.0175251737236977,0.0186291057616472,0.0191157814115286,0.0191637482494116,0.0176051184535027,0.0185933280736208,0.0185767188668251,0.0179364066570997,0.0189346168190241,0.0187295097857714,0.0194394960999489,0.0187828000634909,0.0193005446344614,0.0186377074569464,0.017702354118228,0.0156702846288681,0.0188419781625271,0.0187327992171049,0.0163319166749716,0.0168934632092714,0.0167312696576118,0.0186619516462088,0.0165054704993963,0.0183835346251726,0.0192785058170557,0.0177050996571779,0.0177323129028082,0.0171624645590782,0.0180130172520876,0.018669668585062,0.0174307469278574,0.0167288612574339,0.0195880699902773,0.0179617330431938,0.017054034397006,0.0185524448752403,0.0181027967482805,0.0169744659215212,0.0162859857082367,0.0175681505352259,0.0166024714708328,0.0178740229457617,0.0172791816294193,0.0184500906616449,0.0198147129267454,0.0140859233215451,0.0184884443879128,0.0181665942072868,
1276.0,0.0176234357059002,0.0187287088483572,0.019218796864152,0.0192662384361029,0.0176974982023239,0.0186863485723734,0.0186730194836855,0.0180356185883284,0.0190345291048288,0.0188340060412884,0.0195400808006525,0.0188804864883423,0.0194042529910803,0.0187404751777649,0.0177952460944653,0.0157615412026644,0.0189402811229229,0.0188363920897245,0.0164235644042492,0.0169904958456755,0.0168195050209761,0.0187581237405539,0.0165912564843893,0.0184818170964718,0.0193837787955999,0.0178042314946651,0.0178276989609003,0.0172564573585987,0.0181032437831163,0.0187694858759642,0.0175171475857496,0.0168189760297537,0.0196956247091293,0.0180573109537363,0.0171454250812531,0.0186530277132988,0.0182000882923603,0.0170653034001589,0.0163718312978745,0.0176634062081575,0.0166967008262873,0.0179695244878531,0.0173701532185078,0.0185461435467005,0.0199169907718897,0.0141638182103634,0.0185863170772791,0.0182670932263136,
1277.0,0.0176780391484499,0.0187832042574883,0.0192721728235483,0.0193269439041615,0.0177495013922453,0.0187298152595758,0.0187186226248741,0.0180935263633728,0.0190838426351547,0.0188935585319996,0.0195943564176559,0.0189291536808014,0.0194550044834614,0.0187967792153358,0.017843259498477,0.0158136878162622,0.0189880095422268,0.0188920982182026,0.0164782982319593,0.0170458517968655,0.0168651379644871,0.018807040527463,0.0166427176445723,0.0185324493795633,0.0194364059716463,0.0178621206432581,0.0178776793181896,0.0173041522502899,0.0181470308452845,0.0188212394714355,0.0175567921251059,0.0168646574020386,0.019756643101573,0.0181111544370651,0.0171966385096312,0.0187088306993246,0.0182571485638618,0.0171159226447344,0.0164189115166664,0.0177174415439367,0.0167515277862549,0.0180198717862368,0.0174164772033691,0.0186036825180054,0.0199630614370108,0.0142081836238503,0.0186364203691483,0.0183252729475498,
1278.0,0.0177152398973703,0.0188206471502781,0.0193082205951214,0.0193622577935457,0.0177831128239632,0.0187578126788139,0.0187494773417711,0.0181299969553947,0.0191173870116472,0.0189341604709625,0.0196272842586041,0.0189630556851625,0.0194911193102598,0.0188365858048201,0.0178759451955557,0.0158508438616991,0.0190185457468033,0.0189326964318752,0.0165154095739126,0.017082504928112,0.0168930403888226,0.0188413746654987,0.0166713036596775,0.018567681312561,0.0194773618131876,0.0178987886756659,0.017913518473506,0.0173386838287115,0.0181745477020741,0.018852861598134,0.0175851304084063,0.0168966315686703,0.0197973027825356,0.0181438270956278,0.0172303486615419,0.0187446922063828,0.018292561173439,0.0171499103307724,0.0164461713284254,0.0177470818161964,0.0167875457555056,0.0180535819381475,0.0174481011927128,0.0186370760202408,0.0199998896569014,0.0142383277416229,0.01866808347404,0.0183634851127863,
1279.0,0.0176977217197418,0.0187950003892183,0.019279956817627,0.0193319637328386,0.017761992290616,0.0187317412346601,0.0187239181250334,0.0181058365851641,0.0190929565578699,0.0189180746674538,0.0195937175303698,0.0189403314143419,0.0194626431912184,0.0188147500157356,0.0178502202033997,0.0158411972224712,0.0189864486455917,0.0189147386699915,0.0165022816509008,0.0170592572540045,0.0168649721890688,0.0188193488866091,0.0166411735117435,0.0185433942824602,0.0194653403013945,0.0178780052810907,0.0178960207849741,0.0173208117485046,0.0181444641202688,0.0188182257115841,0.0175573565065861,0.0168779548257589,0.0197801198810339,0.0181178208440542,0.0172171927988529,0.0187184922397137,0.0182694215327501,0.0171299781650305,0.0164187382906675,0.0177125167101622,0.0167694203555584,0.0180295091122389,0.017423652112484,0.0186058115214109,0.0199774503707886,0.014226833358407,0.0186338946223259,0.0183459036052227,
1280.0,0.0177040286362171,0.0187984500080347,0.0192824937403202,0.0193317178636789,0.0177608467638493,0.0187256634235382,0.0187215972691774,0.0181084536015987,0.0190923288464546,0.0189231056720018,0.0195904485881329,0.0189414359629154,0.0194659717381001,0.018822992220521,0.0178525447845459,0.0158473867923021,0.0189825557172298,0.0189221054315567,0.0165109299123287,0.0170663390308619,0.0168640855699778,0.0188195873051882,0.0166357774287462,0.0185478404164314,0.0194707959890366,0.0178823787719011,0.0179045759141445,0.017325708642602,0.0181376878172159,0.0188122689723969,0.0175562147051096,0.0168798100203276,0.0197838637977839,0.0181194506585598,0.017219303175807,0.0187217090278864,0.0182690061628819,0.0171351879835129,0.0164159592241049,0.0177102256566286,0.0167741160839796,0.0180306602269411,0.0174228139221668,0.0186045281589031,0.0199796110391617,0.0142291709780693,0.0186316315084696,0.0183507092297077,
1281.0,0.0176867805421352,0.0187861789017916,0.019268749281764,0.0193079505115747,0.0177390426397324,0.0186947900801897,0.0186984837055206,0.018090995028615,0.0190682597458363,0.0189028158783913,0.0195656437426806,0.0189220048487186,0.0194525290280581,0.0188169851899147,0.0178372655063868,0.01583013497293,0.0189566165208817,0.018910238519311,0.0164988357573748,0.0170575883239508,0.0168442595750093,0.018796568736434,0.0166098568588495,0.0185365118086338,0.0194518528878689,0.0178614538162947,0.0178960077464581,0.0173124726861715,0.018110504373908,0.0187839176505804,0.0175403375178576,0.0168614368885756,0.0197591856122017,0.0180981289595366,0.0171936471015215,0.0187050607055426,0.0182451363652945,0.0171248242259026,0.0163925904780626,0.0176857840269804,0.0167591068893671,0.0180108286440372,0.0174034927040339,0.0185860712081194,0.01996467448771,0.0142090106382966,0.0186109058558941,0.0183305721729994,
1282.0,0.0176934264600277,0.0187899842858315,0.0192690584808588,0.0193074345588684,0.0177344847470522,0.0186846368014812,0.0186914019286633,0.0180902760475874,0.0190655048936605,0.018906120210886,0.019562741741538,0.018920635804534,0.0194569937884808,0.0188236460089684,0.0178403109312058,0.0158341787755489,0.018953513354063,0.018917603418231,0.0165083799511194,0.0170652829110622,0.0168422907590866,0.0187978595495224,0.0166050940752029,0.018539946526289,0.0194540955126286,0.0178659111261368,0.0179020036011934,0.0173141360282898,0.0181015320122242,0.018778620287776,0.0175411142408848,0.0168609376996756,0.0197604764252901,0.0181005224585533,0.0171931572258472,0.0187069624662399,0.0182419419288635,0.017126239836216,0.0163878630846739,0.0176839083433151,0.0167605690658093,0.0180117376148701,0.0174025557935238,0.0185833387076855,0.019964812323451,0.0142121706157923,0.018610805273056,0.0183336641639471,
1283.0,0.0177182778716087,0.0188055541366339,0.0192827228456736,0.0193247217684984,0.0177381206303835,0.0186836328357458,0.0186934620141983,0.0180990174412727,0.0190758295357227,0.0189208369702101,0.0195758678019047,0.0189308039844036,0.0194775331765413,0.0188398621976376,0.0178590528666973,0.0158477630466223,0.0189661514014006,0.0189359094947577,0.0165331494063139,0.017086261883378,0.01685830950737,0.0188141390681267,0.0166115872561932,0.0185542609542608,0.0194645393639803,0.0178899299353361,0.0179230123758316,0.0173260625451803,0.0181001853197813,0.0187869947403669,0.0175560880452394,0.0168708730489016,0.0197749007493258,0.018124682828784,0.0172060560435057,0.0187241435050964,0.0182469021528959,0.0171382073312998,0.0163972713053226,0.0177019294351339,0.0167705323547125,0.018025778234005,0.0174097809940577,0.018588051199913,0.0199721995741129,0.0142267672345042,0.0186297856271267,0.0183497909456491,
1284.0,0.0177297219634056,0.0188113115727901,0.0192842986434698,0.0193296335637569,0.0177333075553179,0.0186777710914612,0.0186901781708002,0.0181037802249193,0.0190773047506809,0.0189295150339603,0.0195771083235741,0.0189312230795622,0.0194850005209446,0.0188501589000225,0.0178657528012991,0.0158567409962416,0.0189678911119699,0.0189474653452635,0.0165466535836458,0.0170990861952305,0.0168586932122707,0.0188185572624207,0.016611697152257,0.0185617469251156,0.0194702800363302,0.0178995858877897,0.0179313290864229,0.0173312425613403,0.0180958360433578,0.0187875181436539,0.0175583139061928,0.0168741624802351,0.0197822712361813,0.0181307140737772,0.0172097906470299,0.0187306683510542,0.0182498134672642,0.0171406380832195,0.0163964983075857,0.0177076607942581,0.0167771205306053,0.018032431602478,0.0174132287502289,0.0185916293412447,0.0199739374220371,0.0142334112897515,0.0186322517693043,0.0183590091764927,
1285.0,0.017755176872015,0.0188297368586063,0.0192931108176708,0.0193510185927153,0.0177419371902943,0.0186903197318316,0.0186996422708035,0.0181231908500195,0.0190933663398027,0.0189588107168674,0.0195953231304884,0.0189437214285135,0.0195066519081593,0.0188744775950909,0.0178835466504097,0.0158827509731054,0.0189857296645641,0.0189787484705448,0.0165751185268164,0.0171274859458208,0.0168629325926304,0.0188400559127331,0.0166330933570862,0.0185831617563963,0.0194953307509422,0.0179197918623686,0.0179469175636768,0.0173474233597517,0.0181146301329136,0.0188076477497816,0.0175727065652609,0.0168910939246416,0.0198111180216074,0.018148347735405,0.0172285176813602,0.01875114813447,0.0182745791971684,0.0171509422361851,0.0164077747613192,0.0177278779447079,0.0167978126555681,0.0180571153759956,0.0174356624484062,0.018615709617734,0.0199910085648298,0.0142601290717721,0.0186486840248108,0.0183870270848274,
1286.0,0.0177551470696926,0.0188239347189665,0.0192811284214258,0.0193415712565184,0.0177259519696236,0.0186739899218082,0.0186847317963839,0.0181179661303759,0.0190846845507622,0.0189567189663649,0.0195833835750818,0.0189340431243181,0.0194990430027246,0.0188708622008562,0.0178797766566277,0.0158842355012894,0.0189767777919769,0.0189772360026836,0.0165774710476398,0.0171274784952402,0.0168523378670216,0.018834738060832,0.0166227146983147,0.0185782201588154,0.0194910541176796,0.017921157181263,0.0179408006370068,0.0173411220312119,0.0180968828499317,0.0187976434826851,0.017562372609973,0.0168846771121025,0.0198066122829914,0.0181394442915916,0.0172240696847439,0.018743896856904,0.018268009647727,0.0171402096748352,0.0163953769952059,0.0177206862717867,0.0167955718934536,0.0180534608662128,0.0174312517046928,0.0186074879020453,0.0199825763702393,0.0142582347616553,0.0186352375894785,0.0183854699134827,
1287.0,0.0177495162934065,0.0188157595694065,0.0192672032862902,0.0193269532173872,0.0177067555487156,0.0186591632664204,0.018673162907362,0.0181180331856012,0.0190771445631981,0.0189507231116295,0.0195637885481119,0.0189244654029608,0.0194843504577875,0.0188638679683208,0.0178742781281471,0.0158823020756245,0.0189662743359804,0.0189674738794565,0.016570283100009,0.0171240773051977,0.0168423000723124,0.0188235156238079,0.0166026316583157,0.0185727700591087,0.0194836985319853,0.0179208423942328,0.017933601513505,0.0173339806497097,0.0180719215422869,0.0187807753682137,0.0175454821437597,0.0168757289648056,0.0197946690022945,0.0181197766214609,0.0172168519347906,0.0187322162091732,0.0182585809379816,0.0171281956136227,0.0163807291537523,0.0177104528993368,0.0167939551174641,0.0180451106280088,0.0174259189516306,0.0185980871319771,0.019969804212451,0.0142436260357499,0.0186090935021639,0.0183829311281443,
1288.0,0.0177170671522617,0.0187787655740976,0.0192256104201078,0.0192816872149706,0.0176588352769613,0.018610306084156,0.018628541380167,0.0180831458419561,0.0190356690436602,0.0189151205122471,0.0195172354578972,0.0188832990825176,0.0194415654987097,0.0188311971724033,0.0178397726267576,0.0158575121313334,0.0189231391996145,0.0189337357878685,0.016544695943594,0.0170936621725559,0.0168043375015259,0.0187835860997438,0.0165619254112244,0.0185374803841114,0.0194468311965466,0.0178933292627335,0.0178974624723196,0.0173010565340519,0.018021322786808,0.018738966435194,0.0175036359578371,0.0168430935591459,0.0197569020092487,0.0180778484791517,0.0171835906803608,0.01869229786098,0.0182219706475735,0.0170903019607067,0.0163394100964069,0.0176714155822992,0.0167670752853155,0.0180107057094574,0.0173919890075922,0.0185598768293858,0.0199322793632746,0.0142147894948721,0.0185609273612499,0.0183481741696596,
1289.0,0.0176678691059351,0.0187252517789602,0.0191670209169388,0.0192127116024494,0.0175924524664879,0.0185403674840927,0.0185613092035055,0.018024168908596,0.0189738366752863,0.018856480717659,0.0194535292685032,0.0188260860741138,0.0193786956369877,0.0187782607972622,0.0177884325385094,0.0158151984214783,0.0188582446426153,0.0188807267695665,0.0165063124150038,0.0170410815626383,0.0167525745928288,0.0187248587608337,0.0165041442960501,0.0184799134731293,0.0193905476480722,0.0178528148680925,0.0178443659096956,0.0172504875808954,0.0179460626095533,0.0186810828745365,0.0174455996602774,0.0167962238192558,0.0197008419781923,0.0180200524628162,0.0171353612095118,0.0186295993626118,0.0181679856032133,0.0170367136597633,0.0162773039191961,0.0176122300326824,0.0167249776422977,0.0179589632898569,0.0173397809267044,0.0184985939413309,0.0198839195072651,0.0141734350472689,0.0184958484023809,0.0182906109839678,
1290.0,0.0175938475877047,0.0186454765498638,0.0190867315977812,0.0191191863268614,0.0175028648227453,0.0184380374848843,0.0184706076979637,0.0179431233555079,0.0188864041119814,0.0187746994197369,0.01936000213027,0.0187388528138399,0.0192894283682108,0.0187019892036915,0.0177132189273834,0.0157573129981756,0.0187694877386093,0.0188021324574947,0.0164447333663702,0.0169658232480288,0.0166803859174252,0.0186454821377993,0.0164220687001944,0.0183988343924284,0.0193081200122833,0.0177889373153448,0.0177634693682194,0.0171803198754787,0.0178465861827135,0.0185966249555349,0.0173647254705429,0.0167244896292686,0.0196158085018396,0.0179382152855396,0.0170654077082872,0.0185461826622486,0.0180819444358349,0.0169573239982128,0.0161974392831326,0.0175261087715626,0.0166590791195631,0.0178803224116564,0.017262252047658,0.0184118710458279,0.0198025275021791,0.0141119975596666,0.0184040497988462,0.0182080529630184,
1291.0,0.0174948628991842,0.0185349173843861,0.0189741011708975,0.0190061200410128,0.0173897780478001,0.0183163192123175,0.0183575451374054,0.0178373344242573,0.0187697596848011,0.0186732839792967,0.0192387886345387,0.0186256635934114,0.0191752556711435,0.0186063516885042,0.0176151338964701,0.0156766138970852,0.0186551976948977,0.0187016893178225,0.0163647495210171,0.0168754681944847,0.0165784079581499,0.0185370165854692,0.0163238644599915,0.0183030720800161,0.0191990230232477,0.017698435112834,0.0176593419164419,0.0170814245939255,0.017736142501235,0.0184828713536263,0.0172600578516722,0.0166305936872959,0.019503828138113,0.0178367476910353,0.0169650912284851,0.0184427779167891,0.0179772246629,0.0168588925153017,0.0160993970930576,0.0174230504781008,0.0165675114840269,0.0177805833518505,0.017159279435873,0.0183045323938131,0.0196916256099939,0.014036126434803,0.0182997602969408,0.0181016381829977,
1292.0,0.0173803251236677,0.0184076074510813,0.0188439842313528,0.0188705138862133,0.0172581691294909,0.0181751530617476,0.0182241089642048,0.0177101716399193,0.0186346974223852,0.0185519959777594,0.0191046763211489,0.0184982232749462,0.0190431457012892,0.0184915848076344,0.0174993146210909,0.0155775733292103,0.0185229536145926,0.0185855031013489,0.0162652991712093,0.0167669896036386,0.0164550617337227,0.0184008404612541,0.0162095371633768,0.0181857869029045,0.0190703999251127,0.0175841469317675,0.0175398867577314,0.0169651433825493,0.0176030565053225,0.0183513574302197,0.0171332024037838,0.0165195874869823,0.0193780176341534,0.0177160445600748,0.0168435797095299,0.0183220747858286,0.017852421849966,0.0167405046522617,0.0159800834953785,0.0173000898212194,0.0164581071585417,0.0176655370742083,0.0170414373278618,0.0181751549243927,0.0195633992552757,0.0139434728771448,0.0181764382869005,0.0179735962301493,
1293.0,0.0172551516443491,0.0182710997760296,0.0187023654580116,0.0187251083552837,0.0171144064515829,0.0180233754217625,0.0180796831846237,0.0175762809813023,0.0184864234179258,0.0184148605912924,0.0189524963498116,0.0183585938066244,0.0189009215682745,0.0183574184775352,0.017370754852891,0.0154687203466892,0.0183778125792742,0.0184526927769184,0.0161533486098051,0.0166469812393188,0.0163226556032896,0.0182618927210569,0.0160832200199366,0.0180543679744005,0.0189277846366167,0.0174595341086388,0.0174107924103737,0.0168398823589087,0.017455231398344,0.018207024782896,0.0169985517859459,0.0163947585970163,0.0192364696413279,0.0175822172313929,0.0167135316878557,0.0181844830513,0.0177133269608021,0.0166123565286398,0.0158555526286364,0.0171662382781506,0.0163348037749529,0.017532117664814,0.0169109329581261,0.0180360600352287,0.0194163508713245,0.0138393482193351,0.0180359650403261,0.0178386885672808,
1294.0,0.0171126294881105,0.0181142035871744,0.018539285287261,0.0185644552111626,0.0169520191848278,0.0178552195429802,0.0179174728691578,0.0174244474619627,0.0183176510035992,0.0182569418102503,0.0187754277139902,0.0182031821459532,0.0187398865818977,0.0181966051459312,0.0172254517674446,0.0153404539451003,0.0182158388197422,0.0182964187115431,0.016021316871047,0.0165102258324623,0.0161701161414385,0.0181051567196846,0.0159390475600958,0.0179070513695478,0.0187621247023344,0.0173142850399017,0.0172654669731855,0.0166932642459869,0.0172868072986603,0.0180380996316671,0.0168465562164783,0.0162472613155842,0.0190707910805941,0.0174284018576145,0.016560597345233,0.0180268902331591,0.0175503063946962,0.0164668317884207,0.015720322728157,0.0170157738029957,0.0161857213824987,0.0173739846795797,0.0167613048106432,0.0178737640380859,0.0192395932972431,0.0137155409902334,0.0178779680281878,0.0176867302507162,
1295.0,0.01696234382689,0.0179513171315193,0.0183659791946411,0.0183881483972073,0.016783818602562,0.0176752004772425,0.0177458059042692,0.0172675680369139,0.0181409176439047,0.0180920008569956,0.0185938663780689,0.0180346816778183,0.0185690745711327,0.0180339422076941,0.0170703735202551,0.0152093106880784,0.0180415138602257,0.0181335937231779,0.0158812329173088,0.0163645930588245,0.0160134267061949,0.0179398357868195,0.0157851371914148,0.0177434645593166,0.0185898132622242,0.0171630103141069,0.0171102527529001,0.0165428556501865,0.0171102080494165,0.0178640503436327,0.0166841875761747,0.0160962138324976,0.0188982132822275,0.017268393188715,0.016407223418355,0.0178603082895279,0.0173834823071957,0.016311302781105,0.0155675504356623,0.0168550554662943,0.0160368606448174,0.0172153767198324,0.0166021753102541,0.017709044739604,0.0190596245229244,0.0135891353711486,0.0177067369222641,0.017525814473629,
1296.0,0.0167996492236853,0.0177801158279181,0.0181816183030605,0.0181929394602776,0.0166014898568392,0.0174774024635553,0.0175580140203238,0.0171024277806282,0.0179465301334858,0.0179083943367004,0.0183983128517866,0.0178522132337093,0.0183863136917353,0.0178561620414257,0.0168979894369841,0.0150692807510495,0.0178485494107008,0.0179580561816692,0.0157251060009003,0.0162042435258627,0.0158439502120018,0.0177656095474958,0.0156186670064926,0.0175568498671055,0.0184023045003414,0.0169993210583925,0.0169432442635298,0.0163848195225,0.0169159732758999,0.0176796391606331,0.0165081787854433,0.0159322954714298,0.01871332898736,0.0170973669737577,0.0162462200969458,0.01767448335886,0.0172016173601151,0.0161421876400709,0.015399843454361,0.0166795719414949,0.0158780552446842,0.0170429423451424,0.0164279397577047,0.0175379738211632,0.0188647527247667,0.0134519524872303,0.0175133682787418,0.0173534490168095,
1297.0,0.0166279263794422,0.0175942424684763,0.017982816323638,0.0179926455020905,0.0164113231003284,0.0172760896384716,0.0173641946166754,0.0169237498193979,0.0177497137337923,0.0177212227135897,0.0181939322501421,0.0176558308303356,0.0181923024356365,0.0176700968295336,0.0167204048484564,0.0149182993918657,0.0176505204290152,0.0177693869918585,0.0155659662559628,0.0160386115312576,0.0156692452728748,0.0175783429294825,0.0154425613582134,0.0173707101494074,0.0182081889361143,0.0168238300830126,0.0167670138180256,0.0162156037986279,0.0167177803814411,0.0174832884222269,0.0163246635347605,0.0157623235136271,0.018516480922699,0.0169110558927059,0.0160742867738009,0.0174849666655064,0.0170161668211222,0.0159648079425097,0.0152240507304668,0.0164957270026207,0.0157098844647408,0.0168617162853479,0.016248282045126,0.0173493456095457,0.0186635851860046,0.0133098987862468,0.0173170268535614,0.017171448096633,
1298.0,0.0164450313895941,0.017394058406353,0.0177650116384029,0.0177780799567699,0.0162126775830984,0.0170651879161596,0.01716105081141,0.0167355965822935,0.0175454113632441,0.0175268333405256,0.0179799254983664,0.0174393616616726,0.0179838240146637,0.0174743086099625,0.0165336839854717,0.0147568546235561,0.017441151663661,0.0175643563270569,0.0153962960466743,0.0158646460622549,0.0154877901077271,0.0173787996172905,0.0152508355677128,0.0171725377440453,0.0180022697895765,0.0166347920894623,0.0165773779153824,0.0160344541072845,0.0165088325738907,0.0172701105475426,0.0161271244287491,0.0155816553160548,0.0183011386543512,0.016710476949811,0.0158903412520885,0.0172866731882095,0.0168230459094048,0.0157728344202042,0.0150289591401815,0.0162977632135153,0.015530526638031,0.0166731383651495,0.0160545371472836,0.0171450134366751,0.0184498950839043,0.0131626762449741,0.0171084031462669,0.016975425183773,
1299.0,0.0162536464631557,0.0171860121190548,0.0175428818911314,0.0175571162253618,0.0160037651658058,0.0168430525809526,0.0169464461505413,0.0165334120392799,0.0173295885324478,0.0173215828835964,0.0177541021257639,0.017223346978426,0.0177670661360025,0.0172703918069601,0.0163373313844204,0.0145888309925795,0.0172225590795279,0.0173553247004747,0.0152197638526559,0.0156793911010027,0.0152953173965216,0.0171658061444759,0.0150561733171344,0.0169675778597593,0.0177883766591549,0.0164400674402714,0.016380688175559,0.0158443357795477,0.0162930358201265,0.017053946852684,0.0159248914569616,0.0153965521603823,0.0180860199034214,0.0165026150643826,0.015702161937952,0.0170792415738106,0.0166186727583408,0.0155776059255004,0.0148352608084679,0.016096718609333,0.0153474407270551,0.0164753701537848,0.0158595461398363,0.0169353727251291,0.0182288866490126,0.0130036482587457,0.0168946050107479,0.0167735982686281,
1300.0,0.0160469561815262,0.0169589444994926,0.0173054449260235,0.0173245277255774,0.0157778579741716,0.016608452424407,0.0167178846895695,0.0163068082183599,0.0171018093824387,0.0171032957732677,0.0175113789737225,0.0169936064630747,0.017536174505949,0.0170486960560083,0.016125813126564,0.0144050279632211,0.0169921685010195,0.0171282291412354,0.0150342462584376,0.015479002147913,0.0150896459817886,0.0169299244880676,0.0148488190025091,0.0167535860091448,0.0175633672624826,0.0162277817726135,0.0161715168505907,0.0156411752104759,0.0160655546933413,0.016825782135129,0.015711659565568,0.0152004659175873,0.0178628116846085,0.0162715520709753,0.0155031252652407,0.0168576091527939,0.0164033696055412,0.0153714548796415,0.0146329328417778,0.0158846508711576,0.0151527198031545,0.016262149438262,0.0156600922346115,0.0167064871639013,0.0179965868592262,0.0128310350701213,0.0166689306497574,0.0165583845227957,
1301.0,0.0158445220440626,0.016739945858717,0.0170711800456047,0.0170922819525003,0.0155572257936001,0.0163746196776628,0.0164897330105305,0.0160926878452301,0.0168735776096582,0.016883784905076,0.0172709245234728,0.0167664475739002,0.0173055864870548,0.0168334115296602,0.015918143093586,0.0142268119379878,0.0167594403028488,0.0169100556522608,0.0148492306470871,0.0152814630419016,0.0148849030956626,0.0167059972882271,0.0146456463262439,0.0165375024080276,0.0173358265310526,0.0160217322409153,0.0159617178142071,0.0154380099847913,0.0158379208296537,0.0165997724980116,0.0154995573684573,0.0150070562958717,0.0176348686218262,0.0160524416714907,0.0153032699599862,0.0166383869946003,0.0161858685314655,0.015166332013905,0.0144326975569129,0.0156710725277662,0.0149598494172096,0.0160500761121511,0.0154535928741097,0.0164849106222391,0.0177641119807959,0.0126608479768038,0.0164441429078579,0.0163457375019789,
1302.0,0.0156359206885099,0.0165160056203604,0.016828216612339,0.0168514531105757,0.0153325451537967,0.0161288734525442,0.0162494741380215,0.0158749371767044,0.0166353266686201,0.0166531261056662,0.0170195791870356,0.0165392681956291,0.0170642510056496,0.0166170671582222,0.0157044734805822,0.0140482848510146,0.0165130421519279,0.0166926607489586,0.0146561609581113,0.0150731997564435,0.0146698029711843,0.0164738986641169,0.0144394068047404,0.016308156773448,0.0170968137681484,0.0158126782625914,0.0157422125339508,0.0152244344353676,0.0156044038012624,0.0163690987974405,0.0152803864330053,0.0148133477196097,0.0174004770815372,0.0158335454761982,0.0150982132181525,0.0164138320833445,0.0159553848206997,0.0149567248299718,0.0142293283715844,0.0154510932043195,0.0147632379084826,0.0158306118100882,0.0152366785332561,0.0162626635283232,0.0175211485475302,0.012479430064559,0.0162138193845749,0.0161285344511271,
1303.0,0.0154270799830556,0.0162915606051683,0.0165894292294979,0.0166104361414909,0.0151040470227599,0.0158857963979244,0.016012554988265,0.0156554225832224,0.0163966976106167,0.0164254531264305,0.0167712662369013,0.0163057520985603,0.0168250259011984,0.0163958463817835,0.0154892578721046,0.0138629414141178,0.0162728130817413,0.0164689682424068,0.0144624039530754,0.0148699069395661,0.0144581468775868,0.0162443742156029,0.0142303891479969,0.0160863436758518,0.0168609023094177,0.0156032321974635,0.01552505325526,0.0150124747306108,0.0153676876798272,0.0161361284554005,0.0150611391291022,0.0146114146336913,0.0171639863401651,0.0156125612556934,0.0148917436599731,0.0161858070641756,0.0157282669097185,0.0147444996982813,0.0140241850167513,0.0152313644066453,0.0145651306957006,0.0156118022277951,0.0150216650217772,0.0160355437546968,0.0172808263450861,0.0123037714511156,0.0159825775772333,0.0159085988998413,
1304.0,0.0152206970378757,0.0160734280943871,0.0163536332547665,0.01636828109622,0.0148765128105879,0.0156408529728651,0.015777874737978,0.0154429273679852,0.0161564163863659,0.0161967072635889,0.0165255647152662,0.0160657297819853,0.0165833570063114,0.016174303367734,0.0152732273563743,0.0136752929538488,0.0160310622304678,0.0162457171827555,0.0142682185396552,0.0146705145016313,0.0142482174560428,0.0160262547433376,0.014023007825017,0.0158695746213198,0.0166244637221098,0.0153988972306252,0.0153060732409358,0.0147993210703135,0.0151287671178579,0.0159027017652988,0.0148443076759577,0.0144053716212511,0.0169198792427778,0.0153952753171325,0.0146820610389113,0.0159522444009781,0.0155005771666765,0.0145286815240979,0.0138193983584642,0.0150072025135159,0.0143651505932212,0.0153900925070047,0.0148016232997179,0.0158082637935877,0.0170434378087521,0.0121316034346819,0.0157486964017153,0.0156869608908892,
1305.0,0.0150082856416702,0.0158456321805716,0.0161129552870989,0.0161251705139875,0.0146417720243335,0.0153987351804972,0.0155369034036994,0.0152209401130676,0.015913425013423,0.0159651283174753,0.0162739083170891,0.0158264562487602,0.016342094168067,0.0159467607736588,0.0150553341954947,0.013484438881278,0.0157899260520935,0.0160179622471333,0.014071992598474,0.0144671248272061,0.0140349566936493,0.0157969109714031,0.0138094089925289,0.0156461335718632,0.0163843594491482,0.0151834199205041,0.0150871900841594,0.0145849725231528,0.0148865282535553,0.0156640280038118,0.0146205378696322,0.0141972545534372,0.0166772045195103,0.0151712810620666,0.0144700743257999,0.0157223455607891,0.015271701849997,0.0143129359930754,0.0136105613783002,0.0147839188575745,0.0141637986525893,0.0151673639193177,0.014582353644073,0.0155753577128053,0.0167996846139431,0.0119577096775174,0.0155144417658448,0.0154630551114678,
1306.0,0.0147919086739421,0.015609672293067,0.0158755052834749,0.0158819556236267,0.0143968733027577,0.0151625862345099,0.0152938589453697,0.0149892279878259,0.0156668592244387,0.0157358590513468,0.0160179547965527,0.0155863920226693,0.0161038748919964,0.0157106295228004,0.0148354563862085,0.0132846925407648,0.0155557775869966,0.015782717615366,0.013871974311769,0.0142654422670603,0.0138222752138972,0.0155607061460614,0.013591144233942,0.0154266059398651,0.0161428768187761,0.0149567015469074,0.0148723144084215,0.0143713653087616,0.014638845808804,0.01542002055794,0.0143901882693172,0.0139801213517785,0.0164369195699692,0.0149430576711893,0.0142596559599042,0.0154922995716333,0.0150438416749239,0.0140976877883077,0.0133976899087429,0.0145637402310967,0.0139658488333225,0.0149474442005157,0.0143684931099415,0.015333216637373,0.0165542811155319,0.01178755518049,0.0152810905128717,0.0152369439601898,
1307.0,0.0145715000107884,0.015373557806015,0.0156280696392059,0.0156324319541454,0.0141553105786443,0.0149155966937542,0.0150468861684203,0.0147573705762625,0.0154177257791162,0.0154989175498486,0.0157614015042782,0.0153408627957106,0.0158581733703613,0.0154762519523501,0.0146113550290465,0.0130876405164599,0.0153119936585426,0.0155477235093713,0.0136709846556187,0.0140563435852528,0.0136032896116376,0.0153221366927028,0.013369319960475,0.0151969715952873,0.0158985666930676,0.0147362565621734,0.0146479867398739,0.0141519019380212,0.0143905570730567,0.0151754962280393,0.0141599224880338,0.0137648601084948,0.0161893647164106,0.0147119490429759,0.0140410494059324,0.0152581296861172,0.014810954220593,0.0138757936656475,0.0131833562627435,0.0143376644700766,0.0137576889246702,0.014720743522048,0.0141451461240649,0.015094431117177,0.016303414478898,0.0116096409037709,0.0150417145341635,0.01500538084656,
1308.0,0.0143439956009388,0.0151342265307903,0.0153699489310384,0.0153817851096392,0.0139111308380961,0.0146662537008524,0.014791245572269,0.0145200472325087,0.0151653233915567,0.0152554037049413,0.0155002297833562,0.0150905707851052,0.0156080536544323,0.0152391474694014,0.0143846403807402,0.0128899496048689,0.0150623843073845,0.0153146684169769,0.0134688876569271,0.0138407936319709,0.0133771309629083,0.0150794154033065,0.0131408637389541,0.0149585632607341,0.0156509913504124,0.0145143326371908,0.0144163249060512,0.0139263933524489,0.0141393234953284,0.0149271469563246,0.0139248203486204,0.0135497329756618,0.0159347169101238,0.0144733721390367,0.0138153387233615,0.0150255970656872,0.0145765198394656,0.013647748157382,0.0129628581926227,0.0141079239547253,0.0135419731959701,0.014488760381937,0.013915459625423,0.0148542048409581,0.0160481315106153,0.0114275403320789,0.0148004200309515,0.0147686805576086,
1309.0,0.0141179515048862,0.014890493825078,0.0151146575808525,0.0151239018887281,0.0136672807857394,0.0144139919430017,0.0145388264209032,0.014285865239799,0.0149132870137691,0.015009542927146,0.0152411488816142,0.0148423491045833,0.0153586072847247,0.0150023577734828,0.0141568472608924,0.0126925548538566,0.0148117439821362,0.0150732081383467,0.0132657149806619,0.0136256031692028,0.0131539320573211,0.0148316575214267,0.0129138063639402,0.0147149953991175,0.0153999356552958,0.0142877157777548,0.0141870388761163,0.0137037755921483,0.0138857634738088,0.0146795976907015,0.0136896353214979,0.013334478251636,0.0156825482845306,0.0142390625551343,0.0135868582874537,0.0147909894585609,0.0143355522304773,0.013422766700387,0.0127490554004908,0.0138763198629022,0.013324324041605,0.0142546845600009,0.0136837121099234,0.0146142840385437,0.0157852601259947,0.0112435510382056,0.0145544018596411,0.0145329898223281,
1310.0,0.0138960732147098,0.0146465711295605,0.0148612475022674,0.0148629592731595,0.0134235247969627,0.0141513478010893,0.0142907546833158,0.0140537777915597,0.0146597623825073,0.0147629762068391,0.0149805014953017,0.014587645418942,0.0151031883433461,0.0147637743502855,0.0139227248728275,0.0124954311177135,0.0145594514906406,0.0148314386606216,0.0130608892068267,0.0134062264114618,0.0129269324243069,0.0145892752334476,0.0126853138208389,0.0144742513075471,0.0151479002088308,0.0140692908316851,0.0139546990394592,0.0134797766804695,0.0136396195739508,0.0144285513088107,0.0134581215679646,0.0131166204810143,0.0154286129400134,0.0140059711411595,0.0133580919355154,0.0145442765206099,0.0140979206189513,0.0131958276033401,0.0125343948602676,0.0136407865211368,0.0131055787205696,0.0140175130218267,0.0134474169462919,0.0143744787201285,0.0155253307893872,0.0110562974587083,0.0143041638657451,0.0142959803342819,
1311.0,0.0136733278632164,0.0144088137894869,0.0146049475297332,0.0146048851311207,0.013184349052608,0.0138914827257395,0.014039808884263,0.0138194840401411,0.0144078778102994,0.0145208472386003,0.014719775877893,0.0143352709710598,0.0148488208651543,0.014531253837049,0.0136924311518669,0.0123014207929373,0.0143079869449139,0.0145929977297783,0.0128608969971538,0.0131883798167109,0.0127016603946686,0.01434585172683,0.0124579733237624,0.0142358588054776,0.0149026531726122,0.0138559425249696,0.0137242199853063,0.0132539365440607,0.0133921410888433,0.0141800995916128,0.0132339159026742,0.012900953181088,0.0151762785390019,0.0137736201286316,0.0131315849721432,0.0143045028671622,0.0138589683920145,0.0129715017974377,0.0123196579515934,0.013408163562417,0.0128898173570633,0.0137852923944592,0.0132160214707255,0.0141353597864509,0.0152717120945454,0.0108687169849873,0.0140560008585453,0.0140570662915707,
1312.0,0.0134597802534699,0.014178678393364,0.0143607640638947,0.0143614131957293,0.0129551272839308,0.0136473430320621,0.0138031532987952,0.0135939680039883,0.0141651406884193,0.0142877968028188,0.0144661068916321,0.0140972230583429,0.0146050527691841,0.0143052786588669,0.0134723484516144,0.0121124908328056,0.0140667483210564,0.0143613200634718,0.0126698752865195,0.0129802078008652,0.0124853784218431,0.0141135528683662,0.0122438846156001,0.01400844193995,0.014665424823761,0.0136440461501479,0.0135026564821601,0.0130418548360467,0.0131557872518897,0.0139413764700294,0.0130135007202625,0.012694189324975,0.0149361547082663,0.0135510507971048,0.0129187246784568,0.0140717551112175,0.0136319827288389,0.0127590354532003,0.0121112754568458,0.0131870387122035,0.012684321962297,0.0135614043101668,0.0129948724061251,0.0139040639624,0.0150225963443518,0.0106924036517739,0.0138171864673495,0.0138278752565384,
1313.0,0.013251313008368,0.0139485532417893,0.0141216414049268,0.0141234360635281,0.0127270231023431,0.0134096844121814,0.0135726062580943,0.0133704133331776,0.0139230638742447,0.0140572357922792,0.0142073929309845,0.0138635411858559,0.0143612446263433,0.0140789831057191,0.0132530406117439,0.0119232395663857,0.0138291390612721,0.0141273979097605,0.0124825611710548,0.0127719230949879,0.0122698722407222,0.0138849653303623,0.0120334913954139,0.0137850223109126,0.0144280167296529,0.0134287504479289,0.0132850725203753,0.0128362774848938,0.012924493290484,0.0137001276016235,0.0127945505082607,0.0124892480671406,0.0147001734003425,0.0133302276954055,0.012711557559669,0.0138346627354622,0.0134087204933167,0.0125543856993318,0.0119039453566074,0.0129684396088123,0.0124838361516595,0.0133387334644794,0.0127755617722869,0.0136693911626935,0.0147726405411959,0.0105200735852122,0.0135784121230245,0.0135994562879205,
1314.0,0.0130548421293497,0.0137382531538606,0.0139001654461026,0.0139008164405823,0.0125173833221197,0.0131864948198199,0.0133553203195333,0.0131623391062021,0.0137025816366076,0.0138473408296704,0.0139761278405786,0.0136465933173895,0.0141416192054749,0.0138714117929339,0.0130535382777452,0.0117503879591823,0.0136073576286435,0.0139171443879604,0.0123084839433432,0.0125851454213262,0.0120729394257069,0.0136743197217584,0.0118405846878886,0.0135806910693645,0.0142132015898824,0.0132316816598177,0.0130834514275193,0.0126413973048329,0.0127082383260131,0.0134844677522779,0.0125923147425056,0.0122987320646644,0.0144819132983685,0.0131304431706667,0.0125198364257813,0.0136259626597166,0.0132021652534604,0.0123597048223019,0.0117113795131445,0.0127655873075128,0.0122998086735606,0.0131343025714159,0.0125767858698964,0.013458707369864,0.0145472809672356,0.0103594688698649,0.0133601585403085,0.013393041677773,
1315.0,0.0128637216985226,0.0135392528027296,0.0136877475306392,0.013690690509975,0.0123225292190909,0.0129757523536682,0.0131469750776887,0.0129591207951307,0.0134941702708602,0.0136483898386359,0.0137578146532178,0.0134426299482584,0.0139354672282934,0.0136732403188944,0.0128653980791569,0.0115834008902311,0.0133918896317482,0.013717376627028,0.0121446466073394,0.0124120339751244,0.0118864830583334,0.0134742083027959,0.0116624180227518,0.0133879110217094,0.0140131786465645,0.0130411060526967,0.0128884958103299,0.0124537572264671,0.0125016495585442,0.0132860317826271,0.0123975733295083,0.0121180126443505,0.0142745217308402,0.012943010777235,0.012340628542006,0.0134322540834546,0.0130054457113147,0.012173131108284,0.01152378693223,0.012575164437294,0.0121253738179803,0.0129392007365823,0.0123923039063811,0.0132616059854627,0.0143291754648089,0.010207992978394,0.0131513336673379,0.0131958285346627,
1316.0,0.0126821650192142,0.0133488113060594,0.0134830810129642,0.0134873958304524,0.0121300304308534,0.0127706471830606,0.0129498308524489,0.0127713549882174,0.0132915154099464,0.0134576233103871,0.0135481404140592,0.0132463928312063,0.0137343462556601,0.0134862568229437,0.0126879140734673,0.0114288153126836,0.0131903626024723,0.0135285649448633,0.0119846845045686,0.0122418906539679,0.0117072248831391,0.0132798822596669,0.0114855160936713,0.0132009433582425,0.0138166043907404,0.0128617426380515,0.0127046061679721,0.0122765321284533,0.0123018510639668,0.0130886780098081,0.012212092988193,0.0119429538026452,0.0140762468799949,0.0127607583999634,0.0121667860075831,0.0132453069090843,0.0128172533586621,0.0119937350973487,0.0113483425229788,0.01238923240453,0.0119566954672337,0.0127558382228017,0.0122109027579427,0.0130703877657652,0.0141279483214021,0.0100613133981824,0.0129553815349936,0.0130093395709991,
1317.0,0.0125149060040712,0.0131741622462869,0.0132974740117788,0.0132993590086699,0.0119518507272005,0.0125790648162365,0.0127700036391616,0.0126047004014254,0.0131068052724004,0.0132880918681622,0.0133623750880361,0.0130666540935636,0.0135547146201134,0.0133183086290956,0.0125315729528666,0.0112939951941371,0.0130112506449223,0.0133613282814622,0.0118364710360765,0.0120893474668264,0.0115462495014071,0.0131015190854669,0.0113237062469125,0.0130339059978724,0.0136377820745111,0.012698931619525,0.0125418184325099,0.0121137965470552,0.0121192568913102,0.0129080396145582,0.0120450146496296,0.0117797516286373,0.0138989202678204,0.0126000121235847,0.0120097501203418,0.0130832651630044,0.012648168951273,0.0118274884298444,0.0111909890547395,0.0122182015329599,0.011804704554379,0.0125925857573748,0.0120467133820057,0.0128990449011326,0.0139570785686374,0.009926144964993,0.0127816777676344,0.012846328318119,
1318.0,0.0123485224321485,0.012999732978642,0.0131068583577871,0.0131094800308347,0.0117688840255141,0.0123882442712784,0.0125860115513206,0.0124315414577723,0.0129202073439956,0.013111088424921,0.0131661146879196,0.0128838252276182,0.0133677562698722,0.0131444605067372,0.0123660815879703,0.0111503284424543,0.0128230191767216,0.0131892589852214,0.0116879614070058,0.0119329830631614,0.0113795343786478,0.0129223950207233,0.0111566344276071,0.0128599144518375,0.0134543878957629,0.0125342318788171,0.012370090931654,0.0119496360421181,0.0119302654638886,0.0127247143536806,0.0118716079741716,0.0116168325766921,0.0137125998735428,0.0124285714700818,0.0118467742577195,0.0129106855019927,0.0124713284894824,0.0116602573543787,0.0110280718654394,0.0120414523407817,0.0116507513448596,0.0124233737587929,0.0118776159361005,0.0127183208242059,0.013772333972156,0.00978847127407789,0.0125991217792034,0.0126745849847794,
1319.0,0.0122028393670917,0.0128511553630233,0.0129320779815316,0.0129415458068252,0.0115996710956097,0.0122181046754122,0.012422401458025,0.0122788762673736,0.0127489799633622,0.0129482001066208,0.0129835903644562,0.0127243166789412,0.0131953358650208,0.0129916956648231,0.0122182201594114,0.0110234720632434,0.0126527771353722,0.0130398543551564,0.0115561364218593,0.0117883756756783,0.0112269958481193,0.0127603225409985,0.0110012898221612,0.0126998592168093,0.0132870199158788,0.0123894475400448,0.0122118126600981,0.0118081597611308,0.0117532406002283,0.0125567466020584,0.0117140151560307,0.011472481302917,0.0135417329147458,0.0122675308957696,0.0116982394829392,0.0127522610127926,0.0123085919767618,0.0115115763619542,0.0108817592263222,0.0118775703012943,0.011512404307723,0.0122746005654335,0.0117200873792171,0.0125496545806527,0.0136063890531659,0.00966533273458481,0.0124338055029511,0.0125181777402759,
1320.0,0.0120284361764789,0.0126659562811255,0.0127318073064089,0.0127419577911496,0.0114080961793661,0.0120188975706697,0.0122299827635288,0.0120974080637097,0.012554818764329,0.0127632562071085,0.0127782495692372,0.0125290313735604,0.0129967499524355,0.01280820928514,0.0120433075353503,0.0108716767281294,0.0124555816873908,0.0128555847331882,0.0113985184580088,0.0116223366931081,0.0110516957938671,0.012573117390275,0.0108245061710477,0.0125144366174936,0.0130921537056565,0.0122183663770556,0.0120321800932288,0.0116353305056691,0.0115562714636326,0.0123630166053772,0.0115305688232183,0.0113018555566669,0.0133454408496618,0.0120842093601823,0.0115257371217012,0.0125677073374391,0.0121233435347676,0.0113348942250013,0.0107113234698772,0.011693712323904,0.0113498875871301,0.012095314450562,0.0115430606529117,0.0123607395216823,0.0134087605401874,0.00951962638646364,0.0122441211715341,0.0123371677473187,
1321.0,0.0118714459240437,0.0124952783808112,0.0125471446663141,0.0125559326261282,0.0112293874844909,0.0118330856785178,0.0120511911809444,0.0119268810376525,0.0123847499489784,0.0126011446118355,0.012589386664331,0.0123416669666767,0.0128139881417155,0.0126369623467326,0.0118813468143344,0.0107275228947401,0.0122702997177839,0.012684335000813,0.0112571259960532,0.0114755425602198,0.0108895236626267,0.0124068586155772,0.0106602786108851,0.012344790622592,0.0129152899608016,0.0120657961815596,0.0118688642978668,0.0114727998152375,0.011374075897038,0.0121872015297413,0.0113585954532027,0.0111460015177727,0.0131629770621657,0.0119149954989552,0.0113643109798431,0.0123968394473195,0.0119530605152249,0.0111715076491237,0.0105538889765739,0.0115246055647731,0.0112076234072447,0.0119268065318465,0.0113859642297029,0.0121864341199398,0.0132218031212687,0.00938365329056978,0.0120684653520584,0.0121736079454422,
1322.0,0.0116591835394502,0.0122675113379955,0.0123111624270678,0.0123150078579783,0.011004600673914,0.0115989400073886,0.0118195051327348,0.0117066483944654,0.012152292765677,0.0123740173876286,0.0123451221734285,0.0121068647131324,0.012576132081449,0.0124115226790309,0.0116653079167008,0.0105410851538181,0.0120328832417727,0.0124576212838292,0.0110632935538888,0.0112749114632607,0.0106811905279756,0.0121827926486731,0.0104515319690108,0.0121212573722005,0.0126798488199711,0.0118548115715384,0.0116522600874305,0.0112619195133448,0.0111449025571346,0.0119571620598435,0.0111404238268733,0.0109401689842343,0.0129267713055015,0.0116937411949039,0.0111580034717917,0.0121727371588349,0.0117301279678941,0.0109593793749809,0.0103488732129335,0.0113057671114802,0.01100829616189,0.011708595789969,0.0111744292080402,0.0119618950411677,0.0129804909229279,0.00920838303864002,0.0118409432470798,0.0119528546929359,
1323.0,0.0114305317401886,0.0120168421417475,0.0120662041008472,0.0120573733001947,0.0107677020132542,0.0113547220826149,0.0115727176889777,0.0114766601473093,0.0119044221937656,0.012130537070334,0.0120914690196514,0.0118570411577821,0.0123271513730288,0.0121765919029713,0.0114357033744454,0.0103494627401233,0.0117843803018332,0.0122127272188663,0.0108546139672399,0.0110641028732061,0.0104640433564782,0.0119464257732034,0.0102328546345234,0.0118864588439465,0.0124283833429217,0.0116306794807315,0.0114261517301202,0.0110386144369841,0.0109101571142673,0.0117128156125546,0.0109118269756436,0.0107211479917169,0.0126865636557341,0.0114608695730567,0.0109460530802608,0.0119369197636843,0.0114994440227747,0.0107336016371846,0.0101321982219815,0.0110791232436895,0.0107926670461893,0.0114782489836216,0.0109518943354487,0.0117365187034011,0.0127278622239828,0.00902272574603558,0.0116072995588183,0.0117196189239621,
1324.0,0.0111472001299262,0.0117145553231239,0.01175825484097,0.0117446845397353,0.0104835880920291,0.0110527509823442,0.0112736942246556,0.0111883003264666,0.0115986047312617,0.0118290232494473,0.0117755234241486,0.0115521503612399,0.0120146824046969,0.0118757635354996,0.0111514218151569,0.0101001737639308,0.0114789428189397,0.0119105745106936,0.0105942757800221,0.0107949413359165,0.0101934699341655,0.011647267267108,0.00996480323374271,0.0115912249311805,0.0121177667751908,0.0113474885001779,0.011141873896122,0.0107601331546903,0.0106173269450665,0.0114119285717607,0.0106295878067613,0.010450447909534,0.0123752141371369,0.0111731002107263,0.0106747150421143,0.0116412797942758,0.011207839474082,0.0104558011516929,0.00986653286963701,0.0107974605634809,0.0105238733813167,0.0111912358552217,0.0106734102591872,0.0114405024796724,0.0124097066000104,0.00879460666328669,0.0113107850775123,0.0114258723333478,
1325.0,0.0108032366260886,0.0113550666719675,0.0113913333043456,0.0113752530887723,0.0101521052420139,0.0106933927163482,0.0109194284304976,0.0108411405235529,0.0112287802621722,0.0114568984135985,0.0113930236548185,0.0111939711496234,0.0116390790790319,0.0115067288279533,0.0108055677264929,0.00979506317526102,0.0111130345612764,0.0115504236891866,0.0102785639464855,0.0104653714224696,0.00986807234585285,0.0112832421436906,0.00964670907706022,0.0112325605005026,0.0117448037490249,0.0109980925917625,0.010795340873301,0.0104263480752707,0.0102671459317207,0.0110544487833977,0.0102942893281579,0.0101247616112232,0.0119930878281593,0.0108283776789904,0.0103454310446978,0.0112850293517113,0.0108519466593862,0.0101229948922992,0.00954640097916126,0.0104593681171536,0.0101923858746886,0.0108453128486872,0.0103337075561285,0.0110745467245579,0.0120251625776291,0.00852315220981836,0.0109477452933788,0.0110662654042244,
1326.0,0.0104545634239912,0.0109840659424663,0.0110115306451917,0.0109912641346455,0.00980647373944521,0.0103264562785625,0.0105517935007811,0.0104836020618677,0.0108494497835636,0.011081138625741,0.0110046165063977,0.0108222514390945,0.0112532479688525,0.0111314114183187,0.0104522313922644,0.00948328990489244,0.0107378540560603,0.0111756641417742,0.00995283760130405,0.0101279588416219,0.00953664351254702,0.0109112877398729,0.00931929983198643,0.0108669903129339,0.0113603882491589,0.0106435446068645,0.0104416916146874,0.0100818080827594,0.00990915298461914,0.0106841661036015,0.00994851160794497,0.00979189295321703,0.0116039551794529,0.0104724373668432,0.0100100310519338,0.0109180714935064,0.0104902153834701,0.0097830705344677,0.00922114308923483,0.0101104872301221,0.0098591223359108,0.010491831228137,0.00998823810368776,0.0107060568407178,0.0116305612027645,0.00824276637285948,0.0105799091979861,0.0107008740305901,
1327.0,0.0100346738472581,0.0105352513492107,0.0105428239330649,0.0105219231918454,0.00939073506742716,0.00987789966166019,0.0101062720641494,0.0100468881428242,0.0103882001712918,0.010633010417223,0.0105385705828667,0.0103674102574587,0.0107791507616639,0.0106702148914337,0.0100246667861938,0.00909878499805927,0.0102848410606384,0.0107140997424722,0.00955270975828171,0.00971152726560831,0.00913671404123306,0.0104542821645737,0.00892121903598309,0.0104228332638741,0.0108917923644185,0.0102118905633688,0.0100139193236828,0.00965786166489124,0.00947325397282839,0.010232605971396,0.00952840037643909,0.00938702374696732,0.0111258653923869,0.0100377015769482,0.00959971453994513,0.010467791929841,0.0100509878247976,0.00937021337449551,0.00882661435753107,0.00968865118920803,0.00945629365742207,0.0100631071254611,0.00956808030605316,0.010250729508698,0.011147097684443,0.00790355075150728,0.0101333875209093,0.0102570587769151,
1328.0,0.00965733453631401,0.0101346848532557,0.0101308869197965,0.0101087344810367,0.00901831313967705,0.00948361586779356,0.00971117056906223,0.00965941324830055,0.00997960101813078,0.0102293854579329,0.0101201385259628,0.0099648255854845,0.0103614144027233,0.0102643594145775,0.00964500568807125,0.00875919125974178,0.00988178513944149,0.0103068156167865,0.00920019671320915,0.00934490188956261,0.00877786241471767,0.010052147321403,0.00856904312968254,0.010026378557086,0.0104766981676221,0.00983008649200201,0.00963207706809044,0.00928478967398405,0.0090890908613801,0.00983049068599939,0.00915397331118584,0.00902764219790697,0.0107023222371936,0.00965380482375622,0.00923536345362663,0.010070463642478,0.00966238882392645,0.00900447275489569,0.00847944617271423,0.00931140314787626,0.00909832306206226,0.00967998337000608,0.0091979131102562,0.00985445268452168,0.0107207512483001,0.00759891653433442,0.00973759312182665,0.00986307580024004,
1329.0,0.00926279462873936,0.00971359759569168,0.00970168597996235,0.00967634748667479,0.00862307846546173,0.00907854083925486,0.00929710362106562,0.00925235822796822,0.00955258309841156,0.00980233494192362,0.00967755634337664,0.00954369828104973,0.00992721319198608,0.00984222628176212,0.009247119538486,0.00840901490300894,0.00945939682424068,0.00987918023020029,0.0088317571207881,0.00896344799548388,0.00840320996940136,0.00963557325303555,0.00820185802876949,0.00961103942245245,0.0100432187318802,0.00943148322403431,0.00922963488847017,0.00889514107257128,0.00869340542703867,0.00940721295773983,0.00876230653375387,0.00865260511636734,0.0102596851065755,0.0092511810362339,0.00885713566094637,0.00965733919292688,0.00926184747368097,0.00862320046871901,0.00812087208032608,0.00891260523349047,0.00872748345136642,0.00927988719195127,0.00881422311067581,0.00945024285465479,0.0102765634655952,0.00727602327242494,0.00932556483894587,0.0094513026997447,
1330.0,0.00890813581645489,0.0093328021466732,0.00931878481060266,0.00928932894021273,0.00826821476221085,0.00871453713625669,0.00892093684524298,0.00889022927731276,0.0091693801805377,0.00942238979041576,0.00928850006312132,0.00916727911680937,0.00953777600079775,0.00946739688515663,0.00888993497937918,0.00808844901621342,0.00908027682453394,0.0094963051378727,0.00850172992795706,0.0086229657754302,0.00806461367756128,0.00926253665238619,0.00787313468754292,0.00924028642475605,0.0096500227227807,0.00907531101256609,0.0088714649900794,0.00854889675974846,0.00833503529429436,0.00902712158858776,0.0084064481779933,0.00831710733473301,0.00986799970269203,0.0088910860940814,0.00851760432124138,0.00928298011422157,0.00889599975198507,0.0082833431661129,0.00780030619353056,0.00855387561023235,0.00839551072567701,0.00891804695129395,0.00847065821290016,0.00908978655934334,0.00987887941300869,0.00698727089911699,0.00895935948938131,0.00908406637609005,
1331.0,0.00860431790351868,0.00901874992996454,0.00900054350495338,0.0089667122811079,0.00797354336827993,0.00840724166482687,0.00861031655222178,0.00858383812010288,0.00884596724063158,0.00910410098731518,0.00895890220999718,0.00885273888707161,0.00921373348683119,0.00915892422199249,0.00859327986836433,0.00781880971044302,0.00876551307737827,0.0091766994446516,0.00822451524436474,0.00833697896450758,0.00777937052771449,0.00894934311509132,0.00759884435683489,0.00892974901944399,0.00932696275413036,0.00878133904188871,0.00857075117528439,0.00825960841029882,0.00803334545344114,0.00871085934340954,0.00811448693275452,0.00803265906870365,0.00953960046172142,0.00859252829104662,0.00822872389107943,0.00897151883691549,0.00858790334314108,0.00799964554607868,0.0075292200781405,0.00825731828808784,0.00811233278363943,0.00861585605889559,0.0081817926838994,0.00878561567515135,0.00954995304346085,0.00674740690737963,0.00865086633712053,0.00877650454640388,
1332.0,0.00836474355310202,0.00877463258802891,0.00874747056514025,0.00871577113866806,0.00774141680449247,0.00816483702510595,0.00836702343076468,0.00834501441568136,0.00859552156180143,0.0088526401668787,0.0086975609883666,0.00860525853931904,0.00896169804036617,0.00891468860208988,0.00836437847465277,0.00760969845578074,0.00851834937930107,0.00893243961036205,0.00800975691527128,0.00811556447297335,0.00755197321996093,0.00870154611766338,0.00738319056108594,0.00868500396609306,0.00907565094530582,0.00855409167706966,0.00833697989583015,0.00803110189735889,0.00779604958370328,0.00846541859209538,0.0078878216445446,0.00781518872827291,0.0092829680070281,0.00836109463125467,0.00800025276839733,0.00873295776546001,0.00834369845688343,0.00777779472991824,0.00732234446331859,0.00802343431860209,0.00789340771734715,0.00837610103189945,0.00795352645218372,0.00854845158755779,0.00928959436714649,0.00655769975855947,0.0084059601649642,0.0085339741781354,
1333.0,0.00818361155688763,0.00858673080801964,0.00855216290801764,0.00851649604737759,0.00755975348874927,0.00797338411211967,0.00817957799881697,0.0081634484231472,0.00839915126562119,0.00866243336349726,0.00849977601319551,0.00841246265918016,0.00876644626259804,0.00872801244258881,0.00818370841443539,0.00744985323399305,0.00832462031394243,0.00874700117856264,0.00784636568278074,0.00794497411698103,0.00737493112683296,0.00851172395050526,0.00721202371641994,0.00849831011146307,0.00888153910636902,0.00837812386453152,0.00815820135176182,0.00785637181252241,0.00761032663285732,0.0082761263474822,0.00771043077111244,0.00764772854745388,0.00908495765179396,0.00818348489701748,0.0078271459788084,0.00854707695543766,0.00815646443516016,0.00760496780276299,0.00715537928044796,0.0078449435532093,0.0077240876853466,0.00819379650056362,0.00777765549719334,0.00836113281548023,0.00909089762717485,0.00641285860911012,0.00821721740067005,0.00834785867482424,
1334.0,0.008095383644104,0.00849693175405264,0.00845173187553883,0.00840569566935301,0.00746493274345994,0.00786728039383888,0.00808497797697783,0.00807532016187906,0.00829366408288479,0.00857252813875675,0.00840480998158455,0.00831403117626905,0.00867047067731619,0.00863914843648672,0.00809111259877682,0.00737092224881053,0.00822309404611588,0.00866235699504614,0.00776562094688416,0.00786039233207703,0.00728168105706573,0.00841479003429413,0.00711825070902705,0.00841009616851807,0.00878852419555187,0.00829518400132656,0.00807468313723803,0.00776887545362115,0.00751024950295687,0.00818478129804134,0.00762570044025779,0.00756792211905122,0.00898889359086752,0.00809797458350658,0.00774312252178788,0.00845488719642162,0.00805728137493134,0.00751867983490229,0.00706318765878677,0.00776003953069448,0.00763848889619112,0.00810572039335966,0.00768661592155695,0.00825988873839378,0.00899500772356987,0.00634446088224649,0.00812118407338858,0.00825531408190727,
1335.0,0.00797750242054462,0.00837581418454647,0.0083218514919281,0.00827530957758427,0.00734307570382953,0.00773841701447964,0.00796204246580601,0.00795643869787455,0.00816488265991211,0.00845057424157858,0.00827635545283556,0.00818390119820833,0.008539829403162,0.00851803924888372,0.00797104649245739,0.00726897781714797,0.00809626001864672,0.00854183826595545,0.0076619079336524,0.00774928368628025,0.00716506224125624,0.00829178001731634,0.00700412271544337,0.00828749593347311,0.00866016466170549,0.0081794373691082,0.00795480795204639,0.00765411974862218,0.00738470209762454,0.00806042365729809,0.00750559289008379,0.00745560135692358,0.00885948818176985,0.0079807685688138,0.00762836914509535,0.0083334157243371,0.00793668068945408,0.00740400375798345,0.0069494997151196,0.00764218857511878,0.00752770062536001,0.00798770785331726,0.00756870256736875,0.00813446659594774,0.00886466447263956,0.00624887505546212,0.00799531862139702,0.0081334887072444,
1336.0,0.0079368632286787,0.00833308324217796,0.00827288441359997,0.00822798721492291,0.00729005457833409,0.00768363475799561,0.00791851710528135,0.00791572220623493,0.00811855401843786,0.00841217953711748,0.00823147222399712,0.00812844000756741,0.0084891552105546,0.00847479607909918,0.0079227052628994,0.00723875174298882,0.00804710108786821,0.00850420631468296,0.00763572240248322,0.00771234324201941,0.00711579527705908,0.00825086887925863,0.00695690838620067,0.00823999755084515,0.00860924739390612,0.00813586264848709,0.00790732726454735,0.00761417020112276,0.00733256014063954,0.00801140908151865,0.00744785368442535,0.00741309020668268,0.00880977138876915,0.00793795939534903,0.00758559117093682,0.00829135067760944,0.0078984759747982,0.00735743809491396,0.00690079992637038,0.00759707437828183,0.00748888496309519,0.0079470407217741,0.00752416998147964,0.00808525085449219,0.00881804525852203,0.00620800023898482,0.00794543046504259,0.00808864925056696,
1337.0,0.00779320020228624,0.00818177126348019,0.0081135667860508,0.00807153806090355,0.00714541738852859,0.00753307528793812,0.00776800885796547,0.0077697429805994,0.00796450581401587,0.0082567110657692,0.00807157997041941,0.00797078385949135,0.00832591764628887,0.00832235999405384,0.00777508551254869,0.00711130490526557,0.00789292715489864,0.00835184101015329,0.00750392163172364,0.00757393520325422,0.00697749992832541,0.00810032989829779,0.00681929802522063,0.00808800477534533,0.00845013558864594,0.00798898935317993,0.00775863556191325,0.00747331650927663,0.00718412455171347,0.00786074250936508,0.00730191636830568,0.00727448659017682,0.00865094549953938,0.0077934511937201,0.00744502106681466,0.00813872739672661,0.0077523454092443,0.00721551245078444,0.00676323845982552,0.00745107373222709,0.00735286111012101,0.00779905961826444,0.00738091580569744,0.00793212186545134,0.00865471363067627,0.00609415583312511,0.00779227539896965,0.00793916545808315,
1338.0,0.00765828462317586,0.00804006773978472,0.00795986503362656,0.00792928040027618,0.00700996955856681,0.00739727867767215,0.00762304849922657,0.0076297065243125,0.00782189890742302,0.00810454599559307,0.00791602116078138,0.00782085675746202,0.00816713180392981,0.00818208139389753,0.00763818807899952,0.00699261063709855,0.00775179080665112,0.00820204894989729,0.00737969251349568,0.00744497682899237,0.00685273809358478,0.00795821659266949,0.00669186608865857,0.00794458482414484,0.00830106716603041,0.00785094685852528,0.00761378789320588,0.00733964797109365,0.00704238470643759,0.00772060314193368,0.0071654743514955,0.00713969999924302,0.0085057569667697,0.00765668414533138,0.00731039606034756,0.00799283385276794,0.00761688267812133,0.00708151329308748,0.0066333538852632,0.00730790384113789,0.00722533976659179,0.00765760149806738,0.00724327703937888,0.00779070286080241,0.00849670358002186,0.00599090242758393,0.00764556787908077,0.00780043983832002,
1339.0,0.0074068121612072,0.00777713628485799,0.00769175495952368,0.00766407325863838,0.00677253771573305,0.00714553240686655,0.00736680487170815,0.00737731624394655,0.00756086921319366,0.00783723220229149,0.00764552503824234,0.00755740376189351,0.00789070874452591,0.00791218597441912,0.00738670770078897,0.00676616234704852,0.0074909976683557,0.00793460477143526,0.0071421405300498,0.0072021852247417,0.00662210071459413,0.00769786164164543,0.00646501872688532,0.00768274953588843,0.00802716240286827,0.00759434653446078,0.00735969468951225,0.00709518743678927,0.00679804524406791,0.00746291410177946,0.00692364806309342,0.00690029747784138,0.00822932552546263,0.00740527594462037,0.00706788944080472,0.00772987212985754,0.00736326724290848,0.00684106256812811,0.00640694564208388,0.00706156203523278,0.00699005974456668,0.00740157160907984,0.00699977949261665,0.00753069017082453,0.0082154106348753,0.00579477474093437,0.00738791702315211,0.00754241133108735,
1340.0,0.00709587801247835,0.00745050376281142,0.00736242718994617,0.00733192637562752,0.00648492481559515,0.00683518312871456,0.00705151259899139,0.00706645054742694,0.00723821111023426,0.00750431511551142,0.00730943121016026,0.00723818596452475,0.00754986144602299,0.00757109047845006,0.00707596354186535,0.00648329732939601,0.00716701522469521,0.00760562065988779,0.00684231286868453,0.00689916731789708,0.00633790018036962,0.00737672904506326,0.00618444243445992,0.00736103905364871,0.00768951466307044,0.0072758081369102,0.0070519894361496,0.00679177045822144,0.00649985997006297,0.00714548164978623,0.00663267029449344,0.00660832738503814,0.00788902770727873,0.00709747197106481,0.00676959101110697,0.00740429572761059,0.00704683922231197,0.00654409825801849,0.00613082572817802,0.00676014879718423,0.00670062797144055,0.00707938754931092,0.00670167338103056,0.00720962323248386,0.00786818657070398,0.00555777363479137,0.0070724724791944,0.00722163310274482,
1341.0,0.00669543445110321,0.00702967029064894,0.0069397808983922,0.00691257463768125,0.00611252756789327,0.0064398399554193,0.00664732838049531,0.00666707148775458,0.00682434672489762,0.0070788417942822,0.00688469922170043,0.00682369386777282,0.00711685419082642,0.00714162085205317,0.00667662778869271,0.00611721538007259,0.00675332359969616,0.00717824138700962,0.00645803241059184,0.0065092733129859,0.0059733996167779,0.00696019921451807,0.00582881411537528,0.00694453436881304,0.00725575862452388,0.00686573795974255,0.00664891023188829,0.00640491489320993,0.00612144032493234,0.00673817750066519,0.00625333050265908,0.00623007770627737,0.00744403619319201,0.00669633597135544,0.00638739904388785,0.00698469812050462,0.00664264708757401,0.00616598408669233,0.00577652407810092,0.00637360196560621,0.00632389169186354,0.00667668227106333,0.00631893519312143,0.00679677631705999,0.00742155592888594,0.00524312350898981,0.00666804984211922,0.00681218784302473,
1342.0,0.00618317909538746,0.00649613793939352,0.00640645157545805,0.00638449052348733,0.00564115820452571,0.00593528943136334,0.00613800715655088,0.00615796959027648,0.00629890942946076,0.00654571410268545,0.00635080179199576,0.00629781978204846,0.00657180324196815,0.00659469049423933,0.0061723031103611,0.00564937386661768,0.00622721994295716,0.00663462979719043,0.00596893159672618,0.006012047175318,0.00551008293405175,0.00643260963261127,0.00538376625627279,0.00641342205926776,0.00670496514067054,0.00634249160066247,0.00613483367487788,0.00591435236856341,0.00564417475834489,0.00621868576854467,0.00576750282198191,0.00574681721627712,0.00687162624672055,0.00618026684969664,0.00590422097593546,0.00645299768075347,0.0061262808740139,0.00568536808714271,0.00532819563522935,0.00588689465075731,0.00584410596638918,0.0061725159175694,0.0058323391713202,0.00626925239339471,0.0068557932972908,0.00483428034931421,0.00615881802514195,0.00629292242228985,
1343.0,0.00565278064459562,0.00593796093016863,0.00585194118320942,0.00583178084343672,0.00515088252723217,0.0054164556786418,0.00560393650084734,0.00562967173755169,0.00575306732207537,0.00598427327349782,0.00579585880041122,0.00575016299262643,0.00600301520898938,0.00602727569639683,0.00564122898504138,0.00516242859885097,0.00568446051329374,0.00606629485264421,0.00545757869258523,0.00549476966261864,0.00502991955727339,0.00587882334366441,0.00491590658202767,0.00586189469322562,0.00612716004252434,0.00579897966235876,0.00560157606378198,0.00540233496576548,0.0051505439914763,0.00567994639277458,0.00526616536080837,0.00524644879624248,0.00628005200996995,0.00564815988764167,0.00539601035416126,0.00589913222938776,0.00559416739270091,0.00519049912691116,0.00486455718055367,0.00537899089977145,0.00534227956086397,0.00564197590574622,0.00532792787998915,0.00572548946365714,0.00626737484708428,0.00441604806110263,0.00562482792884111,0.00574969500303268,
1344.0,0.00501655321568251,0.0052623045630753,0.00518308905884624,0.00516420649364591,0.00455649336799979,0.00479659903794527,0.0049562519416213,0.00499655166640878,0.00509412959218025,0.00530254375189543,0.00512678828090429,0.00508417608216405,0.00531785609200597,0.00535106565803289,0.00499548949301243,0.00457234960049391,0.00502942316234112,0.0053785708732903,0.00484049739316106,0.00487222103402019,0.00445162272080779,0.00520398421213031,0.00434955628588796,0.00519728008657694,0.00542791187763214,0.00514683127403259,0.00495284516364336,0.00478629069402814,0.00455948850139976,0.00503404997289181,0.00466339755803347,0.00464313197880983,0.00556882144883275,0.00501021416857839,0.00478353723883629,0.00522912153974175,0.00495653925463557,0.00459783570840955,0.00430494593456388,0.00476601021364331,0.00473188003525138,0.00500420946627855,0.00472132721915841,0.00507026351988316,0.00555806886404753,0.00391200045123696,0.00497820740565658,0.00509462552145123,
1345.0,0.00441291462630033,0.00462398817762733,0.00455105630680919,0.00453547481447458,0.00400012452155352,0.00421170005574822,0.00434799585491419,0.00439433613792062,0.00447397632524371,0.004659712780267,0.00449846871197224,0.00446366239339113,0.00467101112008095,0.00470654759556055,0.00439119897782803,0.00401762686669827,0.00441576633602381,0.00472912471741438,0.00425557186827064,0.00428201211616397,0.0039075929671526,0.00457109929993749,0.003816137323156,0.0045686075463891,0.00477072782814503,0.00452578952535987,0.00434816302731633,0.00420418661087751,0.00400129938498139,0.00442257989197969,0.00409462442621589,0.00407662335783243,0.00489271292462945,0.00440388917922974,0.00420315936207771,0.00459703290835023,0.00435306970030069,0.00403811503201723,0.00377950700931251,0.00418635364621878,0.00415904773399234,0.0044004344381392,0.00414909608662128,0.00445609306916595,0.00488747516646981,0.00343790464103222,0.00437035458162427,0.00447582313790917,
1346.0,0.00374111742712557,0.00391204515472054,0.00384826399385929,0.00383566902019084,0.00338512356393039,0.00356493145227432,0.00366927217692137,0.00372427981346846,0.00378644093871117,0.00394367659464478,0.00380327925086021,0.00378231820650399,0.00395265920087695,0.00398295978084207,0.00371944578364491,0.00340159167535603,0.00374187016859651,0.00400674808770418,0.00359886395744979,0.00362249882891774,0.00330526288598776,0.0038682771846652,0.00321987620554864,0.00387008325196803,0.00403931504115462,0.00383179634809494,0.0036842857953161,0.00355390855111182,0.00338257919065654,0.00373964989557862,0.00346511392854154,0.00344834895804524,0.0041381474584341,0.00372865493409336,0.00355134671553969,0.0038964340928942,0.00368193187750876,0.00341960322111845,0.00320068653672934,0.00354054453782737,0.00352337397634983,0.00372412195429206,0.00351645518094301,0.00378436828032136,0.00414319941774011,0.00291638751514256,0.00369314011186361,0.00378438457846642,
1347.0,0.00314788660034537,0.00328438798896968,0.00323190749622881,0.00322029553353786,0.00284365145489573,0.00299323699437082,0.00307593820616603,0.00313193211331964,0.00318085215985775,0.00331257935613394,0.00319202104583383,0.00317714689299464,0.00331857590936124,0.00334926997311413,0.00312773231416941,0.00285894819535315,0.00314456550404429,0.00336867268197238,0.0030250905547291,0.0030431617051363,0.00277454871684313,0.00324804685078561,0.00269917049445212,0.00325343175791204,0.00339386006817222,0.00322184944525361,0.00309501262381673,0.00298315309919417,0.00283719692379236,0.00314108026213944,0.00291078491136432,0.00289694592356682,0.00347583112306893,0.00313488044776022,0.00297963269986212,0.00327658769674599,0.00309341633692384,0.00287381443195045,0.00268993177451193,0.00297361938282847,0.00296315015293658,0.00312937260605395,0.00295652844943106,0.00318354554474354,0.00348536670207977,0.00245318515226245,0.00309826876036823,0.0031768144108355,
1348.0,0.00256225955672562,0.00266223098151386,0.00262524583376944,0.00261379312723875,0.00231260294094682,0.00242843339219689,0.00249667768366635,0.00254268245771527,0.00258506508544087,0.00269114295952022,0.00259278388693929,0.0025816336274147,0.00269192457199097,0.00272468477487564,0.00254837237298489,0.00232511921785772,0.0025559663772583,0.00273948325775564,0.00246168416924775,0.00247124768793583,0.00225239782594144,0.0026368594262749,0.00218779733404517,0.00264465226791799,0.00275725987739861,0.00261953729204834,0.00251482939347625,0.00242045917548239,0.00229936605319381,0.00255413283593953,0.00236238376237452,0.00235792435705662,0.00282027409411967,0.0025470859836787,0.00241551781073213,0.00266310153529048,0.00251524313353002,0.0023354219738394,0.00218605063855648,0.00241438136436045,0.00241178902797401,0.00254442053847015,0.00240328861400485,0.0025875517167151,0.00283498712815344,0.00199452787637711,0.00251264194957912,0.00257879705168307,
1349.0,0.00202818890102208,0.00210328004322946,0.00207522627897561,0.0020701817702502,0.00183312804438174,0.00191862497013062,0.00197182106785476,0.00201043346896768,0.00204603536985815,0.00212347507476807,0.00204949313774705,0.00204256549477577,0.00212596193887293,0.00215889164246619,0.0020228698849678,0.00184213288594037,0.00202420400455594,0.00216397270560265,0.00195099948905408,0.00195385795086622,0.00177844194695354,0.00208534393459558,0.00172996812034398,0.00209027691744268,0.00218542478978634,0.0020684227347374,0.00199116673320532,0.00191478244960308,0.00181293289642781,0.00201861374080181,0.00186922727152705,0.00186864228453487,0.00222613546065986,0.00201449147425592,0.00190535478759557,0.00210734526626766,0.00198983494192362,0.00184622267261147,0.00173278839793056,0.00191000197082758,0.00191459234338254,0.00201369309797883,0.00190122483763844,0.0020462644752115,0.00224330672062933,0.00157995254267007,0.0019863648340106,0.00203858129680157,
1350.0,0.00156258174683899,0.00161904445849359,0.00160143245011568,0.00159802287817001,0.00141179573256522,0.0014771749265492,0.00151641829870641,0.00154756137635559,0.00157632119953632,0.00163237750530243,0.00157657393720001,0.00157044478692114,0.00163508695550263,0.00167235243134201,0.00156700459774584,0.00142068776767701,0.00155749055556953,0.00166591780725867,0.00150881358422339,0.00150726817082614,0.00137179729063064,0.00160401279572397,0.0013333773240447,0.00160916510503739,0.00168693135492504,0.00159897946286947,0.00152879068627954,0.00147732987534255,0.00139209546614438,0.0015579117462039,0.00144330586772412,0.0014428187860176,0.00171740993391722,0.00155590195208788,0.00147258001379669,0.0016231742920354,0.00153748865704983,0.0014234590344131,0.00133706198539585,0.00146947940811515,0.00148095760960132,0.00155056267976761,0.00146464863792062,0.00157387205399573,0.00172780035063624,0.00121420959476382,0.00153130106627941,0.00156818295363337,
1351.0,0.00117465876974165,0.00121932593174279,0.00120780523866415,0.00119894568342716,0.00106280867476016,0.00111240544356406,0.00113807478919625,0.00115951569750905,0.00118609110359102,0.00123139598872513,0.00118361075874418,0.0011803925735876,0.00122673239093274,0.00126865820493549,0.00117964530363679,0.00106972176581621,0.00117005547508597,0.00125292921438813,0.00113898399285972,0.00113073003012687,0.00103124312590808,0.00120487646199763,0.00100074370857328,0.0012066705385223,0.00126511766575277,0.00120445038191974,0.00114762841258198,0.00111006118822843,0.00104372494388372,0.00117948022671044,0.00108833226840943,0.00108684913720936,0.00129420671146363,0.00117247342132032,0.00110994675196707,0.00121874280739576,0.00116066203918308,0.001072853570804,0.00100960116833448,0.00110566010698676,0.0011144638992846,0.00116377719677985,0.00110014318488538,0.00118291901890188,0.00130099407397211,0.000913069292437285,0.00115385581739247,0.00118010514415801,
1352.0,0.000854275247547776,0.000894964905455709,0.000879982544574887,0.000872652803082019,0.000779417168814689,0.000813345483038574,0.000828018761239946,0.000848145689815283,0.000866011017933488,0.000897536869160831,0.000857709150295705,0.000864193425513804,0.000892440089955926,0.00092898984439671,0.000859584019053727,0.00078210566425696,0.000851570861414075,0.000911939714569598,0.000829927274025977,0.000819720735307783,0.000755273911636323,0.000881183950696141,0.00073214853182435,0.000878130609635264,0.000924842082895339,0.000877817394211888,0.000836347171571106,0.00081273220712319,0.000762228097300977,0.000863133522216231,0.000800164300017059,0.000796830165199935,0.000942856655456126,0.000853288162034005,0.000814797356724739,0.000889876508153975,0.000844510155729949,0.000783442694228143,0.000740897958166897,0.000804326613433659,0.000815859995782375,0.000848449592012912,0.000804226787295192,0.000869299925398082,0.000950749672483653,0.000667649088427424,0.000846449634991586,0.000861612963490188,
1353.0,0.000603414664510638,0.000639431178569794,0.000622482446487993,0.000617823388893157,0.000558265543077141,0.000580545805860311,0.000587617047131062,0.000599953054916114,0.000614911026787013,0.000636846642009914,0.00060216907877475,0.000616854405961931,0.000634095631539822,0.000662286882288754,0.000609710405115038,0.000556266924832016,0.000599534541834146,0.000648232991807163,0.000588691444136202,0.000577780941966921,0.000542412919458002,0.000626239401753992,0.000522495713084936,0.000619248254224658,0.00066147290635854,0.00062568491557613,0.00059362780302763,0.000576022663153708,0.00054592452943325,0.000615539844147861,0.000571566575672477,0.000571613083593547,0.000667195185087621,0.00060240353923291,0.000590257230214775,0.000632102251984179,0.000600149505771697,0.000558078871108592,0.000522226968314499,0.000564917689189315,0.000582368578761816,0.000600823783315718,0.000571741024032235,0.00062169338343665,0.000674574228469282,0.000476441287901253,0.000603238469921052,0.000613583950325847,
1354.0,0.000404191087000072,0.000432436092523858,0.000417270755860955,0.000410970707889646,0.00037739469553344,0.000391921668779105,0.000392963615013286,0.000401311437599361,0.000412245892221108,0.000427242805017158,0.000399453303543851,0.000416851573390886,0.000427845952799544,0.000447123718913645,0.000407643790822476,0.000372452748706564,0.000399242708226666,0.000433564593549818,0.000394300208427012,0.000382690835976973,0.000367574888514355,0.000419303338276222,0.000352277071215212,0.000414619367802516,0.000447378144599497,0.000419450021581724,0.000396568648284301,0.000386528088711202,0.000370196416042745,0.000415829825215042,0.000386305036954582,0.000387489300919697,0.000445928453700617,0.000401049910578877,0.000404235004680231,0.00042485908488743,0.000403047306463122,0.000375443283701316,0.000348916830262169,0.00037661028909497,0.000393478985643014,0.000401568308006972,0.000383517879527062,0.000417979899793863,0.000455883709946647,0.000321882573189214,0.000406899052904919,0.000412522436818108,
1355.0,0.000288746145088226,0.000306182657368481,0.000296048383461311,0.000282531167613342,0.000270625489065424,0.000277375482255593,0.00027893710648641,0.000284946494502947,0.000290903553832322,0.000300196988973767,0.00028147961711511,0.000296825892291963,0.000309780822135508,0.000311500305542722,0.000281145505141467,0.000260393571807072,0.000280464679235592,0.000302454194752499,0.000276877457508817,0.000265325768850744,0.000262370653217658,0.000292844459181651,0.000253914593486115,0.000298570550512522,0.000319093611324206,0.000291643518721685,0.00027694902382791,0.000273738201940432,0.000269447453320026,0.000291611853754148,0.000272389443125576,0.00027818200760521,0.000311128969769925,0.000278454943327233,0.00028918802854605,0.000304666609736159,0.000284189940430224,0.000265105569269508,0.000242379857809283,0.000268450326984748,0.000280097214272246,0.000283186964225024,0.000269649084657431,0.000289794697891921,0.000330680923070759,0.000231261758017354,0.000287412956822664,0.000292285461910069,
1356.0,0.00017914549971465,0.000192910752957687,0.000183765470865183,0.000172244297573343,0.000170569735928439,0.000173793683643453,0.000173149950569496,0.00017599314742256,0.000180337170604616,0.000184547985554673,0.000171509804204106,0.000185517521458678,0.000196188833797351,0.00019260952831246,0.000170857791090384,0.000159361050464213,0.000170774568687193,0.00018393031496089,0.00017099037359003,0.000161071657203138,0.000165298537467606,0.000180246934178285,0.000159930161316879,0.000187926416401751,0.000202643364900723,0.000178240457898937,0.000170235070982017,0.000168206272064708,0.000173080901731737,0.000183233845746145,0.000170683095348068,0.000176626839675009,0.000190947932424024,0.000168466140166856,0.000184329590410925,0.000189054393558763,0.000176081448444165,0.000163659933605231,0.000147809812915511,0.000165743593242951,0.000176297995494679,0.000174993838299997,0.000166850644745864,0.000176072615431622,0.000210590718779713,0.000147724174894392,0.000177472160430625,0.000179069902515039,
1357.0,0.000126270009786822,0.000138711067847908,0.00013121978554409,0.000123731821076944,0.000114588241558522,0.00012481861631386,0.000121476856293157,0.000119846212328412,0.000124940925161354,0.000129997788462788,0.000120358337881044,0.000129683598061092,0.000142451230203733,0.000137007576995529,0.00012218025221955,0.000106870124000125,0.000120557306217961,0.000125016391393729,0.000120048542157747,0.000113898160634562,0.000114025991933886,0.000125481383292936,0.000109107124444563,0.000135837806737982,0.000145906757097691,0.000123912046547048,0.000120230914035346,0.000113029534986708,0.000123860372696072,0.000136941904202104,0.000120729338959791,0.000121523436973803,0.000136471440782771,0.00011709523096215,0.0001303591998294,0.000127469014842063,0.000124679514556192,0.000112535992229823,0.000103492297057528,0.000117702860734425,0.000123800418805331,0.000122939629363827,0.000115634225949179,0.00011568222544156,0.000151958694914356,0.000106723957287613,0.000120381999295205,0.000119135365821421,
1358.0,7.31486943550408e-05,8.26943578431383e-05,7.62763738748617e-05,7.23941848264076e-05,6.46762637188658e-05,7.33997803763486e-05,6.75184128340334e-05,6.66141786496155e-05,7.26303478586487e-05,7.38103335606866e-05,6.77411298966035e-05,7.53267813706771e-05,8.59930150909349e-05,8.15200619399548e-05,6.94799673510715e-05,5.77324681216851e-05,6.63833925500512e-05,6.9219597207848e-05,6.92203830112703e-05,6.43384482827969e-05,6.54229079373181e-05,7.17363218427636e-05,6.06254579906818e-05,8.19858687464148e-05,8.97124118637294e-05,6.87577994540334e-05,6.77231219015084e-05,6.27763874945231e-05,7.49004757381044e-05,8.33259909995832e-05,7.05070706317201e-05,7.08675288478844e-05,7.9529381764587e-05,6.42732265987433e-05,7.85895608714782e-05,7.02177785569802e-05,7.16394570190459e-05,6.23640153207816e-05,5.95506062381901e-05,6.73389658913948e-05,7.38587259547785e-05,6.90102460794151e-05,6.69301298330538e-05,6.09800772508606e-05,9.29765737964772e-05,6.45096297375858e-05,6.77081043249927e-05,6.42045706626959e-05,
1359.0,5.09927012899425e-05,6.32580340607092e-05,5.39226639375556e-05,6.29321002634242e-05,5.14130442752503e-05,5.36936240678187e-05,4.66161254735198e-05,4.85090095025953e-05,5.9296336985426e-05,5.2578699978767e-05,4.90346719743684e-05,5.58449064556044e-05,5.9576952480711e-05,6.55613257549703e-05,5.14561179443263e-05,4.54813671240117e-05,4.29902429459617e-05,5.4864492994966e-05,5.53413119632751e-05,5.14748244313523e-05,4.84058728034142e-05,5.76927050133236e-05,4.04151724069379e-05,6.0791768191848e-05,7.20346506568603e-05,4.9946982471738e-05,5.13822997163516e-05,4.85093296447303e-05,5.61648375878576e-05,6.27974368399009e-05,5.44365575478878e-05,5.64957808819599e-05,6.15896424278617e-05,4.64638433186337e-05,5.88880575378425e-05,4.56174529972486e-05,5.26919175172225e-05,4.40459662058856e-05,4.78284928249195e-05,4.59014736406971e-05,6.00969106017146e-05,5.04283889313228e-05,5.49759533896577e-05,4.62398347735871e-05,6.8585060944315e-05,5.07452605233993e-05,4.96344364364631e-05,4.48114878963679e-05,
1360.0,2.97450314974412e-05,3.82830658054445e-05,2.84912293864181e-05,4.13545385526959e-05,3.09605529764667e-05,3.07331611111294e-05,2.23016213567462e-05,2.83114550256869e-05,3.73072543879971e-05,2.80646581813926e-05,2.6945195713779e-05,3.16861005558167e-05,3.36006123689003e-05,4.29075917054433e-05,2.83149711322039e-05,2.43209033214953e-05,2.01944221771555e-05,3.12377451336943e-05,3.29426220559981e-05,2.98971845040796e-05,2.80083677353105e-05,3.68015716958325e-05,2.07061475521186e-05,3.58915713150054e-05,4.99211964779533e-05,2.72953402600251e-05,2.98721861327067e-05,2.49865352088818e-05,3.45026528520975e-05,3.89326123695355e-05,3.24783577525523e-05,3.50041300407611e-05,3.79858029191382e-05,2.38100037677214e-05,3.59864097845275e-05,2.35677598539041e-05,3.00660321954638e-05,2.28483058890561e-05,3.0684324883623e-05,2.43818467424717e-05,3.83643418899737e-05,2.64981426880695e-05,3.50400550814811e-05,2.5400317099411e-05,4.23654309997801e-05,3.19786086038221e-05,2.93961184070213e-05,2.24698869715212e-05,
1361.0,3.09654860757291e-05,2.76465798378922e-05,2.06915865419433e-05,3.01788622891763e-05,2.37393032875843e-05,2.32666934607551e-05,1.17656682050438e-05,2.72314100584481e-05,3.24816282954998e-05,2.22847211261978e-05,2.44280436163535e-05,2.53605376201449e-05,2.71119133685716e-05,4.04248021368403e-05,2.11778642551508e-05,1.74181477632374e-05,1.4787465261179e-05,2.64547579718055e-05,2.51111923716962e-05,2.01941984414589e-05,2.40483914240031e-05,3.24503889714833e-05,1.64663324540015e-05,2.89802501356462e-05,4.99239358759951e-05,2.15063409996219e-05,2.11897950066486e-05,1.82746789505472e-05,2.60296019405359e-05,2.75188722298481e-05,2.30052701226668e-05,2.80566582659958e-05,3.48318608303089e-05,1.86398938240018e-05,3.24636566801928e-05,2.94757046503946e-05,2.33070422837045e-05,1.81143605004763e-05,3.004667814821e-05,2.08830169867724e-05,3.29133072227705e-05,1.63346685440047e-05,3.18597303703427e-05,2.55724553426262e-05,3.80698584194761e-05,2.36100604524836e-05,3.3074502425734e-05,2.10306952794781e-05,
1362.0,2.51727815339109e-05,1.88093690667301e-05,1.08547774289036e-05,2.05392534553539e-05,1.74528104253113e-05,1.40935362651362e-05,1.77830327174888e-06,2.2638863811153e-05,2.45953033299884e-05,1.48343306136667e-05,1.69138274941361e-05,1.61973293870687e-05,1.86074212251697e-05,3.19480241159908e-05,1.10387072709273e-05,8.78663922776468e-06,7.0520736699109e-06,1.6561190932407e-05,1.47141190609545e-05,1.12340931082144e-05,1.69192153407494e-05,2.46749623329379e-05,1.21343291539233e-05,1.97815170395188e-05,4.02792102249805e-05,1.4586848919862e-05,1.34473011712544e-05,8.47612864163239e-06,1.85446042451076e-05,1.78147020051256e-05,1.536879062769e-05,1.98158359125955e-05,2.33952796406811e-05,9.96337894321186e-06,2.38680640904931e-05,2.32049496844411e-05,1.67341368069174e-05,1.10462915472453e-05,2.20242491195677e-05,1.29504960568738e-05,2.39049113588408e-05,6.73000113238231e-06,2.31678131967783e-05,1.81706654984737e-05,2.80573076452129e-05,1.46540041896515e-05,2.67897667072248e-05,1.47218170241104e-05,
1363.0,2.78766383416951e-05,2.10403759410838e-05,1.06745210359804e-05,1.75180084625026e-05,2.13039220398059e-05,1.32964705699123e-05,5.97313828620827e-07,2.91940050374251e-05,2.07887460419443e-05,1.86595316336025e-05,1.50047799252206e-05,1.33470221044263e-05,1.97812660189811e-05,2.72510260401759e-05,7.82095867180033e-06,4.57919213658897e-06,1.30127400552738e-05,8.07673313829582e-06,7.12948030923144e-06,9.77535546553554e-06,1.58181592269102e-05,2.47756725002546e-05,2.28698208957212e-05,1.63622971740551e-05,3.39981816068757e-05,1.77751990122488e-05,1.64863686222816e-05,-1.4746980241398e-06,2.10858706850559e-05,1.87943096534582e-05,1.75503137143096e-05,1.82814237632556e-05,1.51302183439839e-05,6.86897146806587e-06,1.96583532670047e-05,2.31413760047872e-05,1.99539881577948e-05,1.23387790154084e-05,1.60394265549257e-05,1.32265367938089e-05,1.5797608284629e-05,5.8923096730723e-06,1.53575856529642e-05,1.52006932694349e-05,2.48025644395966e-05,1.07109563032282e-05,2.29677971219644e-05,1.60790823429124e-05,
1364.0,2.60619926848449e-05,1.97383196791634e-05,6.87428746459773e-06,1.39428884722292e-05,1.93993291759398e-05,1.02701787909609e-05,6.00041971665632e-07,2.78349216387142e-05,1.94535659829853e-05,1.53117271111114e-05,1.18408970593009e-05,1.03933070931816e-05,1.91346662177239e-05,2.36550094996346e-05,4.29893771070056e-06,9.72540988186665e-07,1.04558903331053e-05,5.05862954014447e-06,3.6735589219461e-06,6.67173299007118e-06,1.42681510624243e-05,2.16438111237949e-05,2.29632751143072e-05,1.38812774821417e-05,3.03404231090099e-05,1.85139397217426e-05,1.70923594851047e-05,-6.36824415778392e-06,1.86973920790479e-05,1.85543722182047e-05,1.67166635947069e-05,1.45925596370944e-05,1.04375758382957e-05,5.34232231075293e-06,1.68127517099492e-05,2.18377717828844e-05,1.97609933820786e-05,1.04967894003494e-05,1.21150160339312e-05,1.17345562102855e-05,1.31620408865274e-05,3.98324573325226e-06,1.24692815006711e-05,1.20208687803824e-05,2.08896417461801e-05,9.01901512406766e-06,2.14808587770676e-05,1.47564333019545e-05,
1365.0,2.40818826569011e-05,2.33671507885447e-05,3.67665779776871e-06,1.64800076163374e-05,2.0049381419085e-05,8.59087867866037e-06,6.95970857123029e-06,2.63716901827138e-05,2.53650669037597e-05,1.16128067020327e-05,1.14358126666048e-05,1.28043475342565e-05,2.42160858761054e-05,2.38432112382725e-05,2.16930425267492e-06,6.82036443322431e-07,3.32777312905819e-06,1.12052539407159e-05,6.77288653605501e-06,6.66304413243779e-06,1.6995345504256e-05,1.95323355001165e-05,2.15201653190888e-05,1.61841890076175e-05,2.67009800154483e-05,2.47754378506215e-05,2.24403811444063e-05,-2.7946568934567e-06,2.04561165446648e-05,2.28478947974509e-05,2.05344967980636e-05,1.60370618687011e-05,6.00776911596768e-06,8.71689098858042e-06,1.76213216036558e-05,2.03299132408574e-05,2.51571982516907e-05,1.17201989269233e-05,7.56660256229225e-06,1.18714260679553e-05,1.8518647266319e-05,6.61410831526155e-06,1.65161654877011e-05,9.12392169993836e-06,1.89898655662546e-05,9.23373590921983e-06,2.1074336473248e-05,1.60848467203323e-05,
1366.0,2.17400720430305e-05,2.44789880525786e-05,3.44787076755892e-06,1.59583087224746e-05,2.05930846277624e-05,8.21453068056144e-06,9.41929738473846e-06,2.52037461905275e-05,2.60223023360595e-05,1.06149827843183e-05,9.86808663583361e-06,1.37287706820644e-05,2.60586402873741e-05,2.44354978349293e-05,2.60102433458087e-06,1.48969490965101e-06,3.56026930603548e-06,1.22111596283503e-05,7.7696959124296e-06,8.31211582408287e-06,1.73167682078201e-05,1.8215147065348e-05,2.06635122594889e-05,1.81662744580535e-05,2.44946459133644e-05,2.61925379163586e-05,2.33218852372374e-05,5.73193190689381e-08,2.04204116016626e-05,2.58571526501328e-05,2.09312383958604e-05,1.42917033372214e-05,5.5377536227752e-06,1.05669250842766e-05,1.78193931787973e-05,1.59857463586377e-05,2.60431643255288e-05,1.12474263005424e-05,5.97061170992674e-06,1.18461166493944e-05,1.93390351341804e-05,8.75726800586563e-06,1.52450165842311e-05,9.10268954612548e-06,1.87150944839232e-05,1.25246187963057e-05,2.21175341721391e-05,1.73694079421693e-05,
1367.0,1.79874132300029e-05,2.38871143665165e-05,4.17105729866307e-06,1.42094531838666e-05,1.75433306139894e-05,1.24752605188405e-05,1.36562093757675e-05,1.98047582671279e-05,2.81724060187116e-05,6.99647443980211e-06,9.08377660380211e-06,1.50521445902996e-05,2.62688517977949e-05,2.84848629235057e-05,8.42566441860981e-06,3.52053484675707e-06,5.48533171240706e-06,1.43504694278818e-05,1.07327587102191e-05,1.21883622341556e-05,1.8278058632859e-05,1.41662494570483e-05,1.29993286464014e-05,2.51415094680851e-05,2.94117326120613e-05,2.53186753980117e-05,2.31144931603922e-05,6.93813990437775e-06,1.65787823789287e-05,3.23708154610358e-05,1.80862843990326e-05,8.42133249534527e-06,1.48711769725196e-05,1.69808481587097e-05,2.15749951166799e-05,8.77347974892473e-06,2.32638521993067e-05,1.14896120066987e-05,1.01625882962253e-05,1.31714477902278e-05,2.41428751905914e-05,1.20464155770605e-05,1.39280655275797e-05,1.53111577674281e-05,2.21080899791559e-05,2.53931884799385e-05,3.0254388548201e-05,1.88739868463017e-05,
1368.0,1.5506571799051e-05,2.44128368649399e-05,6.32652290732949e-06,1.45689846249297e-05,1.75603090610821e-05,1.16713981697103e-05,1.85454009624664e-05,1.87413570529316e-05,2.71264980256092e-05,5.86063197260955e-06,8.70700478117215e-06,1.59919854922919e-05,2.7733181923395e-05,2.98154664051253e-05,1.08190879473113e-05,7.4563631642377e-06,8.43320231069811e-06,1.60668350872584e-05,1.40675092552556e-05,1.40745341923321e-05,1.83932424988598e-05,1.72668733284809e-05,1.12736688606674e-05,2.83416902675526e-05,2.91389442281798e-05,2.56867078860523e-05,2.31337871809956e-05,9.93586581898853e-06,1.63324784807628e-05,3.58314318873454e-05,1.94617168745026e-05,7.20550133337383e-06,1.73523985722568e-05,1.8674363673199e-05,2.32148231589235e-05,8.52009543450549e-06,2.27656182687497e-05,8.79289473232348e-06,1.21424955068505e-05,1.30232619994786e-05,2.63031561189564e-05,1.58072452904889e-05,1.52006687130779e-05,1.60842919285642e-05,2.38570119108772e-05,2.99657331197523e-05,3.29285212501418e-05,1.94613967323676e-05,
1369.0,9.37722415983444e-06,2.55997310887324e-05,1.42476901601185e-05,1.4266416656028e-05,2.21488753595622e-05,7.58137457523844e-06,2.33726059377659e-05,2.04268744710134e-05,1.71889969351469e-05,8.30010139907245e-06,7.31805812392849e-06,1.64711964316666e-05,2.92303739115596e-05,2.75789589068154e-05,1.15349575935397e-05,1.66879272001097e-05,1.95244647329673e-05,1.33799021568848e-05,1.81583491212223e-05,1.81457508006133e-05,1.31613523990382e-05,2.81966658803867e-05,1.59075771080097e-05,3.10111427097581e-05,2.35491606872529e-05,2.33368064073147e-05,1.99725163838593e-05,1.07118366940995e-05,1.88395661098184e-05,3.76589923689608e-05,2.37472522712778e-05,5.27654219695251e-06,1.73772241396364e-05,1.32431141537381e-05,2.38695211010054e-05,8.44232272356749e-06,2.02811115741497e-05,-1.88626643193857e-06,1.35496939037694e-05,1.11903173092287e-05,2.25656858674483e-05,2.1763089534943e-05,1.47533246490639e-05,1.21201310321339e-05,2.35231818805914e-05,3.39563302986789e-05,3.06782276311424e-05,2.00417671294417e-05,
1370.0,1.08543799797189e-05,2.68612729996676e-05,1.833044916566e-05,1.62792002811329e-05,2.41138568526367e-05,7.00603231962305e-06,2.61901623161975e-05,2.1136946088518e-05,1.72524760273518e-05,1.23220424939063e-05,6.9638435888919e-06,1.757809513947e-05,3.07530935970135e-05,2.93022676487453e-05,1.4761832971999e-05,2.1758771254099e-05,2.5111998184002e-05,1.40127031045267e-05,2.14977353607537e-05,2.07980319828494e-05,1.40625206768163e-05,3.31690134771634e-05,1.75209461303893e-05,3.21502193401102e-05,2.3178021365311e-05,2.40155841311207e-05,1.96522523765452e-05,1.41608488775091e-05,1.93235700862715e-05,3.90788809454534e-05,2.65777780441567e-05,6.7226069404569e-06,1.86917259270558e-05,1.4052503502171e-05,2.39298915403197e-05,1.06763209259952e-05,2.16211738006677e-05,-1.76280923369632e-06,1.68940641742665e-05,1.23512436402962e-05,2.32822512771236e-05,2.5216937501682e-05,1.55331563291838e-05,1.34542142404825e-05,2.79158448392991e-05,3.49698202626314e-05,3.27020352415275e-05,2.19916601054138e-05,
1371.0,1.67238285939675e-05,2.79351243079873e-05,2.09251993510406e-05,2.31236645049648e-05,2.49906461249338e-05,4.6403056330746e-06,3.09323040710296e-05,2.21475802391069e-05,2.44328548433259e-05,1.81086234078975e-05,6.95801372785354e-06,1.78662085090764e-05,3.21477746183518e-05,3.1549840059597e-05,1.83997472049668e-05,2.66771712631453e-05,2.87403854599688e-05,1.69510785781313e-05,2.49249897024129e-05,1.91189956240123e-05,1.81709474418312e-05,3.91478606616147e-05,1.80815968633397e-05,2.93709326797398e-05,2.46386243816232e-05,2.73293317150092e-05,2.31877111218637e-05,1.75011173269013e-05,1.79548951564357e-05,3.77957621822134e-05,3.23515305353794e-05,1.26556633404107e-05,1.70743314811261e-05,1.69965442182729e-05,2.0705283532152e-05,1.95166339835851e-05,2.69519223365933e-05,3.42345879289496e-06,2.30069199460559e-05,1.33734711198485e-05,2.92973345494829e-05,2.85354562947759e-05,2.19175763049861e-05,1.49950801642262e-05,3.84727572964039e-05,2.89860709017375e-05,3.62511236744467e-05,2.32421025430085e-05,
1372.0,2.54697533819126e-05,3.01873551507015e-05,2.2346564946929e-05,2.53913058259059e-05,2.59533244388876e-05,3.95944334741216e-06,3.10209179588128e-05,2.56556177191669e-05,2.53893977060216e-05,2.5217379516107e-05,7.29422436052118e-06,2.01948187168455e-05,3.57748940587044e-05,3.68257751688361e-05,2.10763519135071e-05,3.00177762255771e-05,2.8986731194891e-05,2.18013665289618e-05,3.10020295728464e-05,2.07356333703501e-05,2.57489864452509e-05,4.60910887341015e-05,2.14963911275845e-05,2.6776353479363e-05,2.5623632609495e-05,2.90178923023632e-05,2.26800875680055e-05,2.06911208806559e-05,2.04819461941952e-05,3.91868634324055e-05,3.50166556017939e-05,2.1590920368908e-05,1.79169655893929e-05,1.95353859453462e-05,2.00310769287171e-05,3.0451921702479e-05,3.16096920869313e-05,6.62489946989808e-06,2.55200011451961e-05,1.75672012119321e-05,2.90841071546311e-05,3.1264171411749e-05,2.4972030587378e-05,1.74469059857074e-05,4.17850496887695e-05,2.32051716011483e-05,3.73644943465479e-05,2.45275641646003e-05,
1373.0,3.68007604265586e-05,3.3190048270626e-05,2.33318642131053e-05,2.70609561994206e-05,2.89945546683157e-05,5.43242731509963e-06,3.12485062750056e-05,2.89780364255421e-05,3.37051678798161e-05,2.70133259618888e-05,1.2727363355225e-05,2.72077140834881e-05,4.08077430620324e-05,4.18007584812585e-05,2.63871406787075e-05,3.03089782391908e-05,2.88212540908717e-05,2.66869483311893e-05,3.43428509950172e-05,2.78427960438421e-05,2.99376206385205e-05,4.73261643492151e-05,2.81130051007494e-05,3.06890651700087e-05,3.02705011563376e-05,3.86024948966224e-05,2.3186328689917e-05,2.61764726019464e-05,2.68083549599396e-05,3.97895237256307e-05,3.36196499119978e-05,2.3981860067579e-05,2.27276250370778e-05,2.4468297851854e-05,2.75468883046415e-05,3.60281301254872e-05,3.4482294722693e-05,2.0599929484888e-05,2.89694889943348e-05,2.68554795184173e-05,2.67238938249648e-05,2.95550471491879e-05,2.60293854807969e-05,2.26538995775627e-05,4.42901109636296e-05,2.44590883085039e-05,4.17774426750839e-05,3.21944826282561e-05,
1374.0,4.71983730676584e-05,3.571312117856e-05,2.77601211564615e-05,3.15322249662131e-05,2.96701055049198e-05,9.00960640137782e-06,3.26629087794572e-05,3.24904613080435e-05,3.98152187699452e-05,3.0821352993371e-05,1.85264652827755e-05,3.34843061864376e-05,4.44811121269595e-05,4.90672573505435e-05,3.5350658436073e-05,3.04310542560415e-05,3.25700202665757e-05,3.4969525586348e-05,3.50528534909245e-05,3.41894556186162e-05,3.35187069140375e-05,4.60741539427545e-05,3.10536452161614e-05,3.51958260580432e-05,3.77015348931309e-05,4.77722605864983e-05,2.76372738881037e-05,3.16477126034442e-05,3.18664860969875e-05,4.04758939112071e-05,3.19788996421266e-05,2.71445696853334e-05,2.58940690400777e-05,3.16924415528774e-05,3.67543070751708e-05,3.92716501664836e-05,3.92547517549247e-05,3.25450055242982e-05,3.0843453714624e-05,3.07889858959243e-05,2.87834245682461e-05,3.12221454805695e-05,2.14286646951223e-05,3.08461640088353e-05,5.04290037497412e-05,2.71912413154496e-05,4.66969831904862e-05,3.86365827580448e-05,
1375.0,5.20265275554266e-05,3.70312445738819e-05,3.41978375217877e-05,3.39774269377813e-05,3.17704179906286e-05,1.4834201465419e-05,3.88725093216635e-05,3.84004415536765e-05,4.16689144913107e-05,3.16058831231203e-05,2.18481891351985e-05,3.65951345884241e-05,4.69767583126668e-05,5.24128445249517e-05,3.66366657544859e-05,3.1297229725169e-05,3.66396416211501e-05,3.98218835471198e-05,3.64441075362265e-05,4.17561241192743e-05,3.32145209540613e-05,4.37630405940581e-05,3.28810565406457e-05,3.89091765100602e-05,4.1576295188861e-05,5.06931319250725e-05,2.90633797703777e-05,2.98990671581123e-05,3.62797254638281e-05,4.38430506619625e-05,3.06793735944666e-05,3.00720184895908e-05,3.04259956465103e-05,3.64873849321157e-05,4.26368751504924e-05,4.17259980167728e-05,4.0771861677058e-05,3.49932597600855e-05,2.92370968963951e-05,3.2590571208857e-05,2.54133174166782e-05,3.41348277288489e-05,1.98663219634909e-05,3.67868051398546e-05,5.29840108356439e-05,3.26457957271487e-05,4.82842660858296e-05,4.20379074057564e-05,
1376.0,5.3459414630197e-05,3.89733722840901e-05,4.1011611756403e-05,3.79279517801479e-05,3.56535128958058e-05,1.99320475076092e-05,4.60537048638798e-05,4.67305071651936e-05,4.65586999780498e-05,3.24645261571277e-05,2.7711419534171e-05,4.08215782954358e-05,4.79020964121446e-05,4.93542793265078e-05,3.63332947017625e-05,3.35877957695629e-05,3.89183733204845e-05,3.93206864828244e-05,3.65579071512911e-05,4.8333818995161e-05,3.0112505555735e-05,4.11420260206796e-05,3.59826772182714e-05,4.22714838350657e-05,4.70691738883033e-05,5.62497079954483e-05,3.32671006617602e-05,3.2612220820738e-05,4.11028631788213e-05,4.48514147137757e-05,2.53247471846407e-05,2.69345073320437e-05,3.8075442716945e-05,3.90105597034562e-05,4.62569150840864e-05,3.94160524592735e-05,3.84911436412949e-05,3.58408251486253e-05,3.06557158182841e-05,3.77714750356972e-05,2.62190660578199e-05,3.70765555999242e-05,2.35951229115017e-05,3.68359033018351e-05,5.69223193451762e-05,3.84332925023045e-05,4.7185953008011e-05,4.45825317001436e-05,
1377.0,5.40219916729257e-05,3.85174062103033e-05,4.32174128945917e-05,3.86854844691698e-05,3.58285396941938e-05,2.38838565564947e-05,4.6454559196718e-05,4.95542117278092e-05,4.75841588922776e-05,3.46732267644256e-05,2.97116821457166e-05,4.10715801990591e-05,4.80756789329462e-05,4.86691496917047e-05,3.64723273378331e-05,3.50462505593896e-05,3.94579583371524e-05,3.92129295505583e-05,3.63545659638476e-05,4.77418616355862e-05,2.95356076094322e-05,3.76671305275522e-05,3.53838295268361e-05,4.33823879575357e-05,4.87965444335714e-05,5.65890659345314e-05,3.48133617080748e-05,3.17582889692858e-05,4.05532628064975e-05,4.61413692391943e-05,2.62042358372128e-05,2.55052436841652e-05,4.11287874158006e-05,4.04740530939307e-05,4.81150455016177e-05,3.83598053304013e-05,3.86890933441464e-05,3.53548493876588e-05,3.15938232233748e-05,3.81030949938577e-05,2.97901533485856e-05,3.87782092730049e-05,2.5086255845963e-05,3.77125579689164e-05,5.7659675803734e-05,3.88149492209777e-05,4.62476127722766e-05,4.532410093816e-05,
1378.0,5.24044553458225e-05,3.52198694599792e-05,4.4500677176984e-05,3.85611238016281e-05,3.33850730385166e-05,3.12932534143329e-05,4.39616087533068e-05,5.19814748258796e-05,4.86386998090893e-05,4.31762819061987e-05,2.74851881840732e-05,3.44680083799176e-05,4.53413085779175e-05,4.81393362861127e-05,3.34311480401084e-05,3.74723022105172e-05,3.94136986869853e-05,3.63077524525579e-05,3.53254836227279e-05,3.86511928809341e-05,3.23613203363493e-05,3.03998076560674e-05,2.85758505924605e-05,4.05258579121437e-05,4.78048787044827e-05,4.71909806947224e-05,3.51934140780941e-05,2.8630294764298e-05,3.33102616423275e-05,4.88282676087692e-05,3.18937673000619e-05,2.31954672926804e-05,4.40944531874266e-05,4.28948951594066e-05,4.18970084865578e-05,3.33957432303578e-05,3.95228162233252e-05,3.01338877761737e-05,3.37748933816329e-05,3.30543807649519e-05,3.90374734706711e-05,4.20939795731101e-05,2.96848993457388e-05,3.91296707675792e-05,6.01170395384543e-05,3.35316763084847e-05,4.52960448455997e-05,4.26734586653765e-05,
1379.0,4.90777456434444e-05,3.4538003092166e-05,4.09523527196143e-05,3.82775288017001e-05,3.30468574247789e-05,3.19387545459904e-05,4.1460370994173e-05,5.08100201841444e-05,4.70910053991247e-05,4.09624299209099e-05,2.72354427579558e-05,3.46388260368258e-05,4.33255736425053e-05,4.49427097919397e-05,3.27750312862918e-05,3.70055458915886e-05,3.71578316844534e-05,3.13748387270607e-05,3.30049660988152e-05,3.65576124750078e-05,2.98534578178078e-05,2.5619021471357e-05,2.72751603915822e-05,3.82358230126556e-05,4.73496802442241e-05,4.62104981124867e-05,3.46259803336579e-05,2.59902826655889e-05,2.88955325231655e-05,4.82587311125826e-05,3.29092945321463e-05,2.56273924605921e-05,4.3231852032477e-05,4.26060760219116e-05,4.10529864893761e-05,3.23979766108096e-05,3.84621816920117e-05,2.80095318885287e-05,3.35331096721347e-05,3.24595675920136e-05,4.15302019973751e-05,4.04422389692627e-05,2.89554773189593e-05,3.83412261726335e-05,5.89605842833407e-05,3.22003361361567e-05,4.26788756158203e-05,3.9868271414889e-05,
1380.0,4.27893064625096e-05,3.43937317666132e-05,2.95173249469372e-05,3.55933552782517e-05,3.15859870170243e-05,2.7158739612787e-05,3.21647930832114e-05,4.29464125772938e-05,4.15138056268916e-05,3.03555589198368e-05,2.70119126071222e-05,3.69400404451881e-05,4.20938340539578e-05,3.8008249248378e-05,3.50064037775155e-05,3.47601344401482e-05,3.13676282530651e-05,2.28692624659743e-05,2.73666919383686e-05,3.38908212142996e-05,2.33596729231067e-05,1.97793960978743e-05,2.81219163298374e-05,3.47245331795421e-05,4.52359527116641e-05,5.16922918905038e-05,3.38060344802216e-05,2.06183358386625e-05,2.07883404073073e-05,4.48341852461454e-05,3.63956969522405e-05,2.95793579425663e-05,3.6338489735499e-05,3.77671676687896e-05,4.4648528273683e-05,3.41623126587365e-05,3.59696459781844e-05,2.611501076899e-05,3.11709918605629e-05,3.20866856782231e-05,4.4670272473013e-05,3.37922829203308e-05,2.45096525759436e-05,3.48050671163946e-05,5.06276810483541e-05,3.0219338441384e-05,3.70043926523067e-05,3.67602660844568e-05,
1381.0,3.80034362024162e-05,3.21611551044043e-05,2.59389926213771e-05,3.31977207679302e-05,2.96513080684235e-05,2.35981678997632e-05,2.88348091999069e-05,3.9618320442969e-05,3.71150272258092e-05,2.77950712188613e-05,2.62181529251393e-05,3.74031806131825e-05,3.91776338801719e-05,3.61676138709299e-05,3.26657172990963e-05,3.25080363836605e-05,2.80068234133068e-05,2.07699940801831e-05,2.81537832051981e-05,3.0423700081883e-05,2.00459489860805e-05,1.98673424165463e-05,2.68319981842069e-05,3.32087693095673e-05,4.29160718340427e-05,4.81734496133868e-05,3.02702810586197e-05,1.83377178473165e-05,1.94649928744184e-05,4.35581314377487e-05,3.51471317117102e-05,3.15386350848712e-05,3.33431926264893e-05,3.52709139406215e-05,4.36706832260825e-05,3.41478516929783e-05,3.53111390722916e-05,2.40270474023419e-05,3.05039939121343e-05,3.12136362481397e-05,4.35937399743125e-05,3.16388250212185e-05,2.24723717110464e-05,3.21266779792495e-05,4.82687682961114e-05,2.7381347535993e-05,3.36853081535082e-05,3.21040934068151e-05,
1382.0,2.95545560220489e-05,2.99255498248385e-05,2.22536837100051e-05,3.14056123897899e-05,2.68652802333236e-05,1.62553769769147e-05,2.83402132481569e-05,3.49016809195746e-05,2.98172908514971e-05,2.30858095164876e-05,2.42454352701316e-05,3.94232774851844e-05,3.14584867737722e-05,3.47425666404888e-05,2.65723410848295e-05,2.78353272733511e-05,2.16639928112272e-05,1.61110092449235e-05,3.15345205308404e-05,3.08169946947601e-05,1.46588899951894e-05,2.49848944804398e-05,2.44782568188384e-05,3.10709692712408e-05,4.02352015953511e-05,4.02231489715632e-05,2.10523303394439e-05,1.77316669578431e-05,2.0372475773911e-05,4.02939367631916e-05,2.48759533860721e-05,3.68461114703678e-05,2.91325559373945e-05,3.21086808980908e-05,3.90601890103426e-05,3.58245924871881e-05,3.48813227901701e-05,2.05417909455718e-05,2.8715432563331e-05,3.22464475175366e-05,3.72093818441499e-05,2.80610875051934e-05,1.64185676112538e-05,2.76445225608768e-05,4.89643425680697e-05,2.53633224929217e-05,2.93202683678828e-05,2.10824273381149e-05,
1383.0,2.68459261860698e-05,2.83073331956984e-05,2.16273510886822e-05,2.94438505079597e-05,2.73370060313027e-05,1.43039442264126e-05,2.67889681708766e-05,3.2874995667953e-05,2.87344500975451e-05,2.3158134354162e-05,2.3030066586216e-05,4.06312537961639e-05,2.96840535156662e-05,3.38892168656457e-05,2.51477758865803e-05,2.65762937488034e-05,2.08210858545499e-05,1.68651749845594e-05,3.36645025527105e-05,2.74483390967362e-05,1.26633412946831e-05,2.57237825280754e-05,2.36653904721607e-05,2.97166225209367e-05,3.87251420761459e-05,3.70850939361844e-05,2.13019466173137e-05,1.88525427802233e-05,2.24892628466478e-05,3.99850869143847e-05,2.3822636649129e-05,4.00329008698463e-05,2.78109000646509e-05,3.11416260956321e-05,3.70654561265837e-05,3.44173786288593e-05,3.36144330503885e-05,2.06860549951671e-05,2.91561809717678e-05,3.24249704135582e-05,3.46149754477665e-05,2.83622248389293e-05,1.77898691617884e-05,2.44112125074025e-05,4.87138495373074e-05,2.4012033463805e-05,2.78262814390473e-05,1.89965667232173e-05,
1384.0,2.63515175902285e-05,2.21553618757753e-05,2.53890812018653e-05,2.37052463489817e-05,2.87039838440251e-05,1.27925004562712e-05,2.55222439591307e-05,3.3551907108631e-05,2.84273446595762e-05,3.13889540848322e-05,1.98809284484014e-05,4.01538927690126e-05,2.95542959065642e-05,3.53097784682177e-05,2.16523858398432e-05,2.63726815319387e-05,2.41290399571881e-05,2.59934004134266e-05,3.99381679017097e-05,1.61578318511602e-05,1.41458867801703e-05,2.77945564448601e-05,2.21561858779751e-05,2.84808556898497e-05,3.53214963979553e-05,2.69257616309915e-05,2.46676590904826e-05,2.17208380490774e-05,3.03128672385355e-05,4.20231772295665e-05,2.58893123827875e-05,3.84726918127853e-05,2.8415863198461e-05,2.9540042305598e-05,3.40063888870645e-05,2.75327420240501e-05,3.01153013424482e-05,2.29734414460836e-05,3.33328716806136e-05,3.05502835544758e-05,2.97664155368693e-05,3.36330194841139e-05,2.38080192502821e-05,1.84891705430346e-05,4.83412077301182e-05,1.92026946024271e-05,2.63925212493632e-05,2.02801456907764e-05,
1385.0,2.77016351901693e-05,2.31295362027595e-05,2.84490888589062e-05,2.42258884100011e-05,3.07793416141067e-05,1.41004602483008e-05,2.65557227976387e-05,3.37800083798356e-05,3.10817849822342e-05,3.43157698807772e-05,2.19644407479791e-05,4.15605572925415e-05,3.17800222546794e-05,3.83369660994504e-05,2.36923187912907e-05,2.73554651357699e-05,2.56138719123555e-05,3.15044053422753e-05,4.28480852860957e-05,1.27136727314792e-05,1.56649130076403e-05,3.10027644445654e-05,2.32843540288741e-05,3.19716746162158e-05,3.50346999766771e-05,2.71735643764259e-05,2.72318538918626e-05,2.57049050560454e-05,3.43737920047715e-05,4.40358635387383e-05,2.84277957689483e-05,3.98432712245267e-05,3.12658739858307e-05,3.24460561387241e-05,3.4340195270488e-05,2.78912484645844e-05,3.36313423758838e-05,2.47949519689428e-05,3.53759569406975e-05,3.02962325804401e-05,2.93382872769143e-05,3.58764045813587e-05,2.92196964437608e-05,1.97679128177697e-05,4.92947146994993e-05,1.95371776499087e-05,2.99063958664192e-05,2.35736442846246e-05,
1386.0,3.49881738657132e-05,3.09908864437602e-05,3.35036929755006e-05,2.92286622425308e-05,3.71524729416706e-05,2.06584390980424e-05,2.76881364698056e-05,3.45852968166582e-05,4.17509399994742e-05,3.38072968588676e-05,2.69365718850167e-05,4.33354907727335e-05,4.00763638026547e-05,4.12355475418735e-05,3.30429247696884e-05,2.8760467102984e-05,2.89784547931049e-05,3.71487440133933e-05,4.16658367612399e-05,1.15384636956151e-05,1.71174688148312e-05,2.88492956315167e-05,2.77745093626436e-05,3.81638637918513e-05,3.75602321582846e-05,3.93769005313516e-05,3.57704484486021e-05,3.23464519169647e-05,3.79881348635536e-05,4.69979095214512e-05,3.80347300961148e-05,4.61032723251265e-05,3.60329177055974e-05,4.10493885283358e-05,3.54341209458653e-05,3.02859680232359e-05,4.11002001783345e-05,2.94576002488611e-05,3.51464368577581e-05,2.92938111670082e-05,3.06036818074062e-05,3.76199641323183e-05,4.17573610320687e-05,2.51207802648423e-05,5.03819574078079e-05,2.38979810092133e-05,4.03233170800377e-05,3.42545863531996e-05,
1387.0,3.8664453313686e-05,3.48284193023574e-05,3.66493950423319e-05,3.27637644659262e-05,3.96913746953942e-05,2.38701632042648e-05,3.16013683914207e-05,3.73676739400253e-05,4.60850314993877e-05,3.68916553270537e-05,3.24239226756617e-05,4.62853822682519e-05,4.45968835265376e-05,4.45372497779317e-05,3.82942489522975e-05,3.22932828566991e-05,3.35499280481599e-05,4.30732543463819e-05,4.29275241913274e-05,1.37858232847066e-05,1.96854398382129e-05,3.26933732139878e-05,3.04624700220302e-05,4.26641199737787e-05,3.91575340472627e-05,4.49364415544551e-05,4.14226706197951e-05,3.62396604032256e-05,4.02401565224864e-05,5.05359130329452e-05,4.23303426941857e-05,4.77508365293033e-05,4.0753380744718e-05,4.49593862867914e-05,3.91914290958084e-05,3.27715206367429e-05,4.50541847385466e-05,3.22531304846052e-05,3.81327627110295e-05,3.22718406096101e-05,3.40381047863048e-05,3.99243836000096e-05,4.65292177977972e-05,3.19823193422053e-05,5.29460121470038e-05,2.69017455138965e-05,4.42080381617416e-05,3.92196598113514e-05,
1388.0,4.14007990912069e-05,3.92580041079782e-05,4.17320698034018e-05,3.98885458707809e-05,4.00952376367059e-05,2.80519652733346e-05,3.99683194700629e-05,4.29237625212409e-05,4.95614222018048e-05,4.08660343964584e-05,4.46705598733388e-05,5.1859507948393e-05,4.83248259115499e-05,5.28166274307296e-05,4.42597556684632e-05,3.96678333345335e-05,3.79840821551625e-05,5.02424045407679e-05,4.63583091914188e-05,2.25933708861703e-05,2.46571380557725e-05,4.51216765213758e-05,3.33875250362325e-05,5.22000518685672e-05,4.04428101319354e-05,5.30995821463875e-05,4.39316281699575e-05,3.94666494685225e-05,4.18619238189422e-05,5.55593214812689e-05,4.18968738813419e-05,4.5139720896259e-05,4.99812813359313e-05,4.92893013870344e-05,4.9698181101121e-05,4.00574572267942e-05,5.54127909708768e-05,3.26559456880204e-05,4.37994167441502e-05,4.12627159676049e-05,4.23636265622918e-05,4.19686257373542e-05,4.67371464765165e-05,4.81319730170071e-05,5.84854242333677e-05,3.14146309392527e-05,4.81238639622461e-05,4.20725846197456e-05,
1389.0,4.49932667834219e-05,4.33911409345455e-05,4.39531322626863e-05,4.42381970060524e-05,4.01935685658827e-05,3.1108549592318e-05,4.58062713732943e-05,4.62858333776239e-05,5.15785250172485e-05,4.59905859315768e-05,4.95394706376828e-05,5.38539388799109e-05,5.18772649229504e-05,5.73456818528939e-05,4.89773192384746e-05,4.39745272160508e-05,4.22946068283636e-05,5.54087746422738e-05,4.88567056891043e-05,2.88156534224981e-05,2.86491285805823e-05,5.214813791099e-05,3.54880648956168e-05,5.73275901842862e-05,4.36257178080268e-05,5.64663532713894e-05,4.74335429316852e-05,4.29685933340807e-05,4.29186038672924e-05,5.91228999837767e-05,4.46585872850847e-05,4.59278417110909e-05,5.42607194802258e-05,5.26801813975908e-05,5.29956669197418e-05,4.59496077382937e-05,5.93421937082894e-05,3.44317268172745e-05,4.59172733826563e-05,4.39146642747801e-05,4.85617856611498e-05,4.3862408347195e-05,4.78825604659505e-05,5.41485060239211e-05,6.2371269450523e-05,3.67388238373678e-05,5.30471188540105e-05,4.63608739664778e-05,
1390.0,4.72623469249811e-05,4.57876740256324e-05,4.00744611397386e-05,4.77883731946349e-05,3.8241152651608e-05,2.97317674267106e-05,5.28351520188153e-05,4.9201786168851e-05,4.88007899548393e-05,5.58666542929132e-05,4.9345468141837e-05,5.56688428332563e-05,5.35559593117796e-05,5.88688671996351e-05,5.1991555665154e-05,4.81841125292704e-05,5.11577381985262e-05,5.97321050008759e-05,5.02622388012242e-05,3.6867171729682e-05,3.32551207975484e-05,6.08904665568843e-05,3.63556282536592e-05,5.70190895814449e-05,4.81439528812189e-05,5.23892413184512e-05,5.47559211554471e-05,4.54858964076266e-05,4.12911758758128e-05,6.43135499558412e-05,4.75717024528421e-05,4.59225047961809e-05,5.63052344659809e-05,5.28861273778602e-05,5.3516348998528e-05,5.19491914019454e-05,5.51475568499882e-05,3.7384143070085e-05,4.75837005069479e-05,4.55324443464633e-05,5.62588138564024e-05,4.59437687823083e-05,4.33240311394911e-05,5.55980805074796e-05,6.85998675180599e-05,4.41599695477635e-05,5.44314498256426e-05,4.95436470373534e-05,
1391.0,5.00658388773445e-05,4.88323566969484e-05,4.17156879848335e-05,4.92709514219314e-05,3.85081038984936e-05,3.32675917888992e-05,5.75427875446621e-05,5.20679277542513e-05,4.99959351145662e-05,6.14746677456424e-05,5.16910913574975e-05,5.71572672924958e-05,5.68000032217242e-05,6.17736295680515e-05,5.50578661204781e-05,5.27116280863993e-05,5.52197234355845e-05,6.37759803794324e-05,5.23862399859354e-05,4.33081186201889e-05,3.78023942175787e-05,6.47717752144672e-05,3.84281484002713e-05,5.91329517192207e-05,5.32532612851355e-05,5.5293374316534e-05,5.80058986088261e-05,4.83424228150398e-05,4.13947200286202e-05,6.60713703837246e-05,5.00918686157092e-05,4.74189255328383e-05,5.84086883463897e-05,5.51080229342915e-05,5.60290936846286e-05,5.50200238649268e-05,5.4181586165214e-05,3.96283867303282e-05,5.05175230500754e-05,4.73294967378024e-05,6.15488097537309e-05,4.9105794460047e-05,4.36415248259436e-05,5.81508065806702e-05,7.07072103978135e-05,4.88967889396008e-05,5.70996235182974e-05,5.42412781214807e-05,
1392.0,5.29204880876932e-05,5.23663184139878e-05,4.57836031273473e-05,4.55665431218222e-05,3.69893496099394e-05,4.05050595873035e-05,6.02259096922353e-05,5.37038431502879e-05,5.14714156452101e-05,6.41715014353395e-05,5.18405759066809e-05,5.15240462846123e-05,6.11039577051997e-05,6.26766486675479e-05,5.86143250984605e-05,5.47561467101332e-05,5.43505666428246e-05,6.70580266159959e-05,5.33232414454687e-05,4.8341022193199e-05,4.06529543397482e-05,6.36058975942433e-05,4.22899247496389e-05,6.08010959695093e-05,6.18432241026312e-05,6.14062519161962e-05,5.6126642448362e-05,5.3086372645339e-05,4.05334394599777e-05,6.40031794318929e-05,5.46581650269218e-05,5.25944342371076e-05,5.46850969840307e-05,5.88693510508165e-05,5.45058064744808e-05,5.71093696635216e-05,5.14296771143563e-05,4.00091303163208e-05,5.10815698362421e-05,4.24234640377108e-05,6.4349194872193e-05,5.0861548515968e-05,4.98752779094502e-05,5.299945405568e-05,6.65390252834186e-05,5.34074570168741e-05,6.36946351733059e-05,6.06824723945465e-05,
1393.0,5.75848753214814e-05,5.73593933950178e-05,4.906400499749e-05,4.70540107926354e-05,3.97944313590415e-05,4.52189524366986e-05,6.35073010926135e-05,5.52005039935466e-05,5.42720335943159e-05,6.78607611916959e-05,5.32314952579327e-05,5.35359868081287e-05,6.55804615234956e-05,6.57585696899332e-05,6.06583489570767e-05,5.84624431212433e-05,5.56154845980927e-05,6.95388953317888e-05,5.63435314688832e-05,5.28603413840756e-05,4.53101238235831e-05,6.37888588244095e-05,4.3982010538457e-05,6.40071812085807e-05,6.75185947329737e-05,6.46828993922099e-05,5.74498044443317e-05,5.60116823180579e-05,4.24305762862787e-05,6.42166050965898e-05,5.86348251090385e-05,5.54220059711952e-05,5.69524927414022e-05,6.21498402324505e-05,5.58178799110465e-05,5.97027865296695e-05,5.18940396432299e-05,4.44894067186397e-05,5.27369811607059e-05,4.19277930632234e-05,6.83675825712271e-05,5.50280929019209e-05,5.22709306096658e-05,5.40559885848779e-05,6.78874130244367e-05,5.71386917727068e-05,6.66716805426404e-05,6.55908806947991e-05,
1394.0,6.19639758951962e-05,6.5068161347881e-05,5.36533261765726e-05,4.7976580390241e-05,4.78700385428965e-05,4.95654967380688e-05,6.60752484691329e-05,5.56506674911361e-05,5.85392481298186e-05,7.13398185325786e-05,5.68825162190478e-05,6.19345373706892e-05,7.31350810383447e-05,6.92656758474186e-05,5.96730278630275e-05,6.35266696917824e-05,5.68775685678702e-05,7.02617471688427e-05,6.02532163611613e-05,5.53881909581833e-05,5.17206754011568e-05,6.10872884863056e-05,4.51691230409779e-05,6.70626104692928e-05,7.22700715414248e-05,6.99942538631149e-05,5.83686960453633e-05,5.67907700315118e-05,4.78117253805976e-05,6.28869602223858e-05,6.11857321928255e-05,5.68055111216381e-05,6.39088539173827e-05,6.6268774389755e-05,6.10086390224751e-05,5.74043224332854e-05,5.42428897460923e-05,5.21299261890817e-05,5.55418628209736e-05,4.55939116363879e-05,7.17230141162872e-05,6.32645533187315e-05,5.25638315593824e-05,5.66821618122049e-05,7.21639153198339e-05,5.90294366702437e-05,6.85546983731911e-05,6.88418731442653e-05,
1395.0,7.02946053934284e-05,6.84266706230119e-05,5.98607512074523e-05,5.26483308931347e-05,5.22375157743227e-05,5.814434189233e-05,6.7685883550439e-05,5.99473132751882e-05,6.6053107730113e-05,7.30820829630829e-05,6.03739026701078e-05,6.84424594510347e-05,7.61571936891414e-05,7.53640342736617e-05,6.2302642618306e-05,7.04069607309066e-05,5.54164398636203e-05,7.25968930055387e-05,6.59993456793018e-05,6.11328214290552e-05,5.83562432439066e-05,5.7364915846847e-05,4.52465828857385e-05,7.38906310289167e-05,7.51137777115218e-05,7.42150004953146e-05,5.9369056543801e-05,5.87979848205578e-05,5.08364792040084e-05,6.2408231315203e-05,6.49700159556232e-05,5.8506200730335e-05,6.8255205405876e-05,6.71898815198801e-05,6.56377742416225e-05,6.0479280364234e-05,5.79956176807173e-05,5.73918114241678e-05,6.14672317169607e-05,4.89071098854765e-05,7.59459144319408e-05,6.8870976974722e-05,5.4624724725727e-05,6.66125415591523e-05,7.08916486473754e-05,5.90916788496543e-05,6.56170814181678e-05,7.38972303224728e-05,
1396.0,7.85419179010205e-05,6.81258607073687e-05,6.91508103045635e-05,6.40187354292721e-05,6.04508350079414e-05,6.43517269054428e-05,7.32597618480213e-05,6.10419301665388e-05,7.13482004357502e-05,7.09983141859993e-05,6.09760172665119e-05,7.21580654499121e-05,7.4932657298632e-05,8.35973478388041e-05,6.34421594440937e-05,7.5792777352035e-05,5.61245178687386e-05,7.58761743782088e-05,7.37205482437275e-05,6.7686392867472e-05,6.03775224590208e-05,6.17866680840962e-05,4.51653722848278e-05,8.04344308562577e-05,7.87942772149108e-05,7.62676645535976e-05,6.69386645313352e-05,6.00041457801126e-05,5.56351405975875e-05,6.64771287119947e-05,6.94949194439687e-05,6.21422586846165e-05,7.49400642234832e-05,7.17578222975135e-05,6.78496944601648e-05,6.64322433294728e-05,5.97575271967798e-05,6.61060330457985e-05,6.45979307591915e-05,5.28259188286029e-05,8.23720110929571e-05,7.12420151103288e-05,6.02116233494598e-05,7.66982193454169e-05,7.61956762289628e-05,6.22428851784207e-05,6.40208236291073e-05,8.10795609140769e-05,
1397.0,8.52612720336765e-05,7.6770105806645e-05,7.5517047662288e-05,7.67227684264071e-05,6.70519802952185e-05,6.5667656599544e-05,7.67833407735452e-05,6.47601918899454e-05,7.53826461732388e-05,7.49105238355696e-05,6.18475314695388e-05,8.02921422291547e-05,7.58061796659604e-05,9.16317003429867e-05,6.64318940835074e-05,7.99064146121964e-05,6.20330611127429e-05,7.85164884291589e-05,8.37172992760316e-05,7.05298589309677e-05,6.46878906991333e-05,6.54062969260849e-05,4.37316666648258e-05,8.92959942575544e-05,8.33680605865084e-05,8.03635557531379e-05,7.40522154956125e-05,6.09741655352991e-05,5.92561955272686e-05,7.2131006163545e-05,7.08576626493596e-05,6.89238513587043e-05,8.29567288747057e-05,7.68902391428128e-05,7.09195883246139e-05,7.20468233339489e-05,6.319404928945e-05,7.29890598449856e-05,6.69563305564225e-05,6.07304136792663e-05,8.76085177878849e-05,7.6766409620177e-05,6.51873779133894e-05,8.13389342511073e-05,8.43397647258826e-05,6.79205404594541e-05,6.80392913636751e-05,9.17756187845953e-05,
1398.0,9.10306262085214e-05,8.31159341032617e-05,8.06662574177608e-05,8.02066278993152e-05,6.84394690324552e-05,6.61470839986578e-05,8.11262070783414e-05,7.3774135671556e-05,7.82947245170362e-05,7.86051678005606e-05,6.41981532680802e-05,8.43758971313946e-05,7.72080893511884e-05,9.93083885987289e-05,7.42959164199419e-05,8.44779860926792e-05,7.01410608598962e-05,8.66225745994598e-05,9.35376083361916e-05,7.38655580789782e-05,6.78570140735246e-05,6.73494578222744e-05,4.39763571193907e-05,9.54201823333278e-05,8.87029018485919e-05,8.74253673828207e-05,7.58972455514595e-05,6.66950290906243e-05,6.17199839325622e-05,7.73983847466297e-05,7.66397788538598e-05,8.04196606623009e-05,8.64707108121365e-05,8.0477875599172e-05,6.99877782608382e-05,7.81985145295039e-05,6.86685743858106e-05,7.55968649173155e-05,7.14381385478191e-05,6.51542068226263e-05,8.73692915774882e-05,8.29039345262572e-05,7.67900419305079e-05,8.56588740134612e-05,8.94865661393851e-05,7.04400372342207e-05,7.2026698035188e-05,9.59141689236276e-05,
1399.0,9.24533305806108e-05,8.37561747175641e-05,8.73606986715458e-05,8.32202131277882e-05,7.30666797608137e-05,6.87332430970855e-05,9.00195591384545e-05,8.30492717796005e-05,7.95326996012591e-05,8.10223427833989e-05,6.55893018119968e-05,8.41822184156626e-05,7.91811544331722e-05,0.00010403757187305,7.70122569520026e-05,8.91278832568787e-05,7.72755738580599e-05,9.47899170569144e-05,0.000100307006505318,7.61861374485306e-05,7.09957457729615e-05,7.17125367373228e-05,5.01736503792927e-05,0.000102731210063212,9.66738080023788e-05,9.55259529291652e-05,8.07856049505062e-05,7.1334361564368e-05,6.43810126348399e-05,8.53377277962863e-05,8.3297782111913e-05,8.91476302058436e-05,8.9524699433241e-05,8.63699242472649e-05,6.96618008078076e-05,8.31400830065832e-05,7.37972950446419e-05,7.91479760664515e-05,7.17311122571118e-05,6.97852592566051e-05,9.04605694813654e-05,8.55796242831275e-05,8.86821435415186e-05,8.99423248483799e-05,9.7577074484434e-05,7.48604797990993e-05,8.02050271886401e-05,9.94577349047177e-05,
1400.0,9.07413268578239e-05,9.06782661331818e-05,8.94456024980173e-05,8.27956100692973e-05,7.59895774535835e-05,7.44525823392905e-05,9.43636478041299e-05,9.00313680176623e-05,8.32408186397515e-05,8.97659192560241e-05,7.31205800548196e-05,8.79600047483109e-05,8.41026630951092e-05,0.000107996791484766,7.83120558480732e-05,9.24432897591032e-05,8.27947078505531e-05,9.65724830166437e-05,0.000101313249615487,7.89779587648809e-05,7.58885435061529e-05,7.65273725846782e-05,5.71997734368779e-05,0.00010777116403915,0.000101738223747816,0.000101786135928705,8.63030145410448e-05,7.34247878426686e-05,6.58738790662028e-05,8.98488142411225e-05,8.49853022373281e-05,9.05480337678455e-05,9.37153454287909e-05,9.43507402553223e-05,7.74415311752819e-05,8.6371335783042e-05,8.30699063953944e-05,8.13505394035019e-05,7.40245668566786e-05,7.22047261660919e-05,9.75234943325631e-05,8.82896783878095e-05,9.22445833566599e-05,9.17082361411303e-05,0.000102108948340174,7.93932922533713e-05,8.40197390061803e-05,0.000102382662589662,
1401.0,9.39403689699247e-05,9.31696267798543e-05,9.04102125787176e-05,7.79306792537682e-05,7.67806341173127e-05,7.79106630943716e-05,9.41321122809313e-05,9.4989751232788e-05,8.48613271955401e-05,9.51681140577421e-05,7.94929437688552e-05,9.14561605895869e-05,9.00059167179279e-05,0.000112271103716921,8.34785460028797e-05,9.60652614594437e-05,8.90272567630745e-05,9.99505136860535e-05,0.000103929152828641,8.58123821672052e-05,7.87537501309998e-05,8.08371551102027e-05,6.42897866782732e-05,0.00010878036118811,0.000104853621451184,0.000106868428702001,9.01679159142077e-05,8.0577599874232e-05,6.90194356138818e-05,8.97771533345804e-05,8.87430287548341e-05,9.25111671676859e-05,9.85660080914386e-05,9.54658607952297e-05,8.2365411799401e-05,9.06179629964754e-05,9.08751389943063e-05,8.11332647572272e-05,7.78745816205628e-05,7.07855069776997e-05,0.000100595105323009,9.30073074414395e-05,9.6149553428404e-05,9.43282138905488e-05,0.000106023377156816,7.75320295360871e-05,8.58851126395166e-05,9.96261442196555e-05,
1402.0,9.60091565502808e-05,9.5467439678032e-05,9.22460312722251e-05,7.89930491009727e-05,7.98330729594454e-05,8.10524070402607e-05,9.35300995479338e-05,9.78701500571333e-05,8.75641853781417e-05,9.90674816421233e-05,8.340623753611e-05,9.35585849219933e-05,9.29177476791665e-05,0.000114163951366208,8.91697491169907e-05,0.000100594974355772,9.33724586502649e-05,0.000102461584901903,0.000109246902866289,9.09886512090452e-05,8.22696965769865e-05,8.68800780153833e-05,6.94944537826814e-05,0.000112593086669222,0.000106543382571544,0.000110584078356624,9.44885905482806e-05,8.54126701597124e-05,7.4507282988634e-05,9.32558396016248e-05,9.04606567928568e-05,9.33588671614416e-05,0.000101449018984567,9.79196047410369e-05,8.74470715643838e-05,9.48315064306371e-05,9.48126107687131e-05,8.24272574391216e-05,7.98666005721316e-05,7.23561824997887e-05,0.000103357218904421,9.52065965975635e-05,9.83074278337881e-05,9.67983505688608e-05,0.000108453910797834,7.79209804022685e-05,9.03859618119895e-05,0.000101004821772221,
1403.0,9.61764526437037e-05,9.27325163502246e-05,9.40534737310372e-05,8.27359035611153e-05,8.34985330584459e-05,8.63878012751229e-05,8.59834472066723e-05,9.34395138756372e-05,9.07336361706257e-05,9.84689031611197e-05,8.66220361785963e-05,9.06143759493716e-05,9.00676313904114e-05,0.000111933950392995,9.41929465625435e-05,0.000104033664683811,9.42743718042038e-05,9.83371719485149e-05,0.000114694645162672,9.74746362771839e-05,8.30612116260454e-05,9.6189025498461e-05,7.29791354387999e-05,0.000116560499009211,0.000101171746791806,0.000110773435153533,0.000101368816103786,8.70439398568124e-05,8.14827508293092e-05,9.55512296059169e-05,8.56193364597857e-05,8.74323159223422e-05,0.00010043856309494,9.94474539766088e-05,9.57806405494921e-05,9.77552335825749e-05,9.3982853286434e-05,8.17105174064636e-05,8.11090285424143e-05,7.29129824321717e-05,0.000107222782389726,9.21250757528469e-05,9.41723192227073e-05,9.80504264589399e-05,0.000103970916825347,7.58282840251923e-05,9.1653157141991e-05,0.000104966791695915,
1404.0,0.00010037323954748,9.97337410808541e-05,9.78886819211766e-05,8.64077082951553e-05,8.77908751135692e-05,8.99520528037101e-05,8.92899770406075e-05,9.63717393460684e-05,9.48893139138818e-05,0.000104237500636373,9.17569486773573e-05,9.59971075644717e-05,9.55335926846601e-05,0.000117990071885288,0.000102404395875055,0.000109619955765083,9.67964151641354e-05,0.00010466077219462,0.000120358374260832,0.000105365121271461,8.56934493640438e-05,0.000105451457784511,7.93643921497278e-05,0.000119486634503119,0.000107294239569455,0.000116645023808815,0.000106845378468279,9.22687977435999e-05,8.78490827744827e-05,9.97056195046753e-05,8.83794782566838e-05,9.06208952073939e-05,0.000107892374217045,0.000103984930319712,0.000103313665022142,0.000102324869658332,9.76559749688022e-05,8.64584362716414e-05,8.51892691571265e-05,7.73230785853229e-05,0.000111946930701379,9.55145223997533e-05,9.78952593868598e-05,0.000101052195532247,0.00010958276106976,7.96044259914197e-05,9.79405303951353e-05,0.000108224878204055,
1405.0,0.000103959398984443,0.00010866630327655,9.96438466245309e-05,8.91661911737174e-05,9.18681398616172e-05,8.75885234563611e-05,9.43596314755268e-05,9.88059255178086e-05,9.59370081545785e-05,0.000109025619167369,9.29371599340811e-05,0.000102370577224065,0.000101391560747288,0.000122721714433283,0.000112278714368585,0.000115866620035376,9.71334084169939e-05,0.000115800037747249,0.000126597660710104,0.000111278808617499,8.83239263202995e-05,0.00011340192577336,8.54825266287662e-05,0.000118799209303688,0.00011536121746758,0.000119909302156884,0.000105905630334746,9.87576495390385e-05,9.59934332058765e-05,0.00010458940960234,9.43221893976443e-05,9.55538562266156e-05,0.000114939612103626,0.000105332197563257,0.000105187304143328,0.000105956940387841,9.72371635725722e-05,9.31611066334881e-05,8.7447275291197e-05,8.25314418761991e-05,0.000110282380774152,9.85404985840432e-05,0.000103804712125566,0.000101582416391466,0.000118128657049965,8.45346876303665e-05,0.000108540305518545,0.000107515399577096,
1406.0,0.000114750364446081,0.000120963850349654,0.000108324820757844,9.96709641185589e-05,9.95819427771494e-05,9.34819108806551e-05,0.000104476530395914,0.000109051958133932,0.000105602797702886,0.000120458913443144,0.00010108359856531,0.000115627961349674,0.000113900103315245,0.000135859008878469,0.000125271224533208,0.000124827332911082,0.000103798462077975,0.00012858968693763,0.000137131733936258,0.000120881384646054,9.63054117164575e-05,0.000124220285215415,9.27168512134813e-05,0.000128400715766475,0.000129405496409163,0.000132927074446343,0.000115497176011559,0.000106935694930144,0.000104972954432014,0.000113817346573342,0.000101473124232143,0.000106155268440489,0.000129090025438927,0.000114888862299267,0.000115355542220641,0.000115615039248951,0.000106509585748427,0.000102017977042124,9.40327226999216e-05,9.26464417716488e-05,0.000120080250781029,0.000109063556010369,0.000111157605715562,0.000111142253444996,0.000129361476865597,9.25294079934247e-05,0.00011876044300152,0.000117301817226689,
1407.0,0.000130535656353459,0.00013939876225777,0.000119909389468376,0.000113510861410759,0.000107013940578327,0.000100902223493904,0.000122812125482596,0.000124404759844765,0.000117433308332693,0.000135494658024982,0.000112007939605974,0.00013689357729163,0.00013241425040178,0.000157458649482578,0.000139146723086014,0.000133725829073228,0.000110613880679011,0.000145086669363081,0.00014607202319894,0.000133099136292003,0.000105591323517729,0.000135958136525005,0.000100039593235124,0.000137668946990743,0.000154493318405002,0.000153999426402152,0.000129795793327503,0.00011491197074065,0.000113650312414393,0.000122412006021477,0.000110011387732811,0.000122225683298893,0.000151834203279577,0.000128833184135146,0.000130031054141,0.000124831218272448,0.000120818767754827,0.000113865236926358,0.000104043167084455,0.000105335071566515,0.000137112379889004,0.000123783611343242,0.000119790296594147,0.000124829486594535,0.000145771671668626,0.000103077130916063,0.000128203391795978,0.000130589833133854,
1408.0,0.000148796010762453,0.000159015573444776,0.000137753973831423,0.000130638625705615,0.000119766082207207,0.00011603202437982,0.000138769930345006,0.000141829979838803,0.000135752241476439,0.000155914880451746,0.000127005885588005,0.000155642483150586,0.000152893859194592,0.000178988339030184,0.000157883972860873,0.000149472281918861,0.000125010061310604,0.000165104036568664,0.00016214360948652,0.000148653431097046,0.000118590658530593,0.000152408363646828,0.000113202841021121,0.000157069865963422,0.00017561882850714,0.000175424676854163,0.000147503684274852,0.000129433610709384,0.000122907877084799,0.000138192423037253,0.000123563164379448,0.000139024399686605,0.000175076434970833,0.000146387843415141,0.000147972154081799,0.000143182522151619,0.000137209935928695,0.000126824437757023,0.000115817456389777,0.000122198849567212,0.000154576206114143,0.000142491044243798,0.000135266003780998,0.000141457130666822,0.000164292519912124,0.000119303767860401,0.000144257355714217,0.000149823230458423,
1409.0,0.000171127379871905,0.000179390801349655,0.000162709227879532,0.000153991451952606,0.000138238363433629,0.000139152063638903,0.000153856846736744,0.000165452031069435,0.000164331897394732,0.00018267122504767,0.000145365629578009,0.000175971916178241,0.000178065660293214,0.000204890850000083,0.000180946124601178,0.000168708415003493,0.00014635719708167,0.000187459561857395,0.000183904354344122,0.000163061995408498,0.000135810390929691,0.000170514002093114,0.000128302053781226,0.000189540820429102,0.000195140470168553,0.000200894603040069,0.000172260464751162,0.000147340600960888,0.0001322390162386,0.000162267839186825,0.000139754265546799,0.000161060379468836,0.000200330119696446,0.000168075988767669,0.000170079729286954,0.000167971666087396,0.000159773087943904,0.000140042175189592,0.000129748048493639,0.000144740421092138,0.000177258232724853,0.000167456877534278,0.000153724176925607,0.000163152639288455,0.000181576135219075,0.000141620897920802,0.00016570437583141,0.000177372261532582,
1410.0,0.000197405155631714,0.000203609786694869,0.000185469572898,0.000177372858161107,0.000154989349539392,0.000160228009917773,0.000175212626345456,0.000188562116818503,0.00018845108570531,0.00020954041974619,0.000167145321029238,0.000198602880118415,0.000203237956156954,0.000230842735618353,0.000206031385459937,0.000191802100744098,0.000168089449289255,0.000212658560485579,0.000210092461202294,0.000186730641871691,0.00015496340347454,0.00019238815002609,0.000145599755342118,0.000217714696191251,0.000219711233512498,0.000228014119784348,0.000196151144336909,0.000167777223396115,0.000145145764690824,0.000183202384505421,0.00015869495109655,0.000182187635800801,0.000228628006880172,0.000193218336789869,0.000193475585547276,0.000196127250092104,0.000182054951437749,0.00015724342665635,0.000145245197927579,0.00016642565606162,0.000199556510779075,0.000193012805539183,0.000174828470335342,0.000187642755918205,0.000208384823054075,0.000159787305165082,0.00018536725838203,0.000203806339413859,
1411.0,0.000229452707571909,0.000232928432524204,0.000212213955819607,0.000203467308892868,0.000173625972820446,0.00018845361773856,0.000202520895982161,0.00021228390687611,0.000216009502764791,0.000244016438955441,0.00019594699551817,0.000224368181079626,0.000232677557505667,0.000258675165241584,0.000237156447838061,0.000222596238018014,0.000195660992176272,0.000244475610088557,0.000242633454035968,0.000221051959670149,0.000178102854988538,0.000220183486817405,0.000170616796822287,0.000251318677328527,0.000247501709964126,0.000256016908679158,0.000222060145461001,0.000193903688341379,0.000157850445248187,0.000205119082238525,0.000183988158823922,0.000203872230486013,0.000263966125203297,0.000224395174882375,0.00022098068438936,0.000235760380746797,0.000207200588192791,0.000178627524292096,0.000164712604600936,0.000192457169760019,0.000223446782911196,0.000223233262659051,0.000207188742933795,0.000217264605453238,0.000245146453380585,0.000180483475560322,0.000207570352358744,0.000235495026572607,
1412.0,0.000257956009590998,0.00026185333263129,0.000238510867347941,0.000228104603593238,0.000193703439435922,0.000210685990168713,0.000225966374273412,0.000238566382904537,0.000240569512243383,0.000272026023594663,0.000222043352550827,0.000247725372901186,0.00026023673126474,0.000288299517706037,0.000264360045548528,0.000249310454819351,0.000220935718971305,0.00027385086286813,0.000273026031209156,0.000249359669396654,0.000198602545424365,0.000247457908699289,0.000191520462976769,0.000280564476270229,0.0002750443527475,0.00028752040816471,0.000248802010901272,0.000218936213059351,0.000174430475453846,0.000229431767365895,0.000206864919164218,0.000227864700718783,0.00029430040740408,0.000253545265877619,0.000247373711317778,0.000267923751380295,0.000231744998018257,0.000200593523913994,0.000181818511919118,0.000215649779420346,0.000248590047704056,0.000252037396421656,0.000232052771025337,0.000243801507167518,0.000277400074992329,0.000201619550352916,0.00023025406699162,0.000264339818386361,
1413.0,0.000291479082079604,0.000294528465019539,0.000266571965767071,0.000258345127804205,0.000214751751627773,0.000229016033699736,0.000251471035880968,0.000271183729637414,0.000261561450315639,0.000299051811452955,0.000252476515015587,0.000274252233793959,0.000288096605800092,0.000320936291245744,0.00029368486138992,0.000278989056823775,0.000247827090788633,0.000303101725876331,0.000310083531076089,0.000282928813248873,0.000222421032958664,0.00027899062843062,0.000209589052246884,0.000308505026623607,0.000308668910292909,0.00032966464641504,0.000279531988780946,0.000247319374466315,0.000197846340597607,0.000255926046520472,0.000232901686104015,0.000253804202657193,0.000325219560181722,0.000286382477497682,0.00027626016526483,0.000302430707961321,0.000258284999290481,0.000227789088967256,0.000197875968297012,0.000238490669289604,0.000275802245596424,0.000283575936919078,0.000252475641900674,0.000274258258286864,0.000316094141453505,0.000219324982026592,0.000253208039794117,0.000296053331112489,
1414.0,0.000319324346492067,0.000323795567965135,0.000290500931441784,0.000280712440144271,0.000235693762078881,0.000248567463131621,0.000276717968517914,0.000297124322969466,0.000284571957308799,0.000323835032759234,0.000276759674306959,0.000297255144687369,0.000315652578137815,0.000349960580933839,0.000319932354614139,0.000305330933770165,0.000273367448244244,0.000333235308062285,0.000342103332513943,0.000311283074552193,0.000243496542680077,0.000306456291582435,0.000229905403102748,0.000336299854097888,0.000337217526976019,0.000360388570697978,0.000305745750665665,0.000273821497103199,0.000217974869883619,0.000280933309113607,0.000254518556175753,0.000279017869615927,0.000354360876372084,0.000315985642373562,0.000302817759802565,0.000331549759721383,0.000282302644336596,0.000250325509114191,0.000215825944906101,0.000260314584011212,0.00030196423176676,0.000312469783239067,0.000276017555734143,0.000301848776871338,0.000348369736457244,0.000239781584241427,0.000275097467238083,0.000323010026477277,
1415.0,0.000339827907737345,0.000352225353708491,0.000312300428049639,0.000294289988232777,0.000260463712038472,0.000266018614638597,0.000299803708912805,0.000320105958962813,0.000309139635646716,0.000340105383656919,0.00029598394758068,0.000312604737700894,0.000341026781825349,0.000379392702598125,0.000339556601829827,0.000328653026372194,0.000295938865747303,0.000366168824257329,0.000368632230674848,0.000332378229359165,0.000259640830336139,0.000331260089296848,0.000252784171607345,0.000361239857738838,0.000361829093890265,0.000387996027711779,0.000329590839101002,0.000300025247270241,0.000238936307141557,0.000311274954583496,0.000271797383902594,0.000306987145449966,0.000375704083126038,0.000343854044331238,0.00032886621193029,0.000351643597241491,0.000304978719213977,0.000272114615654573,0.000234363222261891,0.000279882020549849,0.000329275382682681,0.000340205180691555,0.000297771679470316,0.000327902787830681,0.000373612623661757,0.000267038849415258,0.000299088511383161,0.000345469365129247,
1416.0,0.000365168525604531,0.000380483485059813,0.000336207274813205,0.000315222481731325,0.000281805259874091,0.000285725807771087,0.000323820509947836,0.000345358479535207,0.000332294148392975,0.000365635904017836,0.000317666330374777,0.000334167561959475,0.000368979177437723,0.000408832042012364,0.000365289859473705,0.000353354960680008,0.000321738043567166,0.000395847979234532,0.000398308970034122,0.000358099932782352,0.000279959960607812,0.000359325465979055,0.000273315003141761,0.000388850108720362,0.00038848229451105,0.00041517594945617,0.000354863586835563,0.00032541758264415,0.000258423271588981,0.00033600622555241,0.000292364071356133,0.000332262017764151,0.000405873463023454,0.000372554670320824,0.000354750634869561,0.000377261836547405,0.000328574969898909,0.000292341748718172,0.000253592239459977,0.000301972817396745,0.000355706637492403,0.000367086904589087,0.000320195074891672,0.000351636670529842,0.00040371689829044,0.000289170595351607,0.000321994739351794,0.000369386689271778,
1417.0,0.000388684420613572,0.000405442580813542,0.000355950120138004,0.000332748109940439,0.000300488754874095,0.000305316643789411,0.000349331210600212,0.00036600063322112,0.000352585542714223,0.000393380003515631,0.000337129487888888,0.000355848809704185,0.000396889663534239,0.000433657551184297,0.000393604510463774,0.000373978808056563,0.0003481165622361,0.0004222133429721,0.000426299520768225,0.000382693571737036,0.000303027918562293,0.000385438441298902,0.000292082055239007,0.000417425442719832,0.00041276280535385,0.000432921369792894,0.00037648162106052,0.000349808804458007,0.000276059785392135,0.00035542412661016,0.000310402829200029,0.000352583534549922,0.000437190174125135,0.000398644217057154,0.000378241646103561,0.000400274991989136,0.000349517591530457,0.000307933980366215,0.000273864745395258,0.000324434106005356,0.000379417178919539,0.000389997789170593,0.000342335639288649,0.000370296620531008,0.000432243541581556,0.000307536858599633,0.0003408471820876,0.000389347173040733,
1418.0,0.000417187897255644,0.000433386361692101,0.00038006529211998,0.00035794367431663,0.00031868161750026,0.000326795096043497,0.000375040923245251,0.000389825960155576,0.000378019030904397,0.000424039550125599,0.000356565840775147,0.000382992584491149,0.000428177736466751,0.000462762545794249,0.000420489173848182,0.000400182005250826,0.000376761861843988,0.000452308828243986,0.000459015078376979,0.000410452747019008,0.00032327338703908,0.000414823909522966,0.000313391326926649,0.0004451448621694,0.000439471157733351,0.000454148364951834,0.000401805300498381,0.000373079819837585,0.000294546975055709,0.000373988325009122,0.000331934366840869,0.000379613047698513,0.000477333611343056,0.000428293831646442,0.000402940233470872,0.000429655308835208,0.000373585557099432,0.000325991160934791,0.000294761674012989,0.000346163258654997,0.000406227132771164,0.000417344039306045,0.000371109490515664,0.000394120550481603,0.000465824676211923,0.000326516426866874,0.000362947641406208,0.000413318717619404,
1419.0,0.000451729807537049,0.000462955591501668,0.000408185384003446,0.000389447261113673,0.00034012453397736,0.00035320600727573,0.000399878481402993,0.000425194593844935,0.000405052996939048,0.000459724134998396,0.000380978919565678,0.000414940062910318,0.000461848627310246,0.000499492743983865,0.00045259902253747,0.000434362940723076,0.00040592162986286,0.00048451276961714,0.000492918421514332,0.00044555144268088,0.000346834538504481,0.000447760859970003,0.000334534532157704,0.000477233959827572,0.000470299681182951,0.00048834877088666,0.000431983615271747,0.00039602440665476,0.000314035831252113,0.000397763797082007,0.000359596888301894,0.000410145818023011,0.000515839899890125,0.000461423333035782,0.000429464154876769,0.00046671080053784,0.000404440623242408,0.000347680586855859,0.000318622129270807,0.000375493313185871,0.000437943963333964,0.000449267943622544,0.000395389040932059,0.000423368037445471,0.000501790142152458,0.000347992172464728,0.000390678440453485,0.000439826166257262,
1420.0,0.000488970137666911,0.000499074289109558,0.000441239069914445,0.000419337069615722,0.000362370512448251,0.000381443736841902,0.000430117594078183,0.000463307515019551,0.000431576336268336,0.000503514194861054,0.000414164707763121,0.000449973944341764,0.000496220658533275,0.000537713232915848,0.000490167236421257,0.000469795631943271,0.000439117924543098,0.000517226289957762,0.000531710335053504,0.000484195683384314,0.000372880545910448,0.00048449679161422,0.000358244724338874,0.000513410021085292,0.000508863653521985,0.000525005569215864,0.000466701632831246,0.000427233695518225,0.000333459698595107,0.000422589044319466,0.000389830209314823,0.000438624032540247,0.000555914826691151,0.000494506268296391,0.000463207310531288,0.00050677644321695,0.00043589566485025,0.000372056354535744,0.000343717460054904,0.000405410071834922,0.000473903404781595,0.000482166040455922,0.000425913982326165,0.000450545659987256,0.000539728149306029,0.000372129346942529,0.000420048338128254,0.000471484730951488,
1421.0,0.000528859556652606,0.000539212138392031,0.00047895242460072,0.000454332097433507,0.000389207212720066,0.000413665431551635,0.00046655340702273,0.000507241464219987,0.000467033707536757,0.000548484153114259,0.00045119330752641,0.000487636047182605,0.000537058105692267,0.000582727079745382,0.000523774418979883,0.000514865037985146,0.000472036335850134,0.000556568847969174,0.000579008541535586,0.000528439879417419,0.000403251615352929,0.000524637755006552,0.000388965680031106,0.00055346981389448,0.000555082864593714,0.000569046125747263,0.000504942028783262,0.00046672485768795,0.000360810023266822,0.000459089525975287,0.000423451972892508,0.000474903208669275,0.000602046144194901,0.00053376576397568,0.000505599135067314,0.000552749668713659,0.000471452920464799,0.000401462893933058,0.000373962422600016,0.000438578863395378,0.000515042280312628,0.000520099827554077,0.000459769740700722,0.000493044150061905,0.000584012712351978,0.000402121164370328,0.000454778230050579,0.00051211507525295,
1422.0,0.000572440272662789,0.000580780731979758,0.000519832945428789,0.000490916019771248,0.000419058313127607,0.000448349775979295,0.000505610194522887,0.00055636785691604,0.0005045200814493,0.000588821771088988,0.000490697682835162,0.000525630835909396,0.000580446270760149,0.000634903728496283,0.000565275840926915,0.00056343647884205,0.000503393530379981,0.000605593260843307,0.000626412511337548,0.000574404606595635,0.000440619449364021,0.00056608859449625,0.00042051964555867,0.000597182486671954,0.000600874191150069,0.000617566867731512,0.000546855269931257,0.00050808023661375,0.000391608366044238,0.000502350623719394,0.000459637434687465,0.000515208055730909,0.000648167973849922,0.000578279432374984,0.000547972391359508,0.000599375576712191,0.000511491147335619,0.000436705158790573,0.000410611886763945,0.000475921347970143,0.000561402994208038,0.000564247369766235,0.000491202750708908,0.000538787920959294,0.00062862882623449,0.000437808048445731,0.000494674663059413,0.000553971156477928,
1423.0,0.000615299388300627,0.000625870015937835,0.000562721048481762,0.000529032084159553,0.000445803394541144,0.000479088485008106,0.000541524437721819,0.000595582998357713,0.000540298642590642,0.000632967567071319,0.000530873832758516,0.000562719360459596,0.000623507017735392,0.000683634716551751,0.000611016061156988,0.00060792692238465,0.000537019921466708,0.000656877178698778,0.000674954266287386,0.000616562087088823,0.000475226057460532,0.000609204696957022,0.000454682187410071,0.000640862621366978,0.000645513588096946,0.000663867685943842,0.000590136565733701,0.000550123513676226,0.00041961099486798,0.000543795293197036,0.000494781765155494,0.000553177844267339,0.000698721269145608,0.000621117244008929,0.000592731754295528,0.00064130179816857,0.000551645003724843,0.000475145701784641,0.000444819597760215,0.000508699624333531,0.000604399538133293,0.000606295478064567,0.000528557400684804,0.000580268620979041,0.000673975213430822,0.000471820239908993,0.000537505955435336,0.000594052951782942,
1424.0,0.000658479519188404,0.000670652138069272,0.000606263463851064,0.000568772898986936,0.000473546562716365,0.000509819947183132,0.000576144026126713,0.000632689509075135,0.00058159267064184,0.000675292802043259,0.000566679402254522,0.000601028907112777,0.000673271948471665,0.000731971929781139,0.000653860508464277,0.000651419628411531,0.000573101919144392,0.000703462050296366,0.00072538509266451,0.000658057571854442,0.000508410157635808,0.00065610883757472,0.00048989534843713,0.00068416097201407,0.000688820902723819,0.000710746098775417,0.000631781469564885,0.000592639786191285,0.000451215601060539,0.00058585760416463,0.000529742450453341,0.000593056029174477,0.000751316722016782,0.000668174936436117,0.000639503472484648,0.000686181185301393,0.000589372648391873,0.0005136106046848,0.000477156689157709,0.000541636487469077,0.000644393963739276,0.000646571395918727,0.000564995047170669,0.00062659231480211,0.000721304561011493,0.000503720191773027,0.000579557323362678,0.00063787359977141,
1425.0,0.000701420940458775,0.00071171933086589,0.00064698769710958,0.000604603497777134,0.000500450551044196,0.000541995686944574,0.000609232054557651,0.000672138412483037,0.000621367536950856,0.000712911074515432,0.000597496924456209,0.000637303048279136,0.00071877590380609,0.000777375244069844,0.000697968353051692,0.000687941093929112,0.00060874002519995,0.000751089712139219,0.000768690544646233,0.000699400727171451,0.000535555358510464,0.000704576494172215,0.000518744869623333,0.00072461279341951,0.000730993691831827,0.000759071379434317,0.000668851367663592,0.00062677392270416,0.00048092010547407,0.000621202343609184,0.000562599860131741,0.000629240472335368,0.000797726272139698,0.000714697758667171,0.000680724915582687,0.0007298972341232,0.000624405860435218,0.000549308082554489,0.000503405986819416,0.000575310084968805,0.000682129932101816,0.000689136446453631,0.000599114573560655,0.000667198211885989,0.000763572461437434,0.000532943988218904,0.000618194986600429,0.000674073176924139,
1426.0,0.000738747126888484,0.000748877413570881,0.000676301657222211,0.000631570466794074,0.000525400799233466,0.00056825001956895,0.000641036371234804,0.000703644123859704,0.000654718896839768,0.000753438973333687,0.000626139633823186,0.000670316279865801,0.000752535182982683,0.000816069543361664,0.000736982154194266,0.000718963972758502,0.000644560204818845,0.000789454265031964,0.000804443610832095,0.000736276619136333,0.000556946790311486,0.000745253928471357,0.000546474766451865,0.000758068985305727,0.000771516701206565,0.000801836024038494,0.0007009242544882,0.000655132229439914,0.000504469440784305,0.000651440292131156,0.000590409792494029,0.000660168763715774,0.000837870640680194,0.000751721789129078,0.000718248018529266,0.000767790537793189,0.000656128628179431,0.000580138934310526,0.000525508366990834,0.000603817228693515,0.000710582244209945,0.000727293430827558,0.000633716292213649,0.000703193130902946,0.00080209894804284,0.000559143780265003,0.000651668873615563,0.000702106684911996,
1427.0,0.000768979196436703,0.000777472043409944,0.000700375065207481,0.000653261260595173,0.000547429313883185,0.000590158102568239,0.000667085812892765,0.000731820415239781,0.000681639183312655,0.000784341711550951,0.000650365429464728,0.000696887727826834,0.000779362802859396,0.000848047900944948,0.00076690036803484,0.000745817960705608,0.000669858243782073,0.000818320666439831,0.000835252983961254,0.000765485921874642,0.00057855382328853,0.000776565808337182,0.0005663275369443,0.000787777593359351,0.000801012443844229,0.00083561718929559,0.000727600825484842,0.00068126805126667,0.00052490399684757,0.000675481045618653,0.00061338662635535,0.000686133746057749,0.000872292963322252,0.000783272145781666,0.00074738753028214,0.000797555549070239,0.000681420904584229,0.000604759610723704,0.000545648450497538,0.000627901637926698,0.000735552748665214,0.000755605869926512,0.000659051234833896,0.000731069769244641,0.000831919838674366,0.000581602100282907,0.000677476869896054,0.000730946892872453,
1428.0,0.000794921186752617,0.000798860681243241,0.000718158378731459,0.000667594315018505,0.000569505267776549,0.000609883922152221,0.000693208712618798,0.00076229521073401,0.000706530641764402,0.000810521596577019,0.000671581015922129,0.00071938952896744,0.00079796405043453,0.000875314406584948,0.000789575919043273,0.000767816323786974,0.000690653047058731,0.000837287458125502,0.000861755630467087,0.000792387058027089,0.000600169878453016,0.000804374401923269,0.000578195264097303,0.000814971164800227,0.000827450130600482,0.000866814923938364,0.000748662569094449,0.000705640413798392,0.000547167379409075,0.000693885784130543,0.000631502887699753,0.000707870291080326,0.000905168417375535,0.000811060541309416,0.000772665720432997,0.000823262322228402,0.000700590782798827,0.000622884836047888,0.000562483619432896,0.000651015376206487,0.00075533555354923,0.000778678513597697,0.000679586315527558,0.000752561958506703,0.000855964375659823,0.00060231116367504,0.000696056522428989,0.000759544549509883,
1429.0,0.000812878832221031,0.000816660292912275,0.000732364773284644,0.000682664860505611,0.000584602064918727,0.000625599466729909,0.000708943291101605,0.000780173460952938,0.000719257805030793,0.000831077108159661,0.000686370010953397,0.000736863759811968,0.000813617021776736,0.000894414144568145,0.000807642354629934,0.000784473784733564,0.000705917715094984,0.000854184560012072,0.000880029168911278,0.000809083052445203,0.0006146744126454,0.000821850087959319,0.000589942384976894,0.000833484053146094,0.000843744084704667,0.000885664718225598,0.00076618540333584,0.000721568299923092,0.000557121995370835,0.000708264647983015,0.000648124900180846,0.000722756842151284,0.000924882246181369,0.000829568190965801,0.000787762110121548,0.000840755412355065,0.000716571812517941,0.000636182609014213,0.000575705838855356,0.000664888531900942,0.000772002094890922,0.000795304134953767,0.000693499750923365,0.000769143225625157,0.000874444376677275,0.000616130244452506,0.000709939515218139,0.000779202033299953,
1430.0,0.000822119822259992,0.000827411422505975,0.00073951535159722,0.000694106216542423,0.000595499644987285,0.000635626551229507,0.000715936010237783,0.000786468095611781,0.000719514733646065,0.000845576927531511,0.000696417468134314,0.000748786667827517,0.000820421031676233,0.000904790940694511,0.000818795873783529,0.000795825384557247,0.000709880026988685,0.00086362793808803,0.000892079086042941,0.000813604739960283,0.000625756219960749,0.00082535290857777,0.00059874274302274,0.000846119830384851,0.00084662128938362,0.00089095369912684,0.000778607500251383,0.000731410516891629,0.000554992351680994,0.000715481583029032,0.000661902246065438,0.000731587933842093,0.000933375209569931,0.00083864526823163,0.000791594909969717,0.000847155228257179,0.000729156425222754,0.000644789601210505,0.000586417154408991,0.000671188463456929,0.000783316849265248,0.000801151327323169,0.000699503230862319,0.000777164241299033,0.000884148816112429,0.000625563436187804,0.000716569717042148,0.000797027663793415,
1431.0,0.000829250260721892,0.000835806771647185,0.000744070741347969,0.000701778160873801,0.000602108484599739,0.000643021543510258,0.000720399664714932,0.000792778912000358,0.000722420634701848,0.000854508427437395,0.000701731536537409,0.000755697838030756,0.000828084535896778,0.000911480165086687,0.000824189221020788,0.000804037670604885,0.000717426941264421,0.000869268085807562,0.000897401827387512,0.000820177257992327,0.000632020353805274,0.000830703706014901,0.000601283565629274,0.000853444915264845,0.0008501858683303,0.000897235819138587,0.000787299883086234,0.000738825416192412,0.000558081490453333,0.00072069262387231,0.000669691537041217,0.000737546477466822,0.000940440164413303,0.000846704468131065,0.000794958672486246,0.000854656507726759,0.000735146750230342,0.000649575376883149,0.000592809286899865,0.000675682967994362,0.000793160230387002,0.000807363714557141,0.000703968922607601,0.000784516450949013,0.000892125128302723,0.000629607413429767,0.000722202879842371,0.000804899726063013,
1432.0,0.000826115079689771,0.000839754240587354,0.000741649826522917,0.00070659740595147,0.000601448060479015,0.000647485023364425,0.000715070636942983,0.000791750848293304,0.000716198468580842,0.000856230151839554,0.000699261086992919,0.000755357090383768,0.000832602730952203,0.000907680136151612,0.000818992615677416,0.000803527713287622,0.000726109719835222,0.000867599970661104,0.000889022601768374,0.000820949964690953,0.00062971911393106,0.000829088967293501,0.000597138190641999,0.000848321244120598,0.00084679591236636,0.000893111049663275,0.000790168123785406,0.000738002418074757,0.000554782978724688,0.000721268414054066,0.000672277761623263,0.000734541623387486,0.000934558396693319,0.000846392940729856,0.000787651282735169,0.000856798724271357,0.000730935018509626,0.000645607186015695,0.000593122153077275,0.000671133399009705,0.000798847584519535,0.000809612800367177,0.000699361960869282,0.000787332595791668,0.00089358794502914,0.000622603402007371,0.000719638599548489,0.000798823602963239,
1433.0,0.000829430937301368,0.000842168170493096,0.000743382435757667,0.00070976052666083,0.000603354128543288,0.000650473346468061,0.000717334391083568,0.000793159822933376,0.000716255395673215,0.000859402643982321,0.000699642114341259,0.000756994646508247,0.000835477316286415,0.00091136887203902,0.000821750611066818,0.000809174962341785,0.000729493913240731,0.00086890859529376,0.000889701768755913,0.000823238689918071,0.000631335133221,0.00083135737804696,0.000597341742832214,0.000850395997986197,0.000847074028570205,0.000896651647053659,0.000792910228483379,0.000739970768336207,0.000555807666387409,0.000722096476238221,0.000675289076752961,0.000736322544980794,0.000938518554903567,0.000850170850753784,0.000788424978964031,0.000860864005517215,0.000733436027076095,0.000646262895315886,0.000593947537709028,0.000672893424052745,0.000803285045549273,0.000811302044894546,0.00070190045516938,0.000790209451224655,0.000898141996003687,0.000625243468675762,0.000721598917152733,0.000800753070507199,
1434.0,0.000829685130156577,0.000834498961921781,0.000739251787308604,0.000703194702509791,0.000600724830292165,0.000644486863166094,0.00071645574644208,0.000788100122008473,0.000715118600055575,0.000853412842843682,0.000693403126206249,0.000750939187128097,0.000830805453006178,0.000911558978259563,0.000818203669041395,0.000813041522633284,0.000724907615222037,0.000861795095261186,0.000883391476236284,0.000821413297671825,0.00062824139604345,0.000828456832095981,0.000589883187785745,0.000847363437060267,0.000839898770209402,0.000898873724509031,0.000787734927143902,0.000737208873033524,0.000558950006961823,0.000714804569724947,0.000669674307573587,0.000733669032342732,0.000941370846703649,0.000848907569888979,0.000786114018410444,0.00085807079449296,0.000732229498680681,0.000641707971226424,0.000589640811085701,0.000670801848173141,0.000801550166215748,0.000803798029664904,0.000702549237757921,0.000785504176747054,0.000896008568815887,0.000625832355581224,0.000722217257134616,0.000796044827438891,
1435.0,0.000836308870930225,0.000839075306430459,0.000742832489777356,0.000706136925145984,0.000602562504354864,0.00064765039132908,0.00072196644032374,0.000793209532275796,0.000720606825780123,0.000856374448630959,0.000695954833645374,0.00075386551907286,0.000835245242342353,0.000916639459319413,0.000824770948383957,0.000820603221654892,0.000728712824638933,0.000865643261931837,0.000889105605892837,0.000825794413685799,0.000632554874755442,0.000833659956697375,0.000593255623243749,0.000853517209179699,0.000845356902573258,0.000905515160411596,0.000792802835348994,0.000742137199267745,0.000563712674193084,0.000718983821570873,0.000672376365400851,0.000737893860787153,0.000948470842558891,0.000855214719194919,0.000793400278780609,0.000865949783474207,0.000735090638045222,0.000644762243609875,0.000591652817092836,0.000675337156280875,0.000806367141194642,0.000807788630481809,0.000708372564986348,0.00079121656017378,0.000903820677194744,0.000630235823336989,0.000725778925698251,0.000800398353021592,
1436.0,0.000845262431539595,0.000842282432131469,0.000749301863834262,0.000709280779119581,0.000602358602918684,0.00065053888829425,0.000732876011170447,0.000799403700511903,0.00072601402644068,0.000857708044350147,0.000698140705935657,0.000756652385462075,0.000837526691611856,0.000921007653232664,0.000838076404761523,0.000827552925329655,0.000727433536667377,0.000869787589181215,0.000901369960047305,0.000825827417429537,0.000638005032669753,0.000839529908262193,0.000603972875978798,0.00086377642583102,0.000855340622365475,0.000912658404558897,0.000796391337644309,0.000744841294363141,0.000566376023925841,0.000724094628822058,0.000675727671477944,0.000743321550544351,0.000955868046730757,0.000860588916111737,0.000806961324997246,0.000875385361723602,0.000737426162231714,0.000648302957415581,0.00059010018594563,0.000682656827848405,0.000807401665952057,0.000811216130387038,0.000716325710527599,0.000797151995357126,0.000914369651582092,0.000640842074062675,0.000726996164303273,0.000807347591035068,
1437.0,0.000860491360072047,0.00085725513054058,0.000761411443818361,0.000720875861588866,0.000611014955211431,0.000661147059872746,0.000744859396945685,0.000813253107480705,0.00074067508103326,0.000871918047778308,0.000708740146365017,0.000769503996707499,0.000852664175909013,0.000937076227273792,0.000855472288094461,0.000842763052787632,0.000738471688237041,0.000887440459337085,0.000919229700230062,0.000838930427562445,0.000649496796540916,0.000854660465847701,0.000614966847933829,0.000879205064848065,0.000870584801305085,0.000927400076761842,0.000810419325716794,0.000758181093260646,0.000576279824599624,0.000737438793294132,0.000687283230945468,0.000755988352466375,0.000972852692939341,0.00087545532733202,0.00082281744107604,0.000892402487806976,0.000750477833207697,0.000661252066493034,0.00059995282208547,0.000695696566253901,0.000821295659989119,0.000826544419396669,0.000730267085600644,0.000811032019555569,0.000930935028009117,0.000651072303298861,0.000738622504286468,0.000822144560515881,
1438.0,0.000878024031408131,0.000884011737070978,0.000775576685555279,0.000737058406230062,0.000624685664661229,0.000677302770782262,0.000755025364924222,0.000834233651403338,0.000763585267122835,0.000892987125553191,0.000726044119801372,0.00078943173866719,0.000877379789017141,0.000957253912929446,0.000873178418260068,0.000860347994603217,0.000757935573346913,0.000915483571588993,0.000943436461966485,0.000859166029840708,0.000664956925902516,0.000875575409736484,0.00062559760408476,0.000897490885108709,0.000890471856109798,0.000943900551646948,0.000833624100778252,0.000780080619733781,0.000588484108448029,0.000759715330787003,0.000703180383425206,0.0007716616964899,0.000993251102045178,0.000896070851013064,0.000841613626107574,0.000916898134164512,0.000767007761169225,0.000681696634273976,0.000616126693785191,0.000712818116880953,0.000842211942654103,0.00085211597615853,0.000746596022509038,0.000833043595775962,0.000951588212046772,0.00065761647420004,0.000752337509766221,0.000840894528664649,
1439.0,0.000903035223018378,0.000912348506972194,0.000798994908109307,0.000760359223932028,0.000641450460534543,0.000698427262250334,0.000775933032855392,0.000859860854689032,0.000788843259215355,0.000921105034649372,0.000747510173823684,0.000812394951935858,0.000905162887647748,0.000984982587397099,0.000901656458154321,0.000885128043591976,0.000782337214332074,0.000945326173678041,0.000972627836745232,0.000886485737282783,0.000685656210407615,0.000902222760487348,0.000645168358460069,0.000923605635762215,0.000919094425626099,0.000969536020420492,0.000859772204421461,0.000805488147307187,0.000607006659265608,0.000784691073931754,0.000723615172319114,0.000796418986283243,0.00102234096266329,0.000924011634197086,0.000866252288687974,0.00094526878092438,0.00078945275163278,0.000704347155988216,0.00063727266388014,0.000734831439331174,0.000868017144966871,0.000881286337971687,0.000769458245486021,0.000857955834362656,0.000979682430624962,0.000673608912620693,0.000775668537244201,0.000867051945533603,
1440.0,0.00093416147865355,0.00094517704565078,0.000830351375043392,0.000793361046817154,0.000663107144646347,0.000727132777683437,0.000802403199486434,0.000889300892595202,0.000820718880277127,0.000959371856879443,0.000773684005253017,0.000843279180116951,0.000940087134949863,0.00102509267162532,0.000940828700549901,0.000917629804462194,0.000814303348306566,0.000983956037089229,0.00100490415934473,0.000924529973417521,0.000710614316631109,0.000936343451030552,0.000669960456434637,0.000954417861066759,0.00095428159693256,0.00100252113770694,0.000891370291355997,0.000837894913274795,0.000633338757324964,0.000814537808764726,0.000750598963350058,0.00082997907884419,0.00106023775879294,0.000960941833909601,0.00089186237892136,0.000978211639449,0.000823761860374361,0.000733724562451243,0.00066770741250366,0.000762130017392337,0.000901999766938388,0.000918338890187442,0.000801203830633312,0.000886423222254962,0.00101374206133187,0.000691713765263557,0.000810829631518573,0.000902195577509701,
1441.0,0.000971196219325066,0.000984541373327374,0.000865132838953286,0.00082742644008249,0.000689458276610821,0.000756589462980628,0.00083357491530478,0.000926037959288806,0.000854221696499735,0.00100053125061095,0.000807026925031096,0.000875716970767826,0.000978623400442302,0.0010660532861948,0.000980157870799303,0.000955526309553534,0.000849241914693266,0.00102666020393372,0.00104655558243394,0.000965219631325454,0.000741227180697024,0.000975875824224204,0.000698238669428974,0.000993973226286471,0.000995413516648114,0.00104320724494755,0.000928401947021484,0.000873586861416698,0.000659880402963609,0.00084786704974249,0.000781295995693654,0.000865375972352922,0.00110418861731887,0.00100125488825142,0.000928063236642629,0.00101765326689929,0.000858057930599898,0.000764658732805401,0.000699235068168491,0.000793424085713923,0.000939845340326428,0.000957403448410332,0.000833234051242471,0.000921113241929561,0.00105466751847416,0.000719167466741055,0.000846546201501042,0.000941439997404814,
1442.0,0.00101401598658413,0.00102752784732729,0.000907138222828507,0.000864100933540612,0.000717591668944806,0.000789119396358728,0.000872342730872333,0.000969951914157718,0.000888474110979587,0.00104777468368411,0.000848738010972738,0.000906887173186988,0.00101979763712734,0.00110808445606381,0.00102589535526931,0.000999416806735098,0.000888936512637883,0.00107097160071135,0.00109749217517674,0.00101044308394194,0.000778198766056448,0.00102050928398967,0.000734490575268865,0.00104420422576368,0.00104824360460043,0.00109273451380432,0.000970866763964295,0.000913193507585675,0.000689360138494521,0.00088402524124831,0.000816237297840416,0.00090772716794163,0.00115488073788583,0.00104736362118274,0.000975488626863807,0.00106184068135917,0.000891378673259169,0.000797278014943004,0.000738039612770081,0.000828892341814935,0.000982804223895073,0.00100064370781183,0.000866356189362705,0.000961660000029951,0.00110221246723086,0.000759594026021659,0.000887194473762065,0.000989084597676992,
1443.0,0.00106319889891893,0.00107736187055707,0.00095165433594957,0.00090743089094758,0.000752105261199176,0.000824888062197715,0.000915452663321048,0.00101785873994231,0.000929956149775535,0.00109837576746941,0.000890361960045993,0.000948020664509386,0.00106768868863583,0.00115882197860628,0.00107481540180743,0.00104681286029518,0.000933894247282296,0.00112216116394848,0.00114980305079371,0.00106121285352856,0.00081855128519237,0.00107059767469764,0.000773560430388898,0.00109614850953221,0.00110030162613839,0.00114505877718329,0.00101636024191976,0.000955682713538408,0.000723404111340642,0.000925884698517621,0.000854278914630413,0.000952527450863272,0.001210632850416,0.00109771254938096,0.00102370628155768,0.00111296772956848,0.000933149654883891,0.000835013401228935,0.000773773470427841,0.000868648232426494,0.00102930865250528,0.00104773149359971,0.000905842869542539,0.00100547319743782,0.00115545676089823,0.000796925334725529,0.000931354705244303,0.00103600835427642,
1444.0,0.00111916603054851,0.00113635812886059,0.000999717623926699,0.000954588584136218,0.00079329323489219,0.000859261199366301,0.000962912454269826,0.00107366591691971,0.00097458396339789,0.00115302845370024,0.000935284537263215,0.00099351117387414,0.00112204381730407,0.00121560622937977,0.00112305115908384,0.00109879719093442,0.000984847662039101,0.0011798704508692,0.00120724143926054,0.00111779919825494,0.000868107657879591,0.00112808577250689,0.000816054060123861,0.00115298223681748,0.00115146278403699,0.00120166852138937,0.00106547260656953,0.00100008910521865,0.000760249618906528,0.000972382957115769,0.000895712699275464,0.000999070587567985,0.00127468165010214,0.00114917894825339,0.00107670901343226,0.00117228541057557,0.000979635748080909,0.000877125421538949,0.000806571333669126,0.000911092443857342,0.00107809342443943,0.00109604664612561,0.000947546504903585,0.0010516942711547,0.00121398561168462,0.000836484483443201,0.000978938769549131,0.00108383048791438,
1445.0,0.00117988954298198,0.0011982045834884,0.00105243688449264,0.00100614922121167,0.000839410873595625,0.000903540698345751,0.00101453938987106,0.00113046506885439,0.00102612585760653,0.00121414137538522,0.0009852898074314,0.00104807468596846,0.00118095066864043,0.00127885851543397,0.00117954087909311,0.0011568107875064,0.00103839964140207,0.00124386069364846,0.00127232819795609,0.00117762910667807,0.000914439384359866,0.00118848693091422,0.00086003600154072,0.00121489376761019,0.00121160235721618,0.00126683816779405,0.00112056476064026,0.00105174188502133,0.000799594272393733,0.00102365831844509,0.000942553277127445,0.00105047528631985,0.00134229159448296,0.00121032260358334,0.00113542971666902,0.00123385258484632,0.00103261996991932,0.000921412720344961,0.00084534875350073,0.00096060789655894,0.00113571423571557,0.0011532997014001,0.000996262300759554,0.00110648316331208,0.0012789013562724,0.000880661769770086,0.00103045301511884,0.00113801739644259,
1446.0,0.00124755292199552,0.00126486446242779,0.00110974942799658,0.00106444151606411,0.000891359464731067,0.000953743408899754,0.00107042817398906,0.00118812953587621,0.00108556123450398,0.00127929239533842,0.00103741907514632,0.00111267506144941,0.00124427757691592,0.00134819408413023,0.00124150619376451,0.0012177403550595,0.00109699438326061,0.0013125326950103,0.00134162977337837,0.00124038034118712,0.000958839547820389,0.00125105446204543,0.000906809524167329,0.00127852661535144,0.00127635826356709,0.00133546348661184,0.00117852934636176,0.00110728654544801,0.000840105058159679,0.00107990915421396,0.000990917207673192,0.00110491190571338,0.0014119460247457,0.00127989589236677,0.00119672948494554,0.00129986077081412,0.00109364720992744,0.000966976978816092,0.000883691769558936,0.00101620226632804,0.00119817105587572,0.00121547176968306,0.00105086923576891,0.00116653449367732,0.00134986615739763,0.000923733634408563,0.00108487962279469,0.00119229883421212,
1447.0,0.00131821644026786,0.00133386009838432,0.00116854731459171,0.00112775235902518,0.000946742424275726,0.00101113331038505,0.00113367976155132,0.00125301454681903,0.00114724040031433,0.00134918733965605,0.00109276652801782,0.0011836551129818,0.00131304329261184,0.00142457545734942,0.00131051661446691,0.00128583516925573,0.00115657586138695,0.00138794700615108,0.00141471123788506,0.001311014755629,0.00100833550095558,0.00132177642080933,0.000957010954152793,0.00134962052106857,0.00134655879810452,0.00141449237708002,0.00124291435349733,0.00117016525473446,0.000890143681317568,0.00114179181400687,0.00104845606256276,0.00116622482892126,0.00148864393122494,0.00135293882340193,0.00126324780285358,0.00137003243435174,0.0011582977604121,0.00101893406827003,0.000928293738979846,0.00107506592758,0.00126807345077395,0.00128495180979371,0.00111388717778027,0.00123306224122643,0.00142952287569642,0.000972934067249298,0.00114595668856055,0.00125464249867946,
1448.0,0.00138838368002325,0.00141112902201712,0.00123456749133766,0.00118806015234441,0.00100673525594175,0.00107528292573988,0.00119961251039058,0.00132054917048663,0.00121404370293021,0.00142582168336958,0.00115628843195736,0.00125331908930093,0.00138882058672607,0.00150661764200777,0.00138282042462379,0.00136203225702047,0.00121955759823322,0.00146884238347411,0.0014970867196098,0.00138533301651478,0.00106203346513212,0.00139707489870489,0.00100888567976654,0.00143164559267461,0.00142656115349382,0.001503323786892,0.00131702783983201,0.00123695121146739,0.000941290170885623,0.00120520731434226,0.0011123139411211,0.0012299494119361,0.00157579302322119,0.00143225875217468,0.00133886898402125,0.00144608796108514,0.00122136785648763,0.00107710366137326,0.000976290262769908,0.0011406677076593,0.00134421011898667,0.00136429665144533,0.00117684120777994,0.00130764942150563,0.00150876806583256,0.00103167758788913,0.00120881118346006,0.00132684176787734,
1449.0,0.00147315848153085,0.00149691686965525,0.0013075340539217,0.00125531619414687,0.00106586294714361,0.00114344642497599,0.00127358420286328,0.00139683380257338,0.00129278865642846,0.0015109070809558,0.00122560060117394,0.0013312652008608,0.00147630099672824,0.00159672670997679,0.00146627379581332,0.00144898414146155,0.00128772296011448,0.00155911513138562,0.00158831966109574,0.00146893004421145,0.00112001155503094,0.00147831172216684,0.00106881139799953,0.00152426061686128,0.00151552096940577,0.00159973267000169,0.00139981543179601,0.00131173711270094,0.0010005000513047,0.00127626361791044,0.00118084345012903,0.00130193145014346,0.00167272868566215,0.00152337877079844,0.00142463389784098,0.00153207476250827,0.00129586295224726,0.00114439590834081,0.00103448424488306,0.00121444102842361,0.00142888911068439,0.00144711683969945,0.00124553486239165,0.0013870398979634,0.00159989402163774,0.00110093434341252,0.00127850100398064,0.0014090173644945,
1450.0,0.00156905385665596,0.00159133656416088,0.00139175215736032,0.0013314401730895,0.0011292522540316,0.00121414149180055,0.00135491753462702,0.00149085419252515,0.00137671607080847,0.00161092821508646,0.00129829649813473,0.00141474709380418,0.00157353247050196,0.00170127628371119,0.00156105076894164,0.00154265854507685,0.00136770226527005,0.00165543938055634,0.00168926001060754,0.00156221690122038,0.00119403994176537,0.00157052394933999,0.00113734637852758,0.00162361853290349,0.00161171762738377,0.00170203391462564,0.00148894207086414,0.00139612169004977,0.00106864958070219,0.00135568692348897,0.0012536954600364,0.00138866575434804,0.00178417423740029,0.00162044062744826,0.00151898444164544,0.00162956514395773,0.00137943192385137,0.0012196198804304,0.00110203039366752,0.00129287352319807,0.0015177387977019,0.00153340853285044,0.00132340320851654,0.00147068442311138,0.00170044600963593,0.00117251265328377,0.00136226718313992,0.0015018965350464,
1451.0,0.00167266197968274,0.00169876392465085,0.00148524367250502,0.00141695234924555,0.00120076397433877,0.00129295408260077,0.00144132925197482,0.00159315241035074,0.00146468775346875,0.00172160379588604,0.00138238864019513,0.00150188128463924,0.00168156309518963,0.00182047509588301,0.00166443164926022,0.00164574349764735,0.00145964114926755,0.00176230433862656,0.00180086912587285,0.00166484294459224,0.00128006504382938,0.00167163263540715,0.00121251901146024,0.00173032400198281,0.00172152568120509,0.00181423709727824,0.00158666691277176,0.00149176723789424,0.00113748072180897,0.00144464976619929,0.001335424836725,0.00148293469101191,0.00191007740795612,0.00172774645034224,0.00162456219550222,0.0017403089441359,0.00146629789378494,0.00130030827131122,0.00117311952635646,0.00137944077141583,0.00161608948837966,0.00163017131853849,0.00140847661532462,0.0015635424060747,0.00181147432886064,0.00124876922927797,0.00145190232433379,0.0016037366585806,
1452.0,0.00178686191793531,0.00180958595592529,0.00158646237105131,0.00151229731272906,0.00127200270071626,0.00137761200312525,0.00153785769362003,0.00170275988057256,0.00155884027481079,0.00183995102997869,0.00147705117706209,0.00160230230540037,0.00179135252255946,0.00194849469698966,0.00177865254227072,0.00175674201454967,0.00155777053441852,0.00187972967978567,0.00192421453539282,0.00177734368480742,0.00136762112379074,0.00178694108035415,0.00129550776910037,0.00184128014370799,0.00183688441757113,0.00193366245366633,0.00168994627892971,0.00159692415036261,0.00121090037282556,0.00153913360554725,0.00142553856130689,0.00158508878666908,0.00204108469188213,0.00184133928269148,0.00173259421717376,0.00185800204053521,0.00156429514754564,0.00138559367042035,0.00125703657977283,0.00147092249244452,0.00172327074687928,0.00173500913660973,0.00150445650797337,0.0016668988391757,0.00193529308307916,0.00132907379884273,0.00154467904940248,0.00171222595963627,
1453.0,0.00190274487249553,0.00192111160140485,0.00169360695872456,0.00161280389875174,0.00135173182934523,0.00146466365549713,0.00163766229525208,0.00181890581734478,0.00165689026471227,0.00196424941532314,0.00157863833010197,0.00170724384952337,0.00190363405272365,0.00208053691312671,0.00189912295900285,0.00186679186299443,0.00165898050181568,0.00199703872203827,0.00205204822123051,0.00189255946315825,0.00145634647924453,0.00190807343460619,0.00137999490834773,0.00195558625273407,0.00195463141426444,0.00205665780231357,0.00179734418634325,0.00170269014779478,0.00128667487297207,0.00163671677000821,0.00151755474507809,0.00168930366635323,0.00217233225703239,0.00195851665921509,0.00183984369505197,0.0019801938906312,0.00166520732454956,0.00147564371582121,0.00134567625354975,0.00156439037527889,0.00183264794759452,0.00184639194048941,0.00160280417185277,0.00177800911478698,0.00206018448807299,0.00141184136737138,0.00164369505364448,0.00182367733214051,
1454.0,0.00201657880097628,0.00203591049648821,0.00179482134990394,0.0017132805660367,0.00143798778299242,0.00155701069161296,0.00173666828777641,0.0019269835902378,0.001756273326464,0.00208047660999,0.00167898612562567,0.00180795521009713,0.00201845006085932,0.00220770784653723,0.0020144407171756,0.00197836011648178,0.00175887811928988,0.00211325124837458,0.00217035179957747,0.00200715241953731,0.00154242955613881,0.00202632299624383,0.00146446994040161,0.00207511964254081,0.00207254849374294,0.00218040589243174,0.00190599192865193,0.00180434179492295,0.00136200815904886,0.00173508049920201,0.00161104672588408,0.0017873952165246,0.00229887198656797,0.00207555550150573,0.00194601307157427,0.00210141437128186,0.00176061724778265,0.00156759505625814,0.00142476137261838,0.00165612157434225,0.00194327940698713,0.00196035671979189,0.00169939396437258,0.00188730168156326,0.00217903405427933,0.00149726856034249,0.00174207822419703,0.00193001993466169,
1455.0,0.00212051859125495,0.00214478140696883,0.00188868760596961,0.00180428964085877,0.00151086552068591,0.00164275651331991,0.00183012441266328,0.00202331971377134,0.00185442331712693,0.00218303222209215,0.00177190254908055,0.00190340715926141,0.00212082569487393,0.00231763604097068,0.00211994000710547,0.00208461261354387,0.00185115344356745,0.00222132122144103,0.00228241202421486,0.00211155554279685,0.00162101944442838,0.00213954993523657,0.00154269055929035,0.00218611373566091,0.00217804126441479,0.00229570246301591,0.00200850353576243,0.00189729453995824,0.00143260124605149,0.00182431074790657,0.00169648160226643,0.00187938683666289,0.0024142402689904,0.00218228343874216,0.0020417373161763,0.00221066968515515,0.00185340910684317,0.00165393541101366,0.00149787566624582,0.00174138811416924,0.00204398110508919,0.00206751888617873,0.00178978370968252,0.00198703561909497,0.00228556897491217,0.00157618965022266,0.00183478638064116,0.00202587386593223,
1456.0,0.00220057624392211,0.00223049568012357,0.00196070247329772,0.00187484011985362,0.00156901532318443,0.00170790241099894,0.00190045090857893,0.00210076756775379,0.00192726741079241,0.0022653283085674,0.00184093334246427,0.00197555590420961,0.00220069545321167,0.002404251601547,0.00220208778046072,0.00216581206768751,0.00192406040150672,0.0023068564478308,0.0023708832450211,0.00219265534542501,0.0016845129430294,0.00222409865818918,0.00160217715892941,0.00226990506052971,0.00226268568076193,0.00238285074010491,0.0020871302112937,0.00196894165128469,0.00148910318966955,0.00189539010170847,0.0017622570740059,0.00194917968474329,0.0025051289703697,0.00226816232316196,0.00211915210820735,0.00229600421153009,0.0019253141945228,0.00171804672572762,0.00155670917592943,0.00180577964056283,0.00212333723902702,0.00214825104922056,0.00185892451554537,0.00206472142599523,0.00237116613425314,0.00163769372738898,0.00190652720630169,0.00210145255550742,
1457.0,0.00227578193880618,0.00231690751388669,0.00202375953085721,0.00194198556710035,0.00162671215366572,0.00176948960870504,0.00196141353808343,0.00217346544377506,0.00199642986990511,0.00234058266505599,0.00189860619138926,0.00203999178484082,0.00227705016732216,0.00248168292455375,0.00227720197290182,0.00224284362047911,0.00199523381888866,0.00238832947798073,0.00245217396877706,0.00226663984358311,0.00174680957570672,0.00229890435002744,0.00165486324112862,0.00234789261594415,0.00234408699907362,0.00246031442657113,0.00216147326864302,0.00203360500745475,0.00154473900329322,0.00196578213945031,0.00182108907029033,0.0020108635071665,0.00258800806477666,0.00235337228514254,0.00219656643457711,0.00237493403255939,0.0019946089014411,0.00177497637923807,0.00161113985814154,0.00186353432945907,0.00219952035695314,0.00222130655311048,0.0019225844880566,0.0021347887814045,0.00244904845021665,0.0016968121053651,0.00197782134637237,0.00216969940811396,
1458.0,0.00231346674263477,0.00235615368001163,0.00205712369643152,0.0019740117713809,0.00165581237524748,0.00180032779462636,0.00199406989850104,0.00220874953083694,0.00202863337472081,0.00237994687631726,0.00192980142310262,0.00207409309223294,0.00231382693164051,0.00252072419971228,0.00231438409537077,0.00227979221381247,0.00202908832579851,0.00242939847521484,0.00249326857738197,0.00230215373449028,0.00177716254256666,0.00233455863781273,0.00168409862089902,0.00238656322471797,0.00238340185023844,0.00250250939279795,0.00219702417962253,0.00206629815511405,0.00157041009515524,0.00199959008023143,0.00185228534974158,0.00204563979059458,0.00263269222341478,0.00239287689328194,0.00223231455311179,0.0024131340906024,0.00202883523888886,0.00180421699769795,0.00163613434415311,0.00189354119356722,0.00223571807146072,0.00225665490143001,0.00195585051551461,0.00216987659223378,0.00249046878889203,0.00172505236696452,0.00201287632808089,0.00220413575880229,
1459.0,0.00232426077127457,0.00236516422592103,0.00207073357887566,0.00198118924163282,0.001663594157435,0.00180873996578157,0.00200753146782517,0.00222040014341474,0.00203367066569626,0.00239742430858314,0.00194126053247601,0.00208653532899916,0.00232212245464325,0.00253264629282057,0.00232739420607686,0.00228873966261745,0.00204006978310645,0.00244650850072503,0.00251218769699335,0.00231175497174263,0.00178842421155423,0.00234147952869534,0.00169732607901096,0.00239518890157342,0.00239682989194989,0.00251976237632334,0.00220595113933086,0.00207678880542517,0.0015786187723279,0.00200860621407628,0.00186442513950169,0.00206169718876481,0.0026537764351815,0.00240409816615283,0.00224238610826433,0.00242301146499813,0.00204028561711311,0.00181210390292108,0.00164519425015897,0.00190294662024826,0.00224643852561712,0.00226473133079708,0.00196718447841704,0.00218305503949523,0.00251253717578948,0.00173275603447109,0.00202250853180885,0.00221784296445549,
1460.0,0.00231116008944809,0.00235069170594215,0.00205860682763159,0.00196829787455499,0.00165526266209781,0.00179765513166785,0.00199618609622121,0.00220765639096498,0.00201971386559308,0.0023851313162595,0.00192964728921652,0.00207482115365565,0.00230883643962443,0.00251812487840652,0.0023121649865061,0.00227471604011953,0.00202640565112233,0.00243324623443186,0.00249808048829436,0.00229850341565907,0.00177803030237556,0.00232687639072537,0.00168773101177067,0.00238158460706472,0.00238288682885468,0.00250578089617193,0.00219193263910711,0.00206418288871646,0.00156929343938828,0.00199805130250752,0.00185478862840682,0.00205115485005081,0.00263992534019053,0.00238938629627228,0.00222880020737648,0.00240853941068053,0.00202994071878493,0.00180160440504551,0.0016339875292033,0.00189108517952263,0.00223261676728725,0.00225067907012999,0.00195666332729161,0.00216952478513122,0.00249876664020121,0.00172218342777342,0.00201014662161469,0.00220388663001359,
1461.0,0.00226570549421012,0.00229809153825045,0.0020165778696537,0.00192463677376509,0.00162656244356185,0.00175932317506522,0.00195459928363562,0.00216062925755978,0.00197674031369388,0.00233727274462581,0.00189174222759902,0.00203316379338503,0.00226426054723561,0.00246863183565438,0.00225917552597821,0.00222798762843013,0.00197820132598281,0.00238050310872495,0.00244248355738819,0.00225129723548889,0.00173843116499484,0.002278609899804,0.00165347626898438,0.00233675260096788,0.00233124056831002,0.00245705526322126,0.00214360142126679,0.00202111853286624,0.00153398001566529,0.00195961492136121,0.00181718345265836,0.00201355572789907,0.00258748535998166,0.00233524944633245,0.00217970344237983,0.00235854950733483,0.00199158489704132,0.00176581356208771,0.00159147067461163,0.001854183152318,0.00218092720024288,0.00220435811206698,0.00191923510283232,0.00211998331360519,0.00244489521719515,0.00168455729726702,0.00196973630227149,0.00215585390105844,
1462.0,0.00221012951806188,0.00223909597843885,0.00196601334027946,0.00187634106259793,0.00158667471259832,0.00171559513546526,0.00190637446939945,0.00210556830279529,0.00192636041902006,0.00227994518354535,0.00184290204197168,0.00198411010205746,0.00220772228203714,0.00240582716651261,0.00220003677532077,0.00216962490230799,0.00192615913692862,0.00232107588090003,0.00238073035143316,0.00219316477887332,0.00169434049166739,0.00221962481737137,0.00161119224503636,0.00227846810594201,0.00227066152729094,0.00239693257026374,0.002089474350214,0.00197103223763406,0.00149405002593994,0.00191015703603625,0.00177363387774676,0.00196503498591483,0.00252269860357046,0.00227592932060361,0.00212440709583461,0.00229931669309735,0.00194185168948025,0.00172222673427314,0.00154938583727926,0.00180728547275066,0.00212688185274601,0.00214785151183605,0.00187126605305821,0.00206544762477279,0.00238325376994908,0.00164175592362881,0.00191978469956666,0.00210078386589885,
1463.0,0.00212127668783069,0.00215081591159105,0.00188433972653002,0.00180152978282422,0.00151993043255061,0.00164539203979075,0.00183014397043735,0.00202149036340415,0.00184878252912313,0.00218852562829852,0.00176062120590359,0.00190742954146117,0.00211921730078757,0.00230780662968755,0.00210772035643458,0.00207838253118098,0.0018453854136169,0.00222816201858222,0.00228454917669296,0.00210399250499904,0.00162707210984081,0.00213082460686564,0.00153975991997868,0.00218569883145392,0.00217586196959019,0.00229618488810956,0.00200736662372947,0.00189322920050472,0.00143297633621842,0.00183131173253059,0.00170406582765281,0.00188235414680094,0.00241610128432512,0.0021861323621124,0.00204005045816302,0.00220846827141941,0.00186204584315419,0.00165494263637811,0.00148878560867161,0.00173036369960755,0.00204835226759315,0.00205959030427039,0.00179284403566271,0.0019806488417089,0.00228379853069782,0.00157640315592289,0.0018369983881712,0.00201362650841475,
1464.0,0.00204116362147033,0.00206889188848436,0.00181207037530839,0.00173536571674049,0.00146186747588217,0.00158473290503025,0.00176087545696646,0.00194545253179967,0.00177822052501142,0.00210520485416055,0.00169293687213212,0.00183606939390302,0.0020380592904985,0.00221823761239648,0.00202669994905591,0.0019976852927357,0.00177417451050133,0.00214484776370227,0.00219743303023279,0.00202301773242652,0.00156483729369938,0.00204799114726484,0.00148033606819808,0.00210277060978115,0.00209206016734242,0.00221027573570609,0.00193162250798196,0.00182149955071509,0.00137817545328289,0.00176239130087197,0.00164223636966199,0.00181059318128973,0.00232346239499748,0.00210507260635495,0.0019636545330286,0.00212548905983567,0.00178940710611641,0.00159098824951798,0.00143387925345451,0.00166438636370003,0.00197156332433224,0.00198197434656322,0.00172574038151652,0.00190591416321695,0.00219538784585893,0.00151703844312578,0.00176781497430056,0.0019374230178073,
1465.0,0.00193994550500065,0.0019602463580668,0.00172026897780597,0.00165285286493599,0.00138570461422205,0.00151252641808242,0.00167181191500276,0.00184697320219129,0.00168605998624116,0.00199817144311965,0.00160862342454493,0.00174429570324719,0.00193015567492694,0.00209941505454481,0.00192548439372331,0.0018900177674368,0.00168631295673549,0.00204001110978425,0.00208626757375896,0.00191508769057691,0.00148345914203674,0.00193562777712941,0.0014078498352319,0.0019943411462009,0.00198444584384561,0.00210466980934143,0.0018341017421335,0.00172824482433498,0.00130722078029066,0.00167137174867094,0.00156491016969085,0.00172029819805175,0.00220692274160683,0.00200209976173937,0.00186632573604584,0.00201693968847394,0.00169198832008988,0.00150561193004251,0.00136472505982965,0.00158075732178986,0.00187192019075155,0.00188095914199948,0.00164043076802045,0.00181308505125344,0.00208444846794009,0.00144138489849865,0.00168124469928443,0.00184083147905767,
1466.0,0.00186345528345555,0.001882727839984,0.00165122176986188,0.00159100524615496,0.00133009161800146,0.001453394186683,0.00160698976833373,0.00177219952456653,0.00161936401855201,0.00191736198030412,0.00154643843416125,0.00167409656569362,0.00185295008122921,0.00201345002278686,0.00185038952622563,0.00181450392119586,0.00161994050722569,0.00195964542217553,0.00200328323990107,0.00183736858889461,0.00142362981569022,0.00185537850484252,0.00135223183315247,0.00191500794608146,0.00190523825585842,0.00202287337742746,0.00176179141271859,0.00166045175865293,0.00125444238074124,0.00160576158668846,0.00150490272790194,0.00165239244233817,0.00211873115040362,0.00192328344564885,0.0017923436826095,0.00193627888802439,0.00162250106222928,0.00144476664718241,0.00131221313495189,0.00151963136158884,0.00179697258863598,0.00180710363201797,0.00157582177780569,0.00174241850618273,0.00200088787823915,0.0013832711847499,0.00161801255308092,0.00176952395122498,
1467.0,0.0017800685018301,0.00180344376713037,0.00157828337978572,0.00152657856233418,0.00127303646877408,0.00138531904667616,0.00153692171443254,0.00169087003450841,0.00154957210179418,0.00182705547194928,0.00148624775465578,0.00159182702191174,0.00177346891723573,0.00192316866014153,0.00177301466464996,0.00174100592266768,0.00154844555072486,0.00187077571172267,0.00191417068708688,0.00175637460779399,0.00135788158513606,0.00177174794953316,0.00129469053354114,0.00183227204252034,0.00182307360228151,0.00193510914687067,0.00168352527543902,0.00158853596076369,0.00120016385335475,0.00153942941688001,0.0014388085110113,0.00157863111235201,0.00202339608222246,0.00183944264426827,0.00171254470478743,0.00185023189987987,0.00155238737352192,0.00137813342735171,0.00125618628226221,0.00145671516656876,0.0017105865990743,0.00173182669095695,0.00150830601342022,0.0016662513371557,0.00190941314212978,0.00131980190053582,0.00155611662194133,0.0016957635525614,
1468.0,0.00173188000917435,0.00175712630152702,0.00153476523701102,0.00148753740359098,0.00124005519319326,0.00134864659048617,0.0014971902128309,0.00164525699801743,0.00150949298404157,0.0017773121362552,0.00144886178895831,0.00154887675307691,0.00172606995329261,0.00187067233491689,0.00172627158463001,0.00169770384673029,0.00150877854321152,0.00182091060560197,0.0018627408426255,0.00171250617131591,0.00132240180391818,0.00172499648761004,0.00126085826195776,0.0017833043821156,0.00177621783223003,0.00188338092993945,0.00163941981736571,0.0015461235307157,0.00116825080476701,0.0015018975827843,0.00140122312586755,0.00153709994629025,0.00197008717805147,0.0017887984868139,0.00166681129485369,0.00180081650614738,0.00151085492689162,0.00134139007423073,0.00122448860201985,0.00142058206256479,0.00166276248637587,0.00168807338923216,0.0014688924420625,0.0016231854679063,0.00185755360871553,0.00128293491434306,0.00151739967986941,0.0016528635751456,
1469.0,0.00169982563238591,0.00173036148771644,0.00150440586730838,0.00145992310717702,0.00122071907389909,0.00132223987020552,0.00147625291720033,0.00161762710195035,0.00148672016803175,0.00174997851718217,0.00142209103796631,0.00152866903226823,0.00169717753306031,0.00183918059337884,0.0016953902086243,0.00167418550699949,0.00148528476711363,0.00179011328145862,0.00183095445390791,0.00169197004288435,0.0013050806010142,0.00170072936452925,0.00123720604460686,0.00175179284997284,0.0017482751281932,0.00184705085121095,0.00161463895346969,0.00152021704707295,0.00114589254371822,0.00148103456012905,0.0013759033754468,0.00151260918937624,0.00193875457625836,0.00175066140946001,0.00163668557070196,0.00176933605689555,0.00148466404061764,0.00132590439170599,0.00120391440577805,0.00139962614048272,0.00163583422545344,0.00166073394939303,0.00144131924025714,0.00159745989367366,0.00182614859659225,0.00125765439588577,0.00148975208867341,0.00162525614723563,
1470.0,0.00169598043430597,0.00172899744939059,0.00150120910257101,0.00145751691889018,0.00121958705130965,0.00132019212469459,0.00147578888572752,0.00161464826669544,0.00148686813190579,0.00174728909041733,0.00141962664201856,0.00152796902693808,0.00169487029779702,0.00183665624354035,0.00169163441751152,0.00167322822380811,0.00148494669701904,0.00178659404627979,0.00182789610698819,0.00169184908736497,0.0013066369574517,0.00170082878321409,0.00123508519027382,0.00174846011213958,0.00174587720539421,0.0018422391731292,0.0016124575631693,0.00151874881703407,0.00114451488479972,0.00148062722291797,0.00137364317197353,0.0015119108138606,0.00193555967416614,0.00174572772812098,0.0016336637781933,0.0017679410520941,0.00148350815288723,0.00132599950302392,0.00120334990788251,0.0013994014589116,0.00163482362404466,0.0016589667648077,0.00143928616307676,0.00159523519687355,0.00182474276516587,0.00125452724751085,0.00148807454388589,0.00162567733787,
1471.0,0.00172786670736969,0.00176002352964133,0.00152861257083714,0.00148145970888436,0.0012407578760758,0.00135257130023092,0.0015018752310425,0.00164485943969339,0.0015159904723987,0.00178000854793936,0.00144354801159352,0.00156014447566122,0.00172320962883532,0.00187290459871292,0.00171620305627584,0.00170051085297018,0.00151502864900976,0.00182011176366359,0.00186066364403814,0.00172621570527554,0.00133634335361421,0.00173725804779679,0.00125721225049347,0.00177973532117903,0.00177807186264545,0.00187459727749228,0.00164102204144001,0.00154448614921421,0.00116566894575953,0.00150902708992362,0.00139995838981122,0.0015448167687282,0.00197319872677326,0.00177788164000958,0.00166490394622087,0.0018042343435809,0.00151244783774018,0.00134804472327232,0.00122754205949605,0.0014266500947997,0.00166924973018467,0.00169121532235295,0.00146701629273593,0.00162323855329305,0.00186254933942109,0.00127768341917545,0.001512510352768,0.00166066235397011,
1472.0,0.00176677817944437,0.0017986319726333,0.00156435184180737,0.00151520897634327,0.00126983586233109,0.00138614547904581,0.00153641612268984,0.00168378779198974,0.00155217107385397,0.00182183203287423,0.00147635710891336,0.00159795116633177,0.00176311808172613,0.00191699923016131,0.00175641407258809,0.00173975434154272,0.00155278795864433,0.00186179054435343,0.00190419575665146,0.00176656560506672,0.00136925373226404,0.00177917536348104,0.00128671992570162,0.00182108778972179,0.0018194291042164,0.00191679433919489,0.00167743628844619,0.00158144731540233,0.0011961521813646,0.00154430791735649,0.00143152673263103,0.00158087641466409,0.00201783096417785,0.0018183165229857,0.00170394976157695,0.00184732372872531,0.00154811411630362,0.0013805388007313,0.00125777465291321,0.00146023277193308,0.00170884735416621,0.00173012644518167,0.00150338478852063,0.00166104035452008,0.00190835504326969,0.00130831298884004,0.0015476371627301,0.00170002121012658,
1473.0,0.00183690304402262,0.00186712027061731,0.00163183221593499,0.00157873996067792,0.00132278737146407,0.00144173589069396,0.00159752322360873,0.00175091414712369,0.0016163308173418,0.00189352338202298,0.00153657584451139,0.00165828922763467,0.00183889362961054,0.00199491018429399,0.00183452956844121,0.00181014428380877,0.00161997252143919,0.00193408690392971,0.00198529241606593,0.00182875408791006,0.00142432516440749,0.00184769195038825,0.00134227809030563,0.001896588713862,0.00189175084233284,0.00199516653083265,0.0017389248823747,0.00165164389181882,0.00125397962983698,0.00160271499771625,0.00148544716648757,0.00163941562641412,0.00209149695001543,0.00189445167779922,0.00177288486156613,0.00192506960593164,0.00161294068675488,0.00143608776852489,0.00131063244771212,0.00151640025433153,0.00177797139622271,0.00179674325045198,0.00157087505795062,0.00172681070398539,0.00198936345987022,0.00136492936871946,0.00161436514463276,0.00176854594610631,
1474.0,0.00190149736590683,0.00193273392505944,0.00169266830198467,0.00163677788805217,0.00137111835647374,0.00149345910176635,0.00165408581960946,0.00181354093365371,0.00167436304036528,0.00196028710342944,0.00159205985255539,0.00171640107873827,0.00190514209680259,0.00206596334464848,0.00190312939230353,0.00187499506864697,0.00167820369824767,0.00200166460126638,0.00205482146702707,0.001891776220873,0.00147373753134161,0.00191328919027001,0.00139108614530414,0.00196374324150383,0.00195930688641965,0.00206538708880544,0.00180109054781497,0.00171334133483469,0.00130328210070729,0.0016588419675827,0.00153882149606943,0.00169740396086127,0.00216423976235092,0.00196270644664764,0.0018363242270425,0.00199355301447213,0.00167146953754127,0.00148970540612936,0.0013589549344033,0.00157082604710013,0.00184097234159708,0.00185936724301428,0.0016284998273477,0.00178792886435986,0.00206135003827512,0.00141531217377633,0.00167445838451385,0.00183195399586111,
1475.0,0.00197493168525398,0.00200912798754871,0.00176154694054276,0.00170463835820556,0.00142681144643575,0.00155251834075898,0.0017207283526659,0.00188805512152612,0.0017385701648891,0.00203905161470175,0.00165557477157563,0.00178566749673337,0.0019798781722784,0.00214814860373735,0.00198552408255637,0.00195186480414122,0.00174296949990094,0.00208305823616683,0.00213256641291082,0.00196882104501128,0.00152735412120819,0.00198922655545175,0.00144506909418851,0.00204127002507448,0.00203921715728939,0.00214524753391743,0.00187598948832601,0.00178521394263953,0.0013570049777627,0.00172680895775557,0.00160185864660889,0.0017666652565822,0.00225348072126508,0.00203956360928714,0.00190946704242378,0.00206760340370238,0.00173685431946069,0.00155562942381948,0.00141496141441166,0.00163634109776467,0.00191114854533225,0.00193264381960034,0.00169250031467527,0.00186021777335554,0.00214231479912996,0.00147442647721618,0.00174454320222139,0.00190200435463339,
1476.0,0.00204980233684182,0.00208460283465683,0.00183035980444402,0.00177096156403422,0.00148373458068818,0.00160856638103724,0.00178652047179639,0.00196369970217347,0.00180661794729531,0.00211918889544904,0.00172149983700365,0.00185475905891508,0.00205606664530933,0.0022255009971559,0.00206378777511418,0.00202892743982375,0.00180932320654392,0.00216051749885082,0.00221019750460982,0.00204520765691996,0.0015832930803299,0.00206619431264699,0.00150277302600443,0.00211740913800895,0.00211663078516722,0.00222557107917964,0.00195272301789373,0.00185352435801178,0.00141532556153834,0.00179172784555703,0.00166713818907738,0.00183040159754455,0.002337641781196,0.00211633951403201,0.00198406702838838,0.00214547943323851,0.00180330232251436,0.00162195682059973,0.0014699692837894,0.00169793609529734,0.00198358204215765,0.0020040855742991,0.00175743014551699,0.00193404138553888,0.00222259457223117,0.00153168814722449,0.00181222194805741,0.00197247043251991,
1477.0,0.00212121778167784,0.0021617435850203,0.00189719954505563,0.00183394271880388,0.001540124299936,0.00166434061247855,0.00184548029210418,0.0020312808919698,0.00186971353832632,0.00219166371971369,0.00178552232682705,0.00192120240535587,0.00212697265669703,0.00230399635620415,0.00213189888745546,0.00209785345941782,0.00186754518654197,0.00223041698336601,0.00228554336354136,0.0021183411590755,0.0016381845343858,0.00213951757177711,0.00155599357094616,0.00218451302498579,0.00219297199510038,0.00230619288049638,0.00202792417258024,0.00191752961836755,0.00146899127867073,0.00185122736729681,0.00172573490999639,0.00189654331188649,0.00241732597351074,0.00219119200482965,0.00205317279323936,0.00222143833525479,0.00186622247565538,0.00168367917649448,0.00152238458395004,0.00175830570515245,0.0020524940919131,0.00207271426916122,0.00181788147892803,0.00200172374024987,0.00229903147555888,0.00158241216558963,0.00187286373693496,0.00204516225494444,
1478.0,0.00218958640471101,0.00223469873890281,0.00196167640388012,0.00189417123328894,0.00159055576659739,0.00171872740611434,0.0019066856475547,0.0020975002553314,0.00192991725634784,0.00226499582640827,0.00184593698941171,0.00198331475257874,0.00219323066994548,0.00238155294209719,0.00219766655936837,0.00216509634628892,0.00192696892190725,0.00230149645358324,0.00235790619626641,0.0021889575291425,0.00169286946766078,0.00221052230335772,0.00160667242016643,0.00225329981185496,0.00226334482431412,0.0023819322232157,0.0020947428420186,0.00197497056797147,0.00152114522643387,0.00191171327605844,0.00178328750189394,0.0019620640669018,0.00249695521779358,0.00226273923180997,0.00211976864375174,0.00229145190678537,0.00193005974870175,0.00173684011679143,0.00157379277516156,0.00181695248465985,0.00211775675415993,0.00214066193439066,0.00187336152885109,0.0020695524290204,0.00236971233971417,0.00162978121079504,0.00193345011211932,0.00211489363573492,
1479.0,0.00225894106552005,0.00230705668218434,0.00202876119874418,0.00195356295444071,0.00164314161520451,0.00177347310818732,0.00196879939176142,0.00216589635238051,0.00199585594236851,0.00234307907521725,0.00191061594523489,0.00204611592926085,0.00226466869935393,0.00246126693673432,0.00227005244232714,0.0022358363494277,0.00199304916895926,0.00237382831983268,0.0024374749045819,0.00225789053365588,0.0017522923881188,0.00228441855870187,0.00166316609829664,0.00233182380907238,0.00233677681535482,0.00245992885902524,0.00216075335629284,0.00203608581796288,0.00157684669829905,0.00197195261716843,0.00184070586692542,0.00202376837842166,0.00257720449008048,0.00233686971478164,0.0021874604281038,0.00236853468231857,0.00199767574667931,0.0017896726494655,0.00162417243700475,0.00187398202251643,0.00218521105125546,0.00221138796769083,0.00193132099229842,0.00213873153552413,0.00244444794952869,0.0016796407289803,0.00199126149527729,0.00218046456575394,
1480.0,0.00232529081404209,0.00237984955310822,0.0020974138751626,0.00201572850346565,0.00169876916334033,0.00183236948214471,0.00203664414584637,0.00223376927897334,0.00206049135886133,0.00241936836391687,0.00197286973707378,0.00211176229640841,0.00234056287445128,0.00254346360452473,0.00234472821466625,0.00230590859428048,0.00205813418142498,0.00245165475644171,0.00251933978870511,0.00232727010734379,0.0018121674656868,0.00235630618408322,0.00172034732531756,0.0024090064689517,0.0024145906791091,0.00254027033224702,0.0022283976431936,0.00210204557515681,0.00163098657503724,0.00203650211915374,0.00189761770889163,0.00209030020050704,0.00266379583626986,0.00241451361216605,0.00225692335516214,0.00244637951254845,0.0020652930252254,0.00184678460936993,0.00167569937184453,0.00193720101378858,0.00225364207290113,0.00228452193550766,0.00199217791669071,0.00220992602407932,0.00252269138582051,0.0017303031636402,0.00205031991936266,0.00224960828199983,
1481.0,0.00240154797211289,0.002457270398736,0.00217077229171991,0.00208398327231407,0.00175678182858974,0.00189720920752734,0.00211252574808896,0.00231019197963178,0.00213026069104671,0.00249820365570486,0.00203851237893105,0.00218544970266521,0.0024216091260314,0.00262793060392141,0.00242516677826643,0.00238435179926455,0.00213265605270863,0.00253784283995628,0.00260334764607251,0.00240255938842893,0.00187706027645618,0.00243193563073874,0.00177935895044357,0.00249445741064847,0.00249491655267775,0.00261951866559684,0.00229979795403779,0.0021721781231463,0.00168454367667437,0.00211152946576476,0.00196939613670111,0.00216335779987276,0.00275713275186718,0.00249610794708133,0.00233392440713942,0.0025267731398344,0.00213528471067548,0.00190658762585372,0.00173332425765693,0.00200527417473495,0.00233021122403443,0.00236107152886689,0.00205398863181472,0.00228769099339843,0.00260679796338081,0.00178781512659043,0.00212492328137159,0.00232245633378625,
1482.0,0.00249207369051874,0.00254752091132104,0.00225162995047867,0.00216298992745578,0.00182496127672493,0.00196974584832788,0.00219106860458851,0.00239579798653722,0.00221065199002624,0.00258908770047128,0.00211584032513201,0.00226976210251451,0.00251077301800251,0.00272396579384804,0.00251667085103691,0.00247250194661319,0.00221429229713976,0.00263573159463704,0.00269836280494928,0.00248860870487988,0.00194798863958567,0.00252140359953046,0.0018477663397789,0.00259117293171585,0.00258722878061235,0.00271086837165058,0.00238238251768053,0.00225376128219068,0.00174407637678087,0.00219366583041847,0.00204638438299298,0.00224549858830869,0.00285963388159871,0.00258607068099082,0.00242042052559555,0.00262134708464146,0.00221707276068628,0.00197438825853169,0.00179498014040291,0.00208078720606864,0.00242048734799027,0.00244900723919272,0.0021277901250869,0.0023738625459373,0.00270845647901297,0.00185671169310808,0.00220514531247318,0.00240367441438138,
1483.0,0.00259281857870519,0.00264905276708305,0.00234343018382788,0.0022532579023391,0.0019017910817638,0.00205453811213374,0.00227551371790469,0.00249185971915722,0.00229961005970836,0.00269380258396268,0.00219894619658589,0.00236768112517893,0.00261364551261067,0.0028337084222585,0.0026141304988414,0.00256763980723917,0.0023018775973469,0.00274680997245014,0.00280267675407231,0.00258764647878706,0.00202686409465969,0.00262208422645926,0.00192329194396734,0.00269089615903795,0.00269300397485495,0.00282201752997935,0.00247708521783352,0.00234765978530049,0.0018157996237278,0.00228664581663907,0.00212610908783972,0.00233622174710035,0.00297354045324028,0.00268947589211166,0.00252240942791104,0.00272562238387764,0.0023046659771353,0.00205175601877272,0.00187050004024059,0.00216739275492728,0.00252077751792967,0.00254636886529624,0.00221960130147636,0.0024724300019443,0.00281989830546081,0.00193380238488317,0.00229264982044697,0.00249859550967813,
1484.0,0.00270960410125554,0.00276709836907685,0.00244717230089009,0.00235283421352506,0.00198611430823803,0.00214958121068776,0.00237100711092353,0.00260377256199718,0.00239959172904491,0.00280966400168836,0.00229089218191803,0.00247537647373974,0.00272645079530776,0.00295605789870024,0.00272135436534882,0.00267490767873824,0.00240539060905576,0.00286379945464432,0.00291795399971306,0.00269935769028962,0.00211626547388732,0.00273312884382904,0.00200569024309516,0.00280658714473248,0.00281007587909698,0.00294305360876024,0.00258285785093904,0.002452302724123,0.0018937912536785,0.00238769012503326,0.00221665622666478,0.00243522133678198,0.00309585849754512,0.00280275382101536,0.00263248011469841,0.00284160813316703,0.00240107602439821,0.00213679973967373,0.0019585017580539,0.00226243678480387,0.00263311411254108,0.00265126954764128,0.00232067168690264,0.00258059566840529,0.00293791200965643,0.00201997044496238,0.00239448924548924,0.00260340725071728,
1485.0,0.00283724279142916,0.00289747538045049,0.00255862879566848,0.00246153585612774,0.00207864749245346,0.00225264555774629,0.0024785993155092,0.00272323889657855,0.00251144962385297,0.00293871341273189,0.00239512743428349,0.00258636008948088,0.00284443749114871,0.00309010688215494,0.00284498115070164,0.00279313093051314,0.00251560332253575,0.00299638579599559,0.00304691214114428,0.00282393931411207,0.00221353024244308,0.0028563691303134,0.00209925347007811,0.00293942424468696,0.00293662841431797,0.00307894381694496,0.00270159239880741,0.00256186630576849,0.00197860598564148,0.00249456730671227,0.00231135939247906,0.00254410575143993,0.00323135289363563,0.00292856548912823,0.00274920696392655,0.00297116301953793,0.00251364219002426,0.00223287171684206,0.00204728869721293,0.00236777146346867,0.0027565648779273,0.00277403579093516,0.00243149884045124,0.00269575812853873,0.00307198497466743,0.00211166241206229,0.0025031566619873,0.00272367405705154,
1486.0,0.00297340261749923,0.00303436722606421,0.00267998035997152,0.00258049904368818,0.00217664823867381,0.00236282288096845,0.00259793270379305,0.00285177933983505,0.00263512879610062,0.00308077526278794,0.00251102284528315,0.00270562991499901,0.00298319640569389,0.00323746865615249,0.00298125157132745,0.00292256334796548,0.00263589061796665,0.00314054917544127,0.00319263129495084,0.00295992102473974,0.00232379348017275,0.00299330800771713,0.00220220093615353,0.00308386725373566,0.0030773354228586,0.00322998524643481,0.0028338273987174,0.00268330378457904,0.00207924493588507,0.00261483923532069,0.00241835438646376,0.00266067078337073,0.00338559341616929,0.003070357022807,0.00288144964724779,0.00311268935911357,0.0026367106474936,0.00234549981541932,0.00214902916923165,0.00248534954153001,0.00288676843047142,0.00290764612145722,0.00255139148794115,0.00282329670153558,0.00321797444485128,0.00221085571683943,0.0026254216209054,0.00285391160286963,
1487.0,0.00312017439864576,0.00318441144190729,0.00281316274777055,0.00270997197367251,0.00228535011410713,0.00248043751344085,0.00272752158343792,0.00299233081750572,0.002766766352579,0.00323312589898705,0.00263811298646033,0.00283603183925152,0.00313107203692198,0.00339774903841317,0.00312623870559037,0.00306563545018435,0.00276778545230627,0.00329471309669316,0.00334954471327364,0.00310859945602715,0.00244088657200336,0.00314155011437833,0.00231131864711642,0.00323854922316968,0.00323075940832496,0.00338850100524724,0.00297335488721728,0.00281503889709711,0.00218462222255766,0.0027456465177238,0.00253843446262181,0.0027900543063879,0.00354974460788071,0.00322144781239331,0.00302183371968567,0.0032651424407959,0.0027701014187187,0.00246598036028445,0.00225830916315317,0.00260799354873598,0.00302943144924939,0.00304857967421412,0.00267814449034631,0.00296062370762229,0.0033739828504622,0.00231992918998003,0.00275828246958554,0.00299359718337655,
1488.0,0.00328082637861371,0.00334859476424754,0.0029587026219815,0.00285154953598976,0.00240608467720449,0.00260540144518018,0.00287393131293356,0.00314429239369929,0.00291097210720181,0.00339634157717228,0.00278302002698183,0.00297532277181745,0.00329194124788046,0.00357370334677398,0.00328528904356062,0.00322482106275856,0.00291338819079101,0.00346250925213099,0.00352529808878899,0.00327358231879771,0.00257063843309879,0.00330158974975348,0.00243007554672658,0.00341088441200554,0.00339875719510019,0.00355775561183691,0.0031241353135556,0.00295512890443206,0.00229895976372063,0.00288887694478035,0.00267394841648638,0.00293358531780541,0.00372725888155401,0.00338639714755118,0.00317338737659156,0.00343168922699988,0.00291919079609215,0.0026009229477495,0.00237639201804996,0.00273854820989072,0.00318808690644801,0.00320165627636015,0.00281196273863316,0.00310786836780608,0.00354626029729843,0.00243771821260452,0.00290939654223621,0.0031484707724303,
1489.0,0.00344332423992455,0.00351432524621487,0.00310526951216161,0.00299513502977788,0.00252597383223474,0.00273566809482872,0.00301692658104002,0.00330114248208702,0.00305523327551782,0.00356470630504191,0.00292289513163269,0.00312150712125003,0.0034549767151475,0.00374885858036578,0.00344765232875943,0.00338557898066938,0.00305918976664543,0.00363362487405539,0.00369943515397608,0.00343766715377569,0.00269855977967381,0.00346798822283745,0.00255133188329637,0.00357877253554761,0.00356711470521986,0.00373365543782711,0.00327895767986774,0.00310063874348998,0.00241562607698143,0.00303410016931593,0.00281130103394389,0.00307841133326292,0.00391107657924294,0.00355407758615911,0.00332690170034766,0.00360071705654264,0.00306547898799181,0.00273515307344496,0.00249491562135518,0.00287419580854476,0.00334301055409014,0.00335903163067997,0.00295042945072055,0.00326267024502158,0.00371965765953064,0.00256014079786837,0.00305502372793853,0.00330460746772587,
1490.0,0.00362065597437322,0.00369652779772878,0.00326776341535151,0.00315352063626051,0.00265709706582129,0.00287977186962962,0.00317089003510773,0.00347695639356971,0.00321023445576429,0.00375271867960691,0.00307300384156406,0.00328463548794389,0.00363582721911371,0.00394033780321479,0.0036230341065675,0.00356578407809138,0.00321977818384767,0.00382019276730716,0.00388866919092834,0.00361773348413408,0.00283596315421164,0.00365654705092311,0.00268158153630793,0.00375718390569091,0.0037540674675256,0.00392721360549331,0.00344886537641287,0.00326474942266941,0.00254440400749445,0.00319597427733243,0.00296590570360422,0.00323776318691671,0.00411487417295575,0.00373923522420228,0.00349424034357071,0.00378540670499206,0.00322407763451338,0.0028836140409112,0.00262751174159348,0.00302281812764704,0.00350922113284469,0.00352884130552411,0.00310246017761528,0.00343624083325267,0.00390600133687258,0.00269796256907284,0.00321121490560472,0.00347157102078199,
1491.0,0.00378546654246747,0.00386692071333528,0.00342051335610449,0.00330250803381205,0.00278171384707093,0.00301486626267433,0.00331859244033694,0.00363955646753311,0.00336060463450849,0.00392742548137903,0.00321671948768198,0.00343840033747256,0.0038057395722717,0.00412306422367692,0.00379196647554636,0.00372924841940403,0.0033701891079545,0.00399661902338266,0.00406682025641203,0.00378640228882432,0.00296790269203484,0.00382718397304416,0.00280882441438735,0.00393008207902312,0.00392822036519647,0.0041096624918282,0.00360854179598391,0.00341725698672235,0.00266498164273798,0.00334613677114248,0.00310778291895986,0.00338887562975287,0.00430734781548381,0.00391071708872914,0.00365587999112904,0.00396121991798282,0.00337346037849784,0.00302031193859875,0.0027499315328896,0.00316337286494672,0.00366877764463425,0.00369183463044465,0.00324645498767495,0.00359648605808616,0.00408483948558569,0.0028246552683413,0.003359105437994,0.00363443722017109,
1492.0,0.00395411718636751,0.00404100771993399,0.00357634713873267,0.00345767987892032,0.00290935533121228,0.00315649807453156,0.00347179919481277,0.00380798662081361,0.0035176903475076,0.0041062836535275,0.00336343445815146,0.00360001064836979,0.00398060772567987,0.00431139627471566,0.00397143885493279,0.00389573280699551,0.00352456071414053,0.00418119411915541,0.00425245007500052,0.00395914493128657,0.00310397823341191,0.00400208029896021,0.00294516561552882,0.00410858634859324,0.00410510320216417,0.00430194474756718,0.00377484993077815,0.00357371801510453,0.00278913485817611,0.00349947437644005,0.00325405667535961,0.00354607496410608,0.00451247813180089,0.00408876314759254,0.00382396229542792,0.00414453074336052,0.00352686061523855,0.00316016469150782,0.00287195108830929,0.00331017700955272,0.00383193790912628,0.00386601965874434,0.00339568918570876,0.00376355811022222,0.00427341042086482,0.00295554217882454,0.00350938783958554,0.00380785530433059,
1493.0,0.00411180593073368,0.00420179637148976,0.00371901271864772,0.00359670142643154,0.00302669685333967,0.00328259821981192,0.00360958324745297,0.00395827880129218,0.00365963997319341,0.00427080923691392,0.00349875795654953,0.00374450325034559,0.00414093444123864,0.00448215939104557,0.00413246639072895,0.00404796563088894,0.00366600067354739,0.00434617046266794,0.00441881641745567,0.00411443319171667,0.00322976335883141,0.0041612065397203,0.00306688039563596,0.00427164975553751,0.00426708161830902,0.00447273068130016,0.00392578262835741,0.00371729955077171,0.00290409964509308,0.00364007125608623,0.00338595127686858,0.00368779525160789,0.00469111278653145,0.00424704281613231,0.00397683400660753,0.00431115739047527,0.00366634991951287,0.00328700733371079,0.00298623857088387,0.00344419502653182,0.0039815166965127,0.00401994539424777,0.00353197637014091,0.00391396321356297,0.00444120448082685,0.00307356845587492,0.00364987575449049,0.00396142760291696,
1494.0,0.00426783133298159,0.00436162063851953,0.00386261520907283,0.00373247591778636,0.00314594828523695,0.0034038363955915,0.0037463242188096,0.00410267058759928,0.003803925588727,0.00443505169823766,0.00363539508543909,0.00388782052323222,0.00430295523256063,0.00465463846921921,0.00429290952160954,0.00419361749663949,0.00380770722404122,0.0045078108087182,0.00457962695509195,0.00426749512553215,0.00335720856674016,0.00431500840932131,0.0031881642062217,0.00443738279864192,0.00442779203876853,0.00464043067768216,0.00407447805628181,0.00386033509857953,0.00301975593902171,0.00377946579828858,0.00351420463994145,0.00382929062470794,0.00486372038722038,0.00439801951870322,0.00413455162197351,0.00447856122627854,0.00380253000184894,0.00340917473658919,0.00309995305724442,0.00357679114677012,0.00413178047165275,0.00417115865275264,0.00366924493573606,0.00406032521277666,0.00460586044937372,0.00318991742096841,0.00379075412638485,0.00411500036716461,
1495.0,0.00440534809604287,0.00450240494683385,0.00398730952292681,0.00385422492399812,0.00324711436405778,0.00351423234678805,0.00386579008772969,0.00423325737938285,0.00392752420157194,0.00457720551639795,0.00375574827194214,0.00401386106386781,0.00444188015535474,0.0048029450699687,0.00443258183076978,0.00432555377483368,0.00393011467531323,0.00465088011696935,0.00472486112266779,0.00440265377983451,0.00346687086857855,0.00445128139108419,0.00329488283023238,0.004577970597893,0.00457113655284047,0.00478494400158525,0.00420466857030988,0.00398744223639369,0.0031201308593154,0.00390217779204249,0.00362835056148469,0.00395201193168759,0.00501570710912347,0.00453585758805275,0.00426633795723319,0.00462227175012231,0.003924994263798,0.0035187213215977,0.00320232077501714,0.00369475199840963,0.00426335632801056,0.00430268608033657,0.00378766120411456,0.00419119885191321,0.0047503006644547,0.00329072494059801,0.00391437951475382,0.00424751546233892,
1496.0,0.00453805830329657,0.00463644415140152,0.00409963633865118,0.00396374613046646,0.00333512085489929,0.00361600355245173,0.00397163862362504,0.00435262359678745,0.00403671246021986,0.00470719952136278,0.00386616587638855,0.00412700185552239,0.0045666079968214,0.00493260426446795,0.00456152902916074,0.00445174891501665,0.00404149573296309,0.00478115910664201,0.00485814223065972,0.00452439999207854,0.00356687698513269,0.00457794638350606,0.00339361815713346,0.00470249308273196,0.00470246700569987,0.00491071306169033,0.00432507088407874,0.00410704920068383,0.0032131455373019,0.00401469739153981,0.00373333436436951,0.00406122859567404,0.00514784129336476,0.00466275215148926,0.00438198074698448,0.00475284270942211,0.00403840932995081,0.00362014351412654,0.00329942838288844,0.00380612351000309,0.00438493210822344,0.00442122295498848,0.00389434141106904,0.00431004306301475,0.00488068163394928,0.00338083668611944,0.00402983790263534,0.0043642302043736,
1497.0,0.00464789057150483,0.00474698981270194,0.00419986108317971,0.00406331336125731,0.00341708795167506,0.00370600074529648,0.00406785774976015,0.00445915246382356,0.00413479376584291,0.00481996638700366,0.00396193703636527,0.00422708038240671,0.00467563001438975,0.00505029084160924,0.00466979807242751,0.00455642538145185,0.00413814140483737,0.00489374902099371,0.00497416127473116,0.00463065691292286,0.00365403038449585,0.00468594953417778,0.00347598409280181,0.00481295865029097,0.00481785088777542,0.00502601126208901,0.00442780693992972,0.00420708488672972,0.00329274870455265,0.00411321362480521,0.0038246049080044,0.00415992690250278,0.00526785664260387,0.00477247685194016,0.00448290724307299,0.00486469781026244,0.00413691019639373,0.00370833091437817,0.00338333682157099,0.00390149117447436,0.00448789214715362,0.0045239357277751,0.00398823246359825,0.0044176047667861,0.00499608181416988,0.00346071226522326,0.00412940047681332,0.00446907570585608,
1498.0,0.00473324954509735,0.0048349485732615,0.00428411271423101,0.00415289215743542,0.00348623679019511,0.00378508679568768,0.00415156595408916,0.00455381721258163,0.0042175599373877,0.00491216499358416,0.00404316186904907,0.0043128258548677,0.00476621696725488,0.00515314470976591,0.00475596217438579,0.00464149424806237,0.0042155422270298,0.00498836860060692,0.00507687265053391,0.00471928343176842,0.0037250064779073,0.00477324472740293,0.0035413303412497,0.00490395026281476,0.00491903349757195,0.00512367067858577,0.00451001198962331,0.00428903941065073,0.00335593870840967,0.00419545825570822,0.00390067044645548,0.00424426002427936,0.00537276873365045,0.00486729899421334,0.00456256838515401,0.00495378626510501,0.00422090012580156,0.00378209468908608,0.00345586240291595,0.00398112507537007,0.00457223365083337,0.0046045184135437,0.00406619068235159,0.00451359199360013,0.00509238103404641,0.00352506944909692,0.0042136455886066,0.00455696973949671,
1499.0,0.00481500662863255,0.00491598295047879,0.00436270097270608,0.0042315199971199,0.00355254416354001,0.00385613855905831,0.00422746548429132,0.00463637337088585,0.00429302733391523,0.00499865878373384,0.00411820877343416,0.00438981130719185,0.00484789069741964,0.00524518871679902,0.00483570713549852,0.00472043221816421,0.00428921403363347,0.00507395109161735,0.00516513083130121,0.00480159884318709,0.00379335158504546,0.00485443836078048,0.00360483513213694,0.00498777395114303,0.00500843301415443,0.00521341012790799,0.00458869384601712,0.00436500320211053,0.00341721251606941,0.00427287770435214,0.00397121487185359,0.00432150112465024,0.00546660786494613,0.0049517429433763,0.00463847722858191,0.00503864698112011,0.00429951585829258,0.00385130383074284,0.00352220702916384,0.00405308697372675,0.00465149153023958,0.00468459585681558,0.00413835095241666,0.00459612533450127,0.00518287811428308,0.0035870005376637,0.0042888168245554,0.00463880132883787,
1500.0,0.00487742573022842,0.00497125880792737,0.00442657247185707,0.00429324060678482,0.00361352460458875,0.00391006143763661,0.00428750785067678,0.0046973368152976,0.00435110973194242,0.00506746582686901,0.00417664600536227,0.00444741873070598,0.00490691140294075,0.00531680276617408,0.00488825049251318,0.00477433064952493,0.00434587290510535,0.00513493921607733,0.00522738927975297,0.0048637455329299,0.00384894805029035,0.00491537386551499,0.00365075399167836,0.0050508426502347,0.0050742644816637,0.00528874062001705,0.00464880373328924,0.00441956333816051,0.00346534163691103,0.004335583653301,0.00402469513937831,0.0043831467628479,0.0055397991091013,0.00501180673018098,0.00469423737376928,0.0051024560816586,0.00436026742681861,0.00390484114177525,0.00357211218215525,0.00410628691315651,0.00471020303666592,0.00474940193817019,0.0041933199390769,0.00466073071584105,0.00525468122214079,0.00363689102232456,0.00434237346053123,0.00470511009916663,
1501.0,0.00494265044108033,0.00503460085019469,0.00448981719091535,0.00435559218749404,0.0036678786855191,0.00396785978227854,0.00435023056343198,0.00476347282528877,0.00441245548427105,0.00513530569151044,0.00423600059002638,0.00450976518914104,0.00497357035055757,0.00538916373625398,0.00495418580248952,0.00483908131718636,0.00440669525414705,0.00520390179008245,0.0052951518446207,0.00493058189749718,0.00390420062467456,0.00498053664341569,0.00370255694724619,0.00512120733037591,0.00514491507783532,0.00536080403253436,0.00471363170072436,0.00447858078405261,0.00351690081879497,0.00439708679914474,0.00408267555758357,0.0044452054426074,0.00561383226886392,0.00507984030991793,0.00475816894322634,0.00517074903473258,0.00442385394126177,0.00396238313987851,0.00362487556412816,0.00416366942226887,0.00477225054055452,0.00481566460803151,0.00425311410799623,0.00472610397264361,0.00532819610089064,0.00368905276991427,0.00440324377268553,0.00477037718519568,
1502.0,0.00499229738488793,0.00508312974125147,0.0045363218523562,0.00440010102465749,0.00370556302368641,0.00401406735181808,0.00439812615513802,0.00481611210852861,0.00445980858057737,0.00518278637900949,0.00428122142329812,0.0045558949932456,0.00502395024523139,0.00544008892029524,0.00501393340528011,0.00489556789398193,0.00445582671090961,0.00525824492797256,0.00534250354394317,0.00498568126931787,0.00394862284883857,0.00502976775169373,0.00374866859056056,0.00517741404473782,0.0052005723118782,0.00540957227349281,0.00476700998842716,0.00452558556571603,0.00355925224721432,0.00444337818771601,0.00413000956177711,0.00449231313541532,0.00566593185067177,0.00513557810336351,0.00481399428099394,0.0052251135930419,0.00447659753262997,0.00401145685464144,0.00366892479360104,0.00420746253803372,0.00482087768614292,0.00486899772658944,0.00430117826908827,0.00476925540715456,0.00538665102794766,0.00373310758732259,0.0044502574019134,0.00481725111603737,
1503.0,0.00505842361599207,0.00515006575733423,0.00459993584081531,0.00446179322898388,0.00375685142353177,0.0040722917765379,0.00446111848577857,0.00487937219440937,0.00452177319675684,0.00525022903457284,0.00434088567271829,0.00462016928941011,0.00509254820644856,0.00551060540601611,0.00508262775838375,0.00496285455301404,0.0045184763148427,0.00532919028773904,0.00541099440306425,0.0050536347553134,0.00400224234908819,0.0050965677946806,0.00380350416526198,0.00524911610409617,0.00526892486959696,0.00547921610996127,0.00483273528516293,0.00458657601848245,0.00361289409920573,0.00450435420498252,0.00418834993615747,0.00455247890204191,0.00573891261592507,0.00520480144768953,0.00487938709557056,0.0052948291413486,0.00454002106562257,0.00406902329996228,0.00372085417620838,0.00426488416269422,0.0048846579156816,0.00493816519156098,0.00436122436076403,0.00483160372823477,0.0054593225941062,0.00378454127348959,0.00451268302276731,0.0048823393881321,
1504.0,0.00512572238221765,0.00522053055465221,0.00466162990778685,0.00452646799385548,0.00380148179829121,0.00413091760128737,0.00452679302543402,0.00493957847356796,0.00458316458389163,0.00531504256650805,0.00439757900312543,0.00468868017196655,0.00516689196228981,0.00558211049064994,0.00515407416969538,0.00503507629036903,0.00458208192139864,0.00540440250188112,0.00548127247020602,0.00511962454766035,0.00404951116070151,0.00516358716413379,0.00385632459074259,0.00532549805939198,0.00533215189352632,0.00554713187739253,0.00489941146224737,0.00464350869879127,0.00366725423373282,0.00456176092848182,0.00424474291503429,0.00461065582931042,0.00581064727157354,0.00527454260736704,0.00494471238926053,0.00536315841600299,0.00460191303864121,0.00412279926240444,0.00376839400269091,0.00432164687663317,0.00494630681350827,0.00500771962106228,0.00442176172509789,0.00489775743335485,0.00552856642752886,0.00383267411962152,0.00457945838570595,0.00494460389018059,
1505.0,0.00520291645079851,0.00530312908813357,0.0047380649484694,0.0045977202244103,0.00386189995333552,0.00419934466481209,0.00459962664172053,0.0050150016322732,0.00465859053656459,0.00539714191108942,0.00446791527792811,0.00476638367399573,0.00524980016052723,0.00566605757921934,0.00523532368242741,0.00511302845552564,0.00465615512803197,0.00548941642045975,0.00556572014465928,0.00519831711426377,0.00411191256716847,0.00524498289451003,0.00392052065581083,0.00541004817932844,0.00541491247713566,0.00562994973734021,0.00497490679845214,0.0047174277715385,0.0037294824142009,0.00463324598968029,0.00431508058682084,0.00468121003359556,0.00589990057051182,0.00535619352012873,0.00502098351716995,0.0054471711628139,0.00467415945604444,0.00418944703415036,0.0038296093698591,0.00439095357432961,0.00502120284363627,0.00508690997958183,0.00449357181787491,0.00497257523238659,0.00561342714354396,0.00389258796349168,0.00465554045513272,0.00502362195402384,
1506.0,0.00529415812343359,0.00540517643094063,0.00483551109209657,0.00467742374166846,0.0039414819329977,0.00427843630313873,0.00468371715396643,0.00510034151375294,0.00475142756476998,0.00550232967361808,0.00455406447872519,0.00486181396991014,0.00534838205203414,0.0057659400627017,0.00532504543662071,0.00519789103418589,0.00474380049854517,0.00558918761089444,0.00567264994606376,0.00529011758044362,0.00418736739084125,0.00534543907269835,0.00399861671030521,0.00550540257245302,0.00551552418619394,0.00573188997805119,0.00506034819409251,0.00481319287791848,0.00380402756854892,0.00471999682486057,0.0044003645889461,0.00476481253281236,0.00601157592609525,0.00545263662934303,0.00510732643306255,0.00554834213107824,0.0047558257356286,0.00426724134013057,0.00390218384563923,0.00447643641382456,0.00511411018669605,0.00518350256606936,0.00457849400117993,0.00505646504461765,0.00571466097608209,0.00396377593278885,0.00474392855539918,0.00512412562966347,
1507.0,0.00538706453517079,0.00550384493544698,0.00492695020511746,0.00476256804540753,0.00401605432853103,0.00435911444947124,0.00476845167577267,0.00519146956503391,0.00483939051628113,0.00560321705415845,0.00463949237018824,0.00495236972346902,0.00544460257515311,0.00586777972057462,0.00541639607399702,0.00528704980388284,0.00483164750039577,0.00568784587085247,0.00577231682837009,0.00538443075492978,0.00426399800926447,0.00544402934610844,0.00407352717593312,0.00560347735881805,0.00561457686126232,0.00583371287211776,0.00514960568398237,0.0049019567668438,0.00387638062238693,0.0048076706007123,0.0044834385626018,0.00484872655943036,0.00611982448026538,0.00554722500964999,0.00519585702568293,0.00564924953505397,0.00484172813594341,0.00434697745367885,0.00397480139508843,0.00455919094383717,0.00520498072728515,0.00527684204280376,0.00466139893978834,0.00514717912301421,0.00581624126061797,0.00403336808085442,0.00483332201838493,0.00522104324772954,
1508.0,0.00549111887812614,0.00561357662081718,0.00502900686115026,0.00486010685563087,0.0041002775542438,0.00445312354713678,0.00486452924087644,0.00530604599043727,0.00493832631036639,0.00571734039112926,0.0047394479624927,0.00505088968202472,0.00555153656750917,0.00598555197939277,0.00552209187299013,0.00538578629493713,0.00493101915344596,0.00579825136810541,0.00588277587667108,0.00549593195319176,0.00435575563460588,0.00555778294801712,0.00415812013670802,0.00571716437116265,0.00573304295539856,0.0059521091170609,0.00525291590020061,0.00500279013067484,0.00395519705489278,0.00491120340302587,0.00458055734634399,0.00494380295276642,0.00624484429135919,0.00565250869840384,0.00529893208295107,0.00576865766197443,0.00494245020672679,0.00444384943693876,0.00406118435785174,0.00465227570384741,0.00530855311080813,0.00537735549733043,0.00475513003766537,0.00525370892137289,0.00593431107699871,0.00411387672647834,0.00493861548602581,0.00533476425334811,
1509.0,0.00558741064742208,0.00571338459849358,0.00512029556557536,0.00494927493855357,0.00417721411213279,0.00453628972172737,0.00495088146999478,0.00540333380922675,0.00502959359437227,0.00582109205424786,0.00482711475342512,0.00514109758660197,0.00564939808100462,0.00609045708552003,0.00561882555484772,0.00547876954078674,0.00502149388194084,0.00589873408898711,0.00598411075770855,0.00559401465579867,0.00443694507703185,0.00565919280052185,0.00423438707366586,0.00581760797649622,0.00583796761929989,0.00605821842327714,0.00534504512324929,0.00509284948930144,0.00402961950749159,0.00500152632594109,0.00466621154919267,0.00503295473754406,0.00635575922206044,0.00575136533007026,0.00539312092587352,0.00587285542860627,0.00503098126500845,0.00452760234475136,0.00413828575983644,0.00473885983228683,0.00540142180398107,0.00547077925875783,0.00484225619584322,0.00535007053986192,0.00604022666811943,0.00418714853003621,0.00502955634146929,0.00543209537863731,
1510.0,0.00569194834679365,0.00581612950190902,0.00521051930263639,0.00504832388833165,0.00425246497616172,0.00462365383282304,0.0050398288294673,0.00550240790471435,0.00512176565825939,0.00593015318736434,0.00491800159215927,0.00523180374875665,0.00574882421642542,0.0062021161429584,0.00572043377906084,0.00558273028582335,0.00511580007150769,0.0060022403486073,0.00608445703983307,0.00569510320201516,0.0045209820382297,0.00576235540211201,0.00430833222344518,0.00592221179977059,0.00594290671870112,0.00616851029917598,0.00544074038043618,0.00518129020929337,0.00410856399685144,0.0050945645198226,0.00474949786439538,0.00512884184718132,0.00646807113662362,0.00585487438365817,0.00549334520474076,0.00598013587296009,0.00512430351227522,0.00461053289473057,0.00421567913144827,0.00482867052778602,0.00549390912055969,0.00556785520166159,0.00493060471490026,0.00545854680240154,0.00615117559209466,0.00426053768023849,0.00512019824236631,0.00552773149684072,
1511.0,0.00578146940097213,0.00590566545724869,0.00529117183759809,0.00513402605429292,0.00432182615622878,0.00469820760190487,0.00511904200538993,0.00558854825794697,0.00520312692970037,0.00602225586771965,0.00499567249789834,0.00531238550320268,0.00583714060485363,0.00629684375599027,0.005807941313833,0.00566964410245419,0.00519866961985826,0.00609432579949498,0.00617569917812943,0.00578386848792434,0.00459421658888459,0.00585239985957742,0.00437749782577157,0.00601231073960662,0.00603491673246026,0.00626427168026567,0.00552616640925407,0.00525855226442218,0.00417629163712263,0.00517609436064959,0.00482534663751721,0.00521126016974449,0.0065660048276186,0.00594469858333468,0.00557840289548039,0.00607136078178883,0.00520593347027898,0.0046850424259901,0.00428589526563883,0.00490572210401297,0.00557932769879699,0.00565332872793078,0.00501022627577186,0.00554882781580091,0.00624557072296739,0.0043257181532681,0.00520067662000656,0.00561167765408754,
1512.0,0.00586269795894623,0.00598805537447333,0.00536301964893937,0.00521138356998563,0.00438723154366016,0.00476295221596956,0.00519158784300089,0.00566237000748515,0.00527934543788433,0.00610244693234563,0.00505945645272732,0.00538533413782716,0.0059185135178268,0.00637917872518301,0.00588893704116344,0.0057467115111649,0.00527215702459216,0.0061805029399693,0.00626321556046605,0.00586290471255779,0.00465872511267662,0.00593281909823418,0.00444427551701665,0.00608879094943404,0.00611878745257854,0.00635334057733417,0.00560284545645118,0.00532678328454494,0.00423805043101311,0.00524698570370674,0.00489674508571625,0.00528748286888003,0.00665491772815585,0.00602844497188926,0.00565466610714793,0.00615005195140839,0.00527852075174451,0.00475199799984694,0.00435205828398466,0.00497664557769895,0.0056612747721374,0.00573247065767646,0.00508713023737073,0.00562802655622363,0.00632976088672876,0.00438564689829946,0.00527028413489461,0.0056809070520103,
1513.0,0.00593344680964947,0.00605940446257591,0.00543023273348808,0.00527750747278333,0.0044481186196208,0.00481863180175424,0.00525219598785043,0.00572742242366076,0.00534736458212137,0.00617572711780667,0.00511926552280784,0.00545206572860479,0.00599121674895287,0.00644986471161246,0.00595779297873378,0.00581763172522187,0.00534267863258719,0.00625363131985068,0.0063383593223989,0.00593161256983876,0.00471882615238428,0.00600394234061241,0.00450260424986482,0.00615950394421816,0.00619137939065695,0.00642420537769794,0.00567244086414576,0.00538882846012712,0.00429384643211961,0.00531047908589244,0.00495890900492668,0.00535573717206717,0.00672923820093274,0.00610513379797339,0.00572286080569029,0.00621664058417082,0.00534103205427527,0.00481070065870881,0.00440983893349767,0.00503976689651608,0.00572994025424123,0.00580214522778988,0.00515599548816681,0.00569453230127692,0.0064026452600956,0.00444049667567015,0.00533258821815252,0.00574615178629756,
1514.0,0.00599437858909369,0.0061176004819572,0.00549130653962493,0.00533760385587811,0.00450427317991853,0.0048691788688302,0.00530837988480926,0.00578943639993668,0.0054046199657023,0.00623654155060649,0.00518011022359133,0.0055120000615716,0.00605280511081219,0.00651311175897717,0.00601663999259472,0.00587918935343623,0.00540380552411079,0.00631958805024624,0.00640354910865426,0.00599191896617413,0.00476940209046006,0.00606954051181674,0.00455602211877704,0.0062254760414362,0.00625745020806789,0.00648147659376264,0.00573534052819014,0.00544824497774243,0.00434153201058507,0.00536493072286248,0.0050097587518394,0.00541280116885901,0.00679272320121527,0.0061622615903616,0.0057784435339272,0.0062764142639935,0.00539484526962042,0.00486463727429509,0.00446083955466747,0.00509261572733521,0.00579119101166725,0.00586011447012424,0.00520816491916776,0.0057529304176569,0.00646093860268593,0.00449205469340086,0.00539210997521877,0.00581040233373642,
1515.0,0.00605079019442201,0.00617059133946896,0.00554647482931614,0.00539130251854658,0.00455737020820379,0.00491667306050658,0.0053637158125639,0.00584524823352695,0.00545731978490949,0.0062878024764359,0.00523498747497797,0.00556741328909993,0.00611377693712711,0.00657161371782422,0.00607076287269592,0.00593180907890201,0.00545613514259458,0.0063781077042222,0.00646163523197174,0.00604999857023358,0.00481506530195475,0.00612604850903153,0.00460567371919751,0.00628281151875854,0.00631877547129989,0.00653820810839534,0.00579295586794615,0.00549959018826485,0.00438625132665038,0.00541776139289141,0.00505801849067211,0.00546344602480531,0.00685586268082261,0.00621679471805692,0.00582696171477437,0.00633326917886734,0.00544877164065838,0.0049142437055707,0.0045094178058207,0.0051422487013042,0.00585025129839778,0.00591535307466984,0.00525729171931744,0.00580682279542089,0.00651587266474962,0.0045364573597908,0.00545009272173047,0.00586364371702075,
1516.0,0.00610606791451573,0.00622229836881161,0.00560169713571668,0.00544441305100918,0.0046014548279345,0.00496450206264853,0.00541830807924271,0.00589682348072529,0.00550931412726641,0.00634477473795414,0.00529581774026155,0.00561909796670079,0.00617238413542509,0.00662661669775844,0.00612304452806711,0.00598309282213449,0.00550912879407406,0.00643098680302501,0.00651730224490166,0.00610721949487925,0.0048571927472949,0.00617654109373689,0.00464580673724413,0.00634004268795252,0.00637833308428526,0.0065940273925662,0.00584333064034581,0.00554891675710678,0.00443266658112407,0.00547275831922889,0.00510591780766845,0.00551001541316509,0.00691825803369284,0.00627592485398054,0.0058828629553318,0.00639105448499322,0.00549887958914042,0.00496206479147077,0.00455416273325682,0.00519127724692225,0.00589999556541443,0.00596725661307573,0.00530559942126274,0.00586256571114063,0.00657440442591906,0.00458097970113158,0.00550632691010833,0.00592187885195017,
1517.0,0.0061616781167686,0.0062780287116766,0.0056552798487246,0.00549765722826123,0.00464665051549673,0.00501757860183716,0.00547250406816602,0.00595211889594793,0.00556280091404915,0.00640416285023093,0.00535207102075219,0.00567334936931729,0.00622587092220783,0.00668642902746797,0.0061778612434864,0.0060384557582438,0.00556072406470776,0.00648594554513693,0.00657221069559455,0.0061614396981895,0.00490083592012525,0.00623089168220758,0.00468776235356927,0.00640057260170579,0.00643902132287622,0.00665242783725262,0.0058936532586813,0.00560401100665331,0.00447833631187677,0.00552550191059709,0.00515293516218662,0.00555912032723427,0.00697814719751477,0.00632999744266272,0.0059372978284955,0.00645164586603642,0.00554730882868171,0.0050110500305891,0.00459583476185799,0.00524258427321911,0.00595241831615567,0.00601788423955441,0.00535196578130126,0.00591952493414283,0.00663270242512226,0.00462615583091974,0.00556209543719888,0.0059797428548336,
1518.0,0.00621842686086893,0.00634118681773543,0.00570637220516801,0.00555603811517358,0.00469212653115392,0.00507453782483935,0.00552867585793138,0.00600903108716011,0.00562190543860197,0.00646785600110888,0.00540264695882797,0.00572797935456038,0.00628038542345166,0.00675655342638493,0.00623878417536616,0.00608991738408804,0.00561333587393165,0.00654444145038724,0.00663118530064821,0.00621753884479404,0.00495384773239493,0.00628472957760096,0.0047329580411315,0.0064619230106473,0.00649778777733445,0.0067180055193603,0.00594961084425449,0.00565540604293346,0.00452235294505954,0.00558271678164601,0.00520201306790113,0.00561321340501308,0.00703882798552513,0.00639087753370404,0.00598985701799393,0.00651554670184851,0.00560489809140563,0.00506255123764277,0.00464126467704773,0.00529504800215364,0.00601085647940636,0.00607508886605501,0.00540759414434433,0.00597437238320708,0.00669935857877135,0.00466705113649368,0.00561844045296311,0.00603261077776551,
1519.0,0.00627785036340356,0.00640437984839082,0.00576146924868226,0.00562006421387196,0.00473693944513798,0.00513109797611833,0.00558581436052918,0.00606437027454376,0.00568266538903117,0.00653533171862364,0.00545816728845239,0.00578192016109824,0.006338553968817,0.00682472204789519,0.00629818672314286,0.00614404631778598,0.00567090092226863,0.00660571735352278,0.00669316714629531,0.00627310341224074,0.00500697223469615,0.00634327298030257,0.00477821519598365,0.00652614561840892,0.0065592578612268,0.00678603863343596,0.00600944366306067,0.00570827163755894,0.00457144482061267,0.00564305391162634,0.0052583203651011,0.00566784664988518,0.00710332905873656,0.0064540347084403,0.00604869285598397,0.00658163009211421,0.00566231878474355,0.00511839613318443,0.00468818144872785,0.00535053899511695,0.00606644712388515,0.00613538129255176,0.00546587212011218,0.00603378238156438,0.00677158683538437,0.00470953248441219,0.00567406788468361,0.00609325990080833,
1520.0,0.00633931485936046,0.00646633002907038,0.0058230827562511,0.00568238738924265,0.00479200575500727,0.00519176945090294,0.00564222317188978,0.00612606201320887,0.00574183277785778,0.0066029061563313,0.00551164289936423,0.00584216276183724,0.00640264386311173,0.00689426064491272,0.00636117625981569,0.00620628288015723,0.00572927156463265,0.00667086243629456,0.00675565982237458,0.00633050221949816,0.00506325205788016,0.0064101330935955,0.00483138486742973,0.00659221969544888,0.00662298826500773,0.00684950966387987,0.00607011280953884,0.00577165000140667,0.00462481286376715,0.0057027218863368,0.0053140614181757,0.00572722731158137,0.00717086158692837,0.00651036808267236,0.00610846513882279,0.00664922408759594,0.00572084356099367,0.00517480866983533,0.00473860511556268,0.00541117368265986,0.00612866180017591,0.00619445089250803,0.00551901245489717,0.00609627598896623,0.00684158410876989,0.0047554038465023,0.00573161011561751,0.0061548575758934,
1521.0,0.0063987011089921,0.00652857823297381,0.00588351208716631,0.00574072962626815,0.00484651047736406,0.00525209959596395,0.005696892272681,0.00618615187704563,0.00580063415691257,0.00666526472195983,0.00556784402579069,0.00589946610853076,0.00646609952673316,0.00696402229368687,0.00642612064257264,0.00626426609233022,0.00578757375478745,0.00673693977296352,0.00681935343891382,0.00638782372698188,0.00511883338913322,0.0064713298343122,0.00488101039081812,0.00665363995358348,0.00668718200176954,0.00690752221271396,0.00612712232396007,0.00583179388195276,0.00467415200546384,0.0057608587667346,0.0053648161701858,0.00578843150287867,0.00723770959302783,0.0065674651414156,0.00616240361705422,0.00671288697049022,0.00578297348693013,0.00523071922361851,0.0047948332503438,0.00546861626207829,0.0061889486387372,0.00625327602028847,0.005571732763201,0.00615843525156379,0.00690903700888157,0.00479796715080738,0.00578985596075654,0.00621222192421556,
1522.0,0.00645367568358779,0.00658677611500025,0.00594330299645662,0.00579545414075255,0.00489538256078959,0.00530500942841172,0.00574939604848623,0.00624087546020746,0.00585276447236538,0.00671926653012633,0.00562364188954234,0.00595384277403355,0.00652911514043808,0.00702369539067149,0.00648289732635021,0.00631877407431602,0.00584507640451193,0.0067995972931385,0.00687575899064541,0.00644333381205797,0.00516389729455113,0.00652789324522018,0.00492660421878099,0.00671054283156991,0.00674885418266058,0.00696576433256269,0.00617782631888986,0.00589034426957369,0.00472047738730907,0.00581670086830854,0.00541793275624514,0.00584447057917714,0.00730395689606667,0.00662548188120127,0.00621267454698682,0.00677022943273187,0.00583775574341416,0.00528332311660051,0.004845657851547,0.00552214775234461,0.00623996509239078,0.00630579376593232,0.00562202092260122,0.00622299732640386,0.00696850707754493,0.00483895605430007,0.0058451178483665,0.00626799510791898,
1523.0,0.00650558900088072,0.00664089107885957,0.00599722843617201,0.00584554299712181,0.00494396639987826,0.00535373808816075,0.00579997058957815,0.00629398506134748,0.00590171758085489,0.00676938751712441,0.00567226856946945,0.00600445596501231,0.00658860895782709,0.00707888882607222,0.00653595896437764,0.00637242151424289,0.00589646212756634,0.00685751438140869,0.00692687509581447,0.00649920199066401,0.0052066994830966,0.00658200774341822,0.00497075403109193,0.006764757912606,0.00680672936141491,0.00702222064137459,0.00622625928372145,0.00594581477344036,0.00476716132834554,0.00586750963702798,0.00547007331624627,0.00589580647647381,0.00736598530784249,0.00668075541034341,0.00626736832782626,0.00682427268475294,0.0058900979347527,0.00533148553222418,0.0048904181458056,0.00557145336642861,0.00628868024796247,0.00635407911613584,0.00566875375807285,0.00628203991800547,0.00702602323144674,0.0048826364800334,0.00589719228446484,0.00632226560264826,
1524.0,0.0065524592064321,0.00669072195887566,0.00604288931936026,0.00589131889864802,0.00498590571805835,0.0053959134966135,0.00584546849131584,0.00634017726406455,0.00594896310940385,0.00681796343997121,0.00571730919182301,0.00605051452293992,0.0066395066678524,0.00712783820927143,0.00658256560564041,0.00641693593934178,0.00594399636611342,0.00690964376553893,0.00697336858138442,0.00654660584405065,0.00524941273033619,0.00663138600066304,0.00501160090789199,0.00681425258517265,0.00686202710494399,0.00707138050347567,0.00627217954024673,0.00599213968962431,0.00481052976101637,0.005911601241678,0.00551726203411818,0.00594361498951912,0.00742046721279621,0.00673069432377815,0.00631383899599314,0.0068737636320293,0.00593679351732135,0.00537495454773307,0.00493103405460715,0.00561669142916799,0.0063320160843432,0.006401511374861,0.00571134686470032,0.00633200723677874,0.00707873702049255,0.00492102466523647,0.00594376958906651,0.00637150090187788,
1525.0,0.00659137917682529,0.00673756841570139,0.00607652217149735,0.00593238975852728,0.00502234324812889,0.00542819034308195,0.00588600337505341,0.00638050539419055,0.00599529873579741,0.00686042383313179,0.00575727736577392,0.0060912799090147,0.00668054679408669,0.00717080989852548,0.00662096217274666,0.00645039649680257,0.00598626397550106,0.00695654237642884,0.00701143033802509,0.00658637238666415,0.00528900977224112,0.00667460402473807,0.00504976743832231,0.00685919914394617,0.00691551808267832,0.00711545813828707,0.00631422828882933,0.00603051902726293,0.00484928349032998,0.00594682805240154,0.00556107331067324,0.00598824815824628,0.00746682705357671,0.00677928421646357,0.0063505214639008,0.00691689318045974,0.00597740383818746,0.0054117115214467,0.00496421987190843,0.00565472617745399,0.00636463332921267,0.00644573615863919,0.00574997952207923,0.00637221382930875,0.00712559605017304,0.00495557254180312,0.00598431890830398,0.00641499226912856,
1526.0,0.0066313399001956,0.00677754962816834,0.00611584400758147,0.00597181497141719,0.0050548929721117,0.00546322297304869,0.00592450704425573,0.00641636969521642,0.00603461917489767,0.0069038369692862,0.00579689629375935,0.00612987065687776,0.00672266958281398,0.00721113756299019,0.00666050426661968,0.00648732529953122,0.00602590944617987,0.00699971243739128,0.00704944133758545,0.00662594474852085,0.00532771786674857,0.00671743368729949,0.00508393859490752,0.00690092565491796,0.00696082785725594,0.0071582137607038,0.00635640742257237,0.0060674617998302,0.00488608097657561,0.00598408374935389,0.00560138653963804,0.00602636160328984,0.00751141412183642,0.00681990850716829,0.0063910367898643,0.00696040038019419,0.00601609703153372,0.00544837629422545,0.00499738473445177,0.00569456582888961,0.00640240497887135,0.00648754881694913,0.00578788947314024,0.00641321018338203,0.00716919032856822,0.00499085290357471,0.00602385960519314,0.0064566801302135,
1527.0,0.00666923727840185,0.00680785067379475,0.00615158397704363,0.00600570160895586,0.00508031761273742,0.00549427187070251,0.00595745956525207,0.00644378224387765,0.00606742547824979,0.0069485055282712,0.00583181530237198,0.0061637032777071,0.00676061259582639,0.00724239461123943,0.00669416971504688,0.00652169249951839,0.00606053462252021,0.00703616859391332,0.00708411820232868,0.00666056200861931,0.00536768091842532,0.00675769615918398,0.00511271553114057,0.00693656643852592,0.0070005520246923,0.00719494791701436,0.00639778701588511,0.00609434535726905,0.00492142653092742,0.00601543206721544,0.00563859893009067,0.00605721957981586,0.00755041185766459,0.00685121910646558,0.00643278518691659,0.00700051290914416,0.0060482625849545,0.00548183964565396,0.00502731651067734,0.0057328836992383,0.00644063157960773,0.00652876449748874,0.00581997260451317,0.00644636247307062,0.00720839109271765,0.00502632884308696,0.00605744170024991,0.00649506133049726,
1528.0,0.00670477328822017,0.00684506818652153,0.00618917495012283,0.00604052096605301,0.00510964123532176,0.00552717596292496,0.00599360559135675,0.00647732336074114,0.00610355986282229,0.00698728766292334,0.0058680004440248,0.00619806721806526,0.00679639168083668,0.0072801448404789,0.00673178164288402,0.00655400101095438,0.00609660660848022,0.00707264244556427,0.00711882580071688,0.00669615715742111,0.00540198618546128,0.00679590180516243,0.00514523684978485,0.0069752698764205,0.00703988876193762,0.00723137753084302,0.00643521314486861,0.00613036192953587,0.00495495740324259,0.00605239998549223,0.00567122036591172,0.00609131017699838,0.00758830737322569,0.00688639283180237,0.00646726787090302,0.00703981332480907,0.00608487008139491,0.00551523501053452,0.00505793886259198,0.00576956570148468,0.00647609028965235,0.00656436244025826,0.00585686462000012,0.00648481445387006,0.00724623072892427,0.00505505548790097,0.00609494745731354,0.00653251027688384,
1529.0,0.00673771090805531,0.00688028335571289,0.00622939830645919,0.00607416965067387,0.00513568473979831,0.00555880647152662,0.00602920213714242,0.00650765793398023,0.00613630842417479,0.00702011771500111,0.0059058703482151,0.0062276404350996,0.00682770134881139,0.00731813162565231,0.00677273189648986,0.00658480683341622,0.00612981570884585,0.00710349064320326,0.00714861508458853,0.0067305495031178,0.00543014705181122,0.00683075003325939,0.0051745530217886,0.00701217586174607,0.00707141822203994,0.00726604461669922,0.00647109933197498,0.00616992823779583,0.00498346937820315,0.00609031319618225,0.00569642428308725,0.00612085731700063,0.00762044033035636,0.00691838236525655,0.00649680709466338,0.0070774182677269,0.00612202985212207,0.00554557284340262,0.00508516933768988,0.00580568658187985,0.00651055853813887,0.00659259082749486,0.0058967680670321,0.00652572745457292,0.00727824447676539,0.00507928896695375,0.00613277778029442,0.00656648818403482,
1530.0,0.00677001476287842,0.00691589480265975,0.00626498134806752,0.00610578898340464,0.00516411941498518,0.00559165934100747,0.00606195535510778,0.00654110312461853,0.00616965861991048,0.00705416221171618,0.00593813834711909,0.00626010121777654,0.00686257658526301,0.00735570536926389,0.0068066194653511,0.00661509390920401,0.00616292096674442,0.00713818101212382,0.00718347448855639,0.00676248595118523,0.00546088255941868,0.00686466926708817,0.00520610949024558,0.00704809883609414,0.00710731465369463,0.00730013707652688,0.00650271726772189,0.00620238063856959,0.00501401722431183,0.00612760661169887,0.00572609342634678,0.00615205615758896,0.00765595445409417,0.00695010041818023,0.00652849487960339,0.00711368815973401,0.00615528086200356,0.00557806389406323,0.00511700054630637,0.00583662418648601,0.00654232688248158,0.00662626465782523,0.00593312550336123,0.00656110420823097,0.00731353089213371,0.00510552292689681,0.00616786675527692,0.00660027796402574,
1531.0,0.0068000415340066,0.00695787044242024,0.00629916461184621,0.00613453658297658,0.00519518507644534,0.00562626169994473,0.00609560310840607,0.00658122869208455,0.00620813807472587,0.00708541460335255,0.00596515787765384,0.00629500672221184,0.00689627043902874,0.00739783141762018,0.00683841202408075,0.00664339773356915,0.00619636289775372,0.00717366021126509,0.00722283450886607,0.00679272599518299,0.00549018569290638,0.00689631886780262,0.00524356123059988,0.00708506861701608,0.00714560085907578,0.00733078643679619,0.00652868393808603,0.00623727962374687,0.00504686683416367,0.00617068773135543,0.00575444335117936,0.00618633208796382,0.00769138801842928,0.00698211882263422,0.00655804248526692,0.00714926375076175,0.0061889486387372,0.00561263505369425,0.00515016401186585,0.00586280832067132,0.00657135434448719,0.00665930146351457,0.00596961425617337,0.00659490935504436,0.00734927039593458,0.00512631004676223,0.00620338739827275,0.00663408450782299,
1532.0,0.00683039939031005,0.006990653462708,0.00632935669273138,0.00616597756743431,0.00522566121071577,0.00565849477425218,0.00612557167187333,0.00661320192739367,0.0062358696013689,0.00711824838072062,0.00599492667242885,0.00632665446028113,0.00692884856835008,0.00743022421374917,0.00686813099309802,0.00666919862851501,0.00622771680355072,0.00720818573608994,0.00725487293675542,0.00682218186557293,0.00551908137276769,0.00692746881395578,0.00527235167101026,0.00711850170046091,0.00717981066554785,0.00736229307949543,0.00655600149184465,0.00626441789790988,0.00507591804489493,0.00620248727500439,0.00578233459964395,0.00621583266183734,0.00772574869915843,0.00701271183788776,0.00658593000844121,0.00718165189027786,0.00622031977400184,0.00564005179330707,0.00518269743770361,0.00589074892923236,0.00660080788657069,0.00669156527146697,0.00600281730294228,0.006626948248595,0.00738481432199478,0.00515070417895913,0.00623780395835638,0.00666393106803298,
1533.0,0.00686010764911771,0.00701689720153809,0.00635526143014431,0.00619748374447227,0.00525651127099991,0.00569202471524477,0.00614994065836072,0.00664139445871115,0.00625404296442866,0.00715379090979695,0.0060215787962079,0.00635842187330127,0.00696350354701281,0.00745780486613512,0.00689311744645238,0.0066935932263732,0.00625746138393879,0.00724756950512528,0.00728720054030418,0.00685005355626345,0.00555035611614585,0.00695571955293417,0.005296615883708,0.00714940391480923,0.00721382210031152,0.0073969941586256,0.0065813884139061,0.00628005340695381,0.00510180648416281,0.00622818944975734,0.00581117579713464,0.00624211924150586,0.00776329962536693,0.00704166572540998,0.00661334628239274,0.00721306400373578,0.00624713581055403,0.00566488085314631,0.00522102229297161,0.00591607578098774,0.00662889797240496,0.00672701094299555,0.00603414280340075,0.00665518315508962,0.00742369191721082,0.00518153514713049,0.00627175020053983,0.00669001322239637,
1534.0,0.00688769016414881,0.00704352930188179,0.00638155406340957,0.00622733309864998,0.0052841529250145,0.00572122586891055,0.0061768377199769,0.00666884751990438,0.0062789423391223,0.00718347076326609,0.00605097319930792,0.00638649379834533,0.00699485279619694,0.00748428469523788,0.00691629853099585,0.00671609863638878,0.00628546299412847,0.00727604748681188,0.00731363659724593,0.00687605049461126,0.0055752219632268,0.00698658125475049,0.00532091408967972,0.00717789866030216,0.00724247330799699,0.00742491101846099,0.00660677999258041,0.00630348129197955,0.00512799248099327,0.006255142390728,0.00583904748782516,0.00626735389232636,0.00779345026239753,0.00706824287772179,0.00663983356207609,0.00723872194066644,0.00627522869035602,0.00569031341001391,0.00524845998734236,0.00594096910208464,0.00665495963767171,0.00675783259794116,0.00606182031333447,0.00668306834995747,0.0074527682736516,0.00520390272140503,0.00629975227639079,0.00671616708859801,
1535.0,0.00691473484039307,0.00706638302654028,0.00640564644709229,0.00625842064619064,0.00531206466257572,0.00574618624523282,0.00620472012087703,0.00669326540082693,0.006301648914814,0.00721023743972182,0.00608575064688921,0.00641125906258821,0.00702370656654239,0.00750385783612728,0.00693626049906015,0.00673480611294508,0.00631160475313663,0.00729678524658084,0.00733176153153181,0.00690113008022308,0.00559510011225939,0.00702171539887786,0.00534039456397295,0.00720556639134884,0.00726704113185406,0.00744767813012004,0.00663210079073906,0.00632805936038494,0.00515216588973999,0.006274598184973,0.00586549937725067,0.00629207026213408,0.00781944952905178,0.00709480745717883,0.00666324282065034,0.00725859403610229,0.00630585942417383,0.00570861389860511,0.00526859611272812,0.0059660617262125,0.00668050022795796,0.00678678182885051,0.00608762726187706,0.0067105139605701,0.00747525366023183,0.00522097945213318,0.00632572593167424,0.00673985201865435,
1536.0,0.00693958578631282,0.00708920694887638,0.00642772438004613,0.00628650980070233,0.00533760758116841,0.00577143859118223,0.0062296474352479,0.00671626999974251,0.00632520578801632,0.00723546836525202,0.00611343700438738,0.00643474329262972,0.00705146789550781,0.00752597162500024,0.00695904064923525,0.00675384141504765,0.00633696792647243,0.00731958309188485,0.00735284341499209,0.00692382827401161,0.00561726419255137,0.00704773375764489,0.00536264106631279,0.00723002152517438,0.00729129603132606,0.00747237401083112,0.00665509328246117,0.00635107047855854,0.00517693348228931,0.00629896624013782,0.00589209608733654,0.00631321547552943,0.00784264318645,0.00711834616959095,0.00668622832745314,0.00727921444922686,0.00632965657860041,0.00573285110294819,0.00529227219521999,0.00599053781479597,0.00670329574495554,0.00681059900671244,0.00610921112820506,0.00673573650419712,0.00750180007889867,0.00523998029530048,0.00634887861087918,0.00676510622724891,
1537.0,0.00696145696565509,0.00710972864180803,0.00644695479422808,0.00631187343969941,0.00535918399691582,0.00579448090866208,0.00625266786664724,0.00673671625554562,0.00635298015549779,0.0072554349899292,0.00613826932385564,0.00645420467481017,0.00707886181771755,0.00754819624125957,0.00697923824191093,0.00677144108340144,0.00635932292789221,0.00733428727835417,0.0073717930354178,0.00694092502817512,0.00563452765345573,0.00707040401175618,0.0053867669776082,0.00724775530397892,0.00730938650667667,0.00749339954927564,0.00667571276426315,0.00637766905128956,0.00520109804347157,0.00632770452648401,0.00592042086645961,0.00632980186492205,0.00785844773054123,0.00713533349335194,0.00670931069180369,0.00729342037811875,0.00634638126939535,0.00576445693150163,0.00531128514558077,0.00601307861506939,0.00672218296676874,0.00682954769581556,0.0061218966729939,0.00675578322261572,0.00752422213554382,0.00525443023070693,0.00636126752942801,0.00679114041849971,
1538.0,0.00698347017168999,0.00713221216574311,0.00646856380626559,0.00633643707260489,0.00538091780617833,0.00581786362454295,0.00627598818391562,0.00675891106948256,0.00637750374153256,0.00727737229317427,0.00616217916831374,0.00647663557901978,0.00710323313251138,0.00757017731666565,0.00700106751173735,0.00679088430479169,0.00638322997838259,0.00735678523778915,0.00739221042022109,0.00696314265951514,0.00565695529803634,0.00709151849150658,0.00540761649608612,0.00726994220167398,0.00733164278790355,0.00751563441008329,0.00669692037627101,0.00639775395393372,0.00522614410147071,0.00635151751339436,0.00594501383602619,0.00634838081896305,0.00787901040166616,0.00715648895129561,0.00673256209120154,0.00731433695182204,0.00636741565540433,0.00578698655590415,0.00533262779936194,0.00603622850030661,0.00674247741699219,0.00684936158359051,0.00614220695570111,0.00677997525781393,0.00754646118730307,0.0052722254768014,0.0063824993558228,0.00681364955380559,
1539.0,0.0070024742744863,0.00715428497642279,0.00648870971053839,0.00635877344757319,0.00540034333243966,0.00584017904475331,0.00629718881100416,0.00677930982783437,0.00639687711372972,0.00729929702356458,0.00618105428293347,0.00649825716391206,0.00712245563045144,0.00759004754945636,0.00702739972621202,0.00680846022441983,0.00640750396996737,0.00738549558445811,0.00741305993869901,0.00698738778010011,0.00568554503843188,0.00710245501250029,0.0054261670447886,0.00729031208902597,0.00735366251319647,0.00754006579518318,0.0067159803584218,0.00640989653766155,0.00525189051404595,0.00637035444378853,0.00596465263515711,0.00636204332113266,0.00789634510874748,0.00717729516327381,0.00675545167177916,0.00733735132962465,0.00638417573645711,0.00580393662676215,0.00535775907337666,0.00605918932706118,0.00676080118864775,0.0068632485345006,0.00616317754611373,0.00680507766082883,0.00757002783939242,0.00529405009001493,0.00640756683424115,0.00683349976316094,
1540.0,0.00702462857589126,0.00717773428186774,0.00651064002886415,0.00638342835009098,0.00542313046753407,0.00586326094344258,0.00632050726562738,0.0068011935800314,0.0064212023280561,0.00732168275862932,0.0062022558413446,0.00652139028534293,0.00714388396590948,0.00761280069127679,0.00705002900213003,0.00682970695197582,0.0064318417571485,0.00740933744236827,0.00743400910869241,0.00700982799753547,0.00570784788578749,0.00712206773459911,0.00544675067067146,0.00731460889801383,0.00737845711410046,0.00756224384531379,0.00673760240897536,0.00643031531944871,0.00527647230774164,0.00639542657881975,0.00598818575963378,0.00638231169432402,0.00792103726416826,0.00720041245222092,0.00677556311711669,0.00736190751194954,0.00640827044844627,0.00582672003656626,0.00538042094558477,0.00608386378735304,0.00678163208067417,0.00688220094889402,0.00618427945300937,0.00683163944631815,0.00759536912664771,0.00531276222318411,0.0064318454824388,0.00685537373647094,
1541.0,0.00704923924058676,0.00720387976616621,0.00653565442189574,0.0064076678827405,0.00544766755774617,0.00588723504915833,0.00634433934465051,0.00682580936700106,0.00644923653453588,0.00734451645985246,0.00622365204617381,0.00654655927792192,0.00716553721576929,0.00763824349269271,0.00706933392211795,0.00685578351840377,0.00645745452493429,0.00743413576856256,0.00745589658617973,0.00703384028747678,0.00573029275983572,0.00714761577546597,0.00546511495485902,0.00734556186944246,0.00740750599652529,0.00758180487900972,0.00676091155037284,0.00645018089562655,0.00530318170785904,0.00642358232289553,0.00601154938340187,0.00640868442133069,0.00795390177518129,0.00722725782543421,0.00679362006485462,0.00739164697006345,0.0064415349625051,0.0058468310162425,0.00539944786578417,0.00610907282680273,0.00680502504110336,0.00690248608589172,0.00620861863717437,0.00686241593211889,0.00761818699538708,0.00533145852386951,0.00646127853542566,0.00687462417408824,
1542.0,0.00707114487886429,0.00722758146002889,0.00655976729467511,0.00643194746226072,0.00547006446868181,0.00590895628556609,0.00636831019073725,0.0068479860201478,0.00647462671622634,0.00736617390066385,0.00624579610303044,0.0065710823982954,0.00718628242611885,0.00766110559925437,0.00709025654941797,0.00687862792983651,0.0064811808988452,0.00745718972757459,0.00747623946517706,0.00705662462860346,0.00574939418584108,0.00716956797987223,0.00548638869076967,0.00737048545852304,0.00743427313864231,0.00760296266525984,0.00678288703784347,0.00647333869710565,0.00532531552016735,0.00644982093945146,0.00603656843304634,0.00643101055175066,0.00797978043556213,0.00725260749459267,0.00681351963430643,0.00741793727502227,0.0064677782356739,0.00587003119289875,0.00542196677997708,0.0061328774318099,0.00682575115934014,0.00692600291222334,0.00623335922136903,0.00688936980441213,0.00764370337128639,0.00534884259104729,0.00648555811494589,0.00689844973385334,
1543.0,0.00709541561082006,0.00725138047710061,0.00658313184976578,0.00645977351814508,0.00549479015171528,0.00593044050037861,0.00639417627826333,0.00686852773651481,0.00650353683158755,0.00738825090229511,0.00626772176474333,0.00659860204905272,0.00720546673983336,0.00768488505855203,0.00711279129609466,0.00690328469499946,0.00650365324690938,0.00747753586620092,0.00749628990888596,0.00707799103111029,0.00576117588207126,0.00719316862523556,0.00551275257021189,0.00739526050165296,0.00746240839362144,0.00762577308341861,0.00680644297972322,0.00650769891217351,0.00534337433055043,0.00647957343608141,0.00606655469164252,0.00645636674016714,0.00800863094627857,0.0072813075967133,0.00683088880032301,0.00744598777964711,0.0064945756457746,0.00590193178504705,0.00544774951413274,0.0061577963642776,0.00684566656127572,0.00695563899353147,0.0062610162422061,0.00691479677334428,0.00767750572413206,0.00536275515332818,0.00650470424443483,0.00692963786423206,
1544.0,0.00711537804454565,0.00727256713435054,0.00660574994981289,0.00648249080404639,0.0055164834484458,0.00595129420980811,0.00641670124605298,0.006889833137393,0.00652604131028056,0.00740931881591678,0.00629038643091917,0.0066208285279572,0.00722796656191349,0.007707086391747,0.00713189272210002,0.0069236857816577,0.00652611954137683,0.0074984272941947,0.0075150546617806,0.00709839630872011,0.00577762629836798,0.00721369870007038,0.00553438114002347,0.00741705857217312,0.00748886074870825,0.00764610897749662,0.00682812603190541,0.0065314183011651,0.00536338845267892,0.00650575151666999,0.00609181541949511,0.00647811172530055,0.00803210865706205,0.00730406725779176,0.006850257050246,0.00746935093775392,0.00651858327910304,0.00592581368982792,0.00546989589929581,0.00618216255679727,0.00686625484377146,0.00697791250422597,0.00628354912623763,0.00693987868726254,0.00770297460258007,0.00537822581827641,0.00652868999168277,0.00695256050676107,
1545.0,0.00713159376755357,0.00729638524353504,0.00663221487775445,0.00650215707719326,0.00553436810150743,0.00596939492970705,0.00644075591117144,0.00691414996981621,0.0065434267744422,0.00742998532950878,0.00631729373708367,0.00664075277745724,0.00725396210327744,0.00772847048938274,0.00715039158239961,0.00694094831123948,0.00654804660007358,0.0075211189687252,0.00753386132419109,0.00711978366598487,0.00579561199992895,0.00723203597590327,0.00555567257106304,0.00743440818041563,0.00751584209501743,0.00766616966575384,0.00685042282566428,0.006551509257406,0.00538249826058745,0.00653015589341521,0.00611520512029529,0.00649507157504559,0.00804957374930382,0.00732406321913004,0.00687592523172498,0.00748879555612803,0.00653862301260233,0.00594669161364436,0.00549185322597623,0.00620793830603361,0.00688887480646372,0.00700105028226972,0.0063053579069674,0.00696567399427295,0.00772407976910472,0.00539477355778217,0.00655628880485892,0.00697514973580837,
1546.0,0.00714634452015162,0.00731134181842208,0.006651078350842,0.00652114162221551,0.00555242737755179,0.00598869472742081,0.00646057724952698,0.00693218922242522,0.0065616387873888,0.00744815729558468,0.00633843336254358,0.00665914220735431,0.00727472407743335,0.00774642499163747,0.00716735096648335,0.0069569693878293,0.0065684961155057,0.00753905484452844,0.00755013339221478,0.00713869975879788,0.00581270270049572,0.00724868942052126,0.00557432137429714,0.00745216012001038,0.00753766717389226,0.00768506340682507,0.00686834286898375,0.00656966725364327,0.00539969047531486,0.00654979469254613,0.00613785907626152,0.00651387078687549,0.00806661322712898,0.00734136905521154,0.00689505878835917,0.0075085605494678,0.00655739288777113,0.00596587173640728,0.00551261613145471,0.00622784532606602,0.00690521439537406,0.00702119106426835,0.00632556201890111,0.0069861002266407,0.00774364359676838,0.00540929567068815,0.00657802680507302,0.00699314009398222,
1547.0,0.00715896068140864,0.00731545919552445,0.00666583795100451,0.00653831567615271,0.00557306362316012,0.00601244950667024,0.00647669564932585,0.00694660563021898,0.00657827313989401,0.00746684148907661,0.00635679950937629,0.00667255930602551,0.00729851424694061,0.00776408752426505,0.00718256365507841,0.0069708158262074,0.00659150024875999,0.00755607150495052,0.00756742525845766,0.00715756043791771,0.00583198480308056,0.00726499455049634,0.00559050729498267,0.00747108738869429,0.00755896791815758,0.00770534155890346,0.0068836840800941,0.006582026835531,0.00541660422459245,0.00656651612371206,0.00616200035437942,0.00653620064258575,0.00808307621628046,0.00735429162159562,0.00691403495147824,0.0075283688493073,0.00657790899276733,0.00598324136808515,0.00553334737196565,0.00624616583809257,0.0069194994866848,0.0070356335490942,0.00634243153035641,0.00700539397075772,0.00776280369609594,0.0054253158159554,0.00660222163423896,0.00700327521190047,
1548.0,0.00717034284025431,0.00732654612511396,0.00667980825528502,0.00655419239774346,0.00558793637901545,0.0060290121473372,0.00649129459634423,0.00696117477491498,0.00659213634207845,0.00748077826574445,0.00637527834624052,0.00668733287602663,0.00731475697830319,0.00777791300788522,0.00719532556831837,0.00698295747861266,0.00660816859453917,0.00756811164319515,0.00757864164188504,0.00717155588790774,0.00584949692711234,0.00727838464081287,0.00560445291921496,0.00748590147122741,0.00757493870332837,0.00771815702319145,0.0068970425054431,0.0065939836204052,0.00543341878801584,0.00658375583589077,0.0061791529878974,0.00655081309378147,0.0080958167091012,0.00736593781039119,0.00692644529044628,0.00754310516640544,0.00659182202070951,0.00599671201780438,0.00554978521540761,0.0062625827267766,0.00693270238116384,0.0070495824329555,0.00635477527976036,0.00702106766402721,0.00777643034234643,0.00543830124661326,0.00661993864923716,0.00701549369841814,
1549.0,0.00718046072870493,0.00733701977878809,0.00668861391022801,0.00656977063044906,0.00559867639094591,0.00604173447936773,0.00650379387661815,0.00697271851822734,0.00660511897876859,0.00749077508226037,0.00639219908043742,0.00670658890157938,0.00732391700148582,0.00778828980401158,0.0072074388153851,0.00699679320678115,0.00662204390391707,0.00757391192018986,0.00758505845442414,0.00718289287760854,0.00586633943021297,0.00728899659588933,0.00561740016564727,0.00749957608059049,0.00758527405560017,0.00772711122408509,0.00690825097262859,0.00660597532987595,0.0054507739841938,0.00659731356427073,0.00619245553389192,0.00656138267368078,0.00810631178319454,0.00737542798742652,0.00693258550018072,0.00755648175254464,0.00660057412460446,0.00600482430309057,0.00556471198797226,0.00627630157396197,0.00694144936278462,0.00706530269235373,0.00636755349114537,0.00703019741922617,0.00778629118576646,0.00544852809980512,0.00662940740585327,0.00702855549752712,
1550.0,0.00718782190233469,0.00734439631924033,0.00669760769233108,0.00658202823251486,0.00560792535543442,0.00605398463085294,0.0065130228176713,0.00698131835088134,0.00661594467237592,0.00749919237568974,0.00640534283593297,0.00671858107671142,0.00733119947835803,0.00779582373797894,0.00721590360626578,0.00700378185138106,0.00663193175569177,0.00758035201579332,0.00758931878954172,0.00719101587310433,0.00588001357391477,0.00729740923270583,0.00562726845964789,0.00750743970274925,0.00759222637861967,0.00773353222757578,0.00691516185179353,0.00661419425159693,0.00546346511691809,0.00661008385941386,0.00620320672169328,0.00657084304839373,0.00811264012008905,0.00738406321033835,0.00693732313811779,0.0075656590051949,0.0066078370437026,0.00601419154554605,0.00557692255824804,0.00628403481096029,0.00694821868091822,0.00707506062462926,0.00637632887810469,0.00704051740467548,0.0077921780757606,0.00545732164755464,0.0066384756937623,0.00703658070415258,
1551.0,0.007191670127213,0.00735770771279931,0.00670747086405754,0.00658865738660097,0.00561088556423783,0.00606004195287824,0.00651691574603319,0.00699199875816703,0.00662015005946159,0.0075022061355412,0.00641703419387341,0.00672426400706172,0.0073313214816153,0.00779849477112293,0.00721888989210129,0.00700357276946306,0.00663221254944801,0.00758360605686903,0.00758523540571332,0.00719278585165739,0.00589447701349854,0.00730184791609645,0.00563146453350782,0.00750493817031384,0.00759074883535504,0.00773183535784483,0.00691576348617673,0.00661857752129436,0.00547258974984288,0.00662608398124576,0.00620370218530297,0.00657272664830089,0.00811189971864223,0.00739231379702687,0.006933250464499,0.00756699638441205,0.00660800887271762,0.00601864606142044,0.00558244390413165,0.00628443481400609,0.00695420056581497,0.00707701779901981,0.00637544598430395,0.00704905204474926,0.00778564438223839,0.00546242436394095,0.00664443057030439,0.00703847175464034,
1552.0,0.0071964212693274,0.00736462837085128,0.00671323155984282,0.00659801438450813,0.0056171603500843,0.00606749719008803,0.00652284221723676,0.00699684955179691,0.0066276928409934,0.00750708160921931,0.00642642611637712,0.00673101888969541,0.00733458297327161,0.00780144240707159,0.00722220307216048,0.00700545636937022,0.00663756160065532,0.00758623378351331,0.00758537882938981,0.00719460658729076,0.00590310618281364,0.00730733294039965,0.00563752930611372,0.00750953564420342,0.00759424967691302,0.00773164303973317,0.0069206552579999,0.00662260176613927,0.00548412278294563,0.0066356873139739,0.00621006125584245,0.00657797744497657,0.00811381358653307,0.007396275177598,0.00693314149975777,0.00756953656673431,0.00661100493744016,0.00602736603468657,0.00558952894061804,0.00628900062292814,0.00695866625756025,0.00708114542067051,0.00637811422348022,0.00705681135877967,0.00778801133856177,0.00546857994049788,0.00665016053244472,0.00704524945467711,
1553.0,0.0072010587900877,0.00735985348001122,0.0067122308537364,0.00660816533491015,0.00562380393967032,0.00607508514076471,0.00652805529534817,0.00699078757315874,0.00663764867931604,0.00751307746395469,0.00642886897549033,0.0067335064522922,0.00733782444149256,0.0077992812730372,0.00722332252189517,0.00700002163648605,0.00664118072018027,0.00758648151531816,0.00758759770542383,0.00719263451173902,0.00590361934155226,0.00730958534404635,0.00564171699807048,0.00751522835344076,0.00759564712643623,0.00773079739883542,0.00692423293367028,0.00662048580124974,0.00549188163131475,0.00663723796606064,0.00622190861031413,0.00658597704023123,0.00811289716511965,0.00739601068198681,0.00693196337670088,0.00756824435666204,0.00661003589630127,0.00604242784902453,0.00559477554634213,0.00628656195476651,0.00695879478007555,0.00708251632750034,0.00637699710205197,0.00706375669687986,0.00779340323060751,0.00547457067295909,0.00665068905800581,0.00705170352011919,
1554.0,0.00720245530828834,0.00736144278198481,0.00671600876376033,0.00661660265177488,0.00563072180375457,0.00608259113505483,0.00653158500790596,0.00699136918410659,0.00664626015350223,0.00751564791426063,0.00643514608964324,0.00673575047403574,0.00733958557248116,0.00780062004923821,0.00722455512732267,0.00699991080909967,0.00664740102365613,0.00758941238746047,0.00758785242214799,0.00719329761341214,0.00590794207528234,0.00731457397341728,0.00564696593210101,0.00752005074173212,0.00760009698569775,0.00772994617000222,0.00692730536684394,0.00662377616390586,0.00550067331641912,0.00664154998958111,0.00622838130220771,0.00659176986664534,0.00811400078237057,0.00739668868482113,0.00693456782028079,0.00757124554365873,0.00661506783217192,0.00605183374136686,0.00560170924291015,0.00629086419939995,0.00695960409939289,0.00708480458706617,0.00638218922540545,0.00706969248130918,0.00779884029179811,0.00547959795221686,0.00665542297065258,0.00705770868808031,
1555.0,0.00720046367496252,0.00736643094569445,0.00671873427927494,0.00662716059014201,0.00563937891274691,0.00609019258990884,0.00653580855578184,0.00699119875207543,0.00665626209229231,0.00751722138375044,0.00644493428990245,0.00673958333209157,0.00734084285795689,0.00780503591522574,0.00722534861415625,0.00700784381479025,0.00665864627808332,0.00759301474317908,0.00758962891995907,0.00719529250636697,0.00590993603691459,0.00732497870922089,0.00565264048054814,0.00753195397555828,0.00761179905384779,0.00772633496671915,0.00693476106971502,0.00663034664466977,0.00551462126895785,0.00664375023916364,0.00623330380767584,0.00659583508968353,0.00811913888901472,0.00739257549867034,0.00694327196106315,0.00758007075637579,0.00662763323634863,0.00605853134766221,0.00561077613383532,0.00630750274285674,0.00695878453552723,0.00709014805033803,0.00639633322134614,0.00707544572651386,0.0078125586733222,0.00548547925427556,0.00666309148073196,0.00707113277167082,
1556.0,0.00720051536336541,0.00736792851239443,0.00672395247966051,0.00663475040346384,0.00564717175439,0.00609784759581089,0.00653940998017788,0.00699243601411581,0.00666390545666218,0.00751777226105332,0.00645078718662262,0.00674281967803836,0.00734367966651917,0.00780753837898374,0.0072265132330358,0.00700921565294266,0.00666816439479589,0.00759608577936888,0.00758998375386,0.00719543220475316,0.0059131677262485,0.00732945138588548,0.00565993785858154,0.0075376839376986,0.00761901959776878,0.00772624835371971,0.00693874433636665,0.0066356249153614,0.00552458688616753,0.00664686923846602,0.00623816438019276,0.00660054525360465,0.00812147464603186,0.00739155104383826,0.00694879097864032,0.00758261233568192,0.00663572456687689,0.00606623152270913,0.00561796920374036,0.00631652818992734,0.00696003530174494,0.00709248194471002,0.00640275236219168,0.00707977823913097,0.00781976524740458,0.00548981409519911,0.00666989199817181,0.00707732886075974,
1557.0,0.00719791185110807,0.00736947357654572,0.00673700636252761,0.00664169667288661,0.00565472990274429,0.00610637990757823,0.00653933826833963,0.00699742138385773,0.00667154230177403,0.00751487677916884,0.0064572524279356,0.00674229254946113,0.00734747527167201,0.00781026994809508,0.0072270049713552,0.00700939958915114,0.00668019382283092,0.00760099338367581,0.00758958794176579,0.00719276862218976,0.00592100108042359,0.00732930330559611,0.00567085761576891,0.00753945577889681,0.00762702850624919,0.00772982509806752,0.00694127520546317,0.0066435313783586,0.00552949355915189,0.00665071699768305,0.00624009594321251,0.0066057788208127,0.00812280550599098,0.00739460904151201,0.00695720687508583,0.00758352922275662,0.0066449549049139,0.00607100734487176,0.00562493735924363,0.00632479460909963,0.00696345698088408,0.0070923394523561,0.00640903413295746,0.00708335777744651,0.00782573316246271,0.005492037627846,0.00667898217216134,0.00707903597503901,
1558.0,0.00719821359962225,0.00737298326566815,0.0067443773150444,0.00664151227101684,0.00566292786970735,0.00611569080501795,0.00654186494648457,0.00700532738119364,0.00667510135099292,0.00751210283488035,0.00646058935672045,0.00674442201852798,0.00734770484268665,0.00781577453017235,0.00722897192463279,0.0070090708322823,0.00668910145759583,0.00760777294635773,0.007585016079247,0.00719672767445445,0.00592550728470087,0.00733532570302486,0.00567738153040409,0.00753724249079823,0.00763013958930969,0.00773192988708615,0.00693963607773185,0.00665278779342771,0.00553909037262201,0.00665693590417504,0.00624017091467977,0.00660936674103141,0.00812400598078966,0.0073958788998425,0.00696014426648617,0.00758409220725298,0.00665609538555145,0.00607730494812131,0.00563292810693383,0.00632958812639117,0.00696412939578295,0.00709244841709733,0.00641507422551513,0.00708375638350844,0.00782415643334389,0.00549419224262238,0.00668785301968455,0.00707642454653978,
1559.0,0.00719957100227475,0.00736672477796674,0.00674588233232498,0.00664281332865357,0.00566720683127642,0.00611924706026912,0.00654707849025726,0.00700601888820529,0.00667240330949426,0.00751127069815993,0.00645606126636267,0.00675188563764095,0.0073507116176188,0.00781254190951586,0.00723089231178164,0.00700343120843172,0.0066904122941196,0.00760719552636147,0.00758083909749985,0.00720227509737015,0.00592409260571003,0.00733327306807041,0.0056834714487195,0.00753307156264782,0.00762856844812632,0.00773188192397356,0.0069328504614532,0.00665428442880511,0.00554673280566931,0.00666211824864149,0.00624196836724877,0.00661144917830825,0.00812144670635462,0.00739227654412389,0.00696032727137208,0.00758253363892436,0.00665608700364828,0.0060858428478241,0.00563803547993302,0.00633096927776933,0.00696151470765471,0.00709555158391595,0.00641363114118576,0.00708847492933273,0.00781971216201782,0.00549649680033326,0.00669192709028721,0.00707300705835223,
1560.0,0.00720187230035663,0.00735877547413111,0.00674776313826442,0.00664208875969052,0.00566852325573564,0.00611620955169201,0.00654752505943179,0.00700614787638187,0.00667030829936266,0.00750744855031371,0.00645297113806009,0.00675040995702147,0.00734968762844801,0.00780255906283855,0.00722865713760257,0.00699627632275224,0.00668713729828596,0.00760163739323616,0.00757314590737224,0.00720235984772444,0.00592362275347114,0.00732464855536819,0.00568709522485733,0.00752520747482777,0.00762484408915043,0.00772440619766712,0.00692579569295049,0.00664963107556105,0.00554892094805837,0.00666153943166137,0.00623921817168593,0.00661389762535691,0.00811671931296587,0.00738947698846459,0.00695814471691847,0.00757515151053667,0.00665114540606737,0.00608869874849916,0.00563952093943954,0.00632711639627814,0.00696390168741345,0.00709547335281968,0.0064072790555656,0.00708745419979095,0.00781800504773855,0.00549769168719649,0.00669214734807611,0.00706641376018524,
1561.0,0.0071974596939981,0.0073537053540349,0.0067426529712975,0.00663738744333386,0.00566727528348565,0.00611107656732202,0.00654539419338107,0.0070002363063395,0.00666348356753588,0.00750163942575455,0.00644556200131774,0.0067484793253243,0.00734499888494611,0.00779045559465885,0.00722097558900714,0.00698531745001674,0.00667835772037506,0.00758978771045804,0.0075606950558722,0.00719895958900452,0.00591784901916981,0.00731763616204262,0.00568562792614102,0.00751818018034101,0.00761501677334309,0.00771562661975622,0.00691717024892569,0.00664021074771881,0.00554793886840343,0.00665788119658828,0.00623559486120939,0.00660882098600268,0.00810940563678741,0.00738283060491085,0.00694700656458735,0.00757058197632432,0.00664790347218513,0.00608051707968116,0.0056413603015244,0.00631998013705015,0.00696034543216228,0.00709101464599371,0.00640293024480343,0.00708446791395545,0.00781170045956969,0.00549562042579055,0.00669244257733226,0.00706061627715826,
1562.0,0.00718325888738036,0.00733808148652315,0.00673694675788283,0.00663229590281844,0.00566168688237667,0.00610287440940738,0.00653562555089593,0.00698399497196078,0.00665009208023548,0.00749226799234748,0.00643362896516919,0.00673725502565503,0.00733524886891246,0.00777275068685412,0.00720519991591573,0.00697026355192065,0.00666511990129948,0.00757171772420406,0.00754589028656483,0.00719033693894744,0.00590930227190256,0.00730153452605009,0.00568195944651961,0.00750226434320211,0.00759673770517111,0.00770206656306982,0.0069067538715899,0.00662414962425828,0.00554027082398534,0.00664787879213691,0.00622413167729974,0.00659952638670802,0.00809624791145325,0.00736815761774778,0.00693065719678998,0.00756167666986585,0.0066366558894515,0.00607118383049965,0.00563732907176018,0.00630951719358563,0.0069462712854147,0.00708137359470129,0.00639892416074872,0.00707977404817939,0.00780049804598093,0.00548694608733058,0.00668747769668698,0.0070511857047677,
1563.0,0.00716016907244921,0.00731990532949567,0.00672642281278968,0.0066208359785378,0.00565242767333984,0.00609142426401377,0.00651684682816267,0.00696191051974893,0.00663521280512214,0.00747273396700621,0.00642168708145618,0.00671664671972394,0.00731797842308879,0.00774934515357018,0.00718466425314546,0.00695244735106826,0.00665475521236658,0.00755291152745485,0.00753146735951304,0.0071658855304122,0.00589944748207927,0.00728168385103345,0.0056694196537137,0.00748213566839695,0.0075770104303956,0.0076802084222436,0.00689718127250671,0.00660275993868709,0.00552685465663671,0.00663328822702169,0.00620847847312689,0.00658268947154284,0.00807339511811733,0.00734490854665637,0.00690962839871645,0.00754031213000417,0.00662378733977675,0.00605682749301195,0.00562458718195558,0.00629830779507756,0.00693061947822571,0.00705800717696548,0.00638906704261899,0.00706280488520861,0.00778264226391912,0.00547437695786357,0.00667414022609591,0.00703741097822785,
1564.0,0.00713011296465993,0.00729532307013869,0.00670688413083553,0.00659868633374572,0.00563814584165812,0.00607396010309458,0.00649572815746069,0.00693740323185921,0.00661547062918544,0.00744598312303424,0.00640411535277963,0.00669283093884587,0.00729481549933553,0.00772422179579735,0.00715698301792145,0.00692728534340858,0.00663843937218189,0.00752903474494815,0.00750714121386409,0.00713557191193104,0.00588358892127872,0.00725579215213656,0.00565054407343268,0.00745876040309668,0.00754885887727141,0.00765340169891715,0.00687650358304381,0.00657980516552925,0.00551255512982607,0.00661541474983096,0.00619470654055476,0.00655602803453803,0.00804497953504324,0.00731569994240999,0.00687902746722102,0.00751259364187717,0.00660644378513098,0.00603657308965921,0.00560576980933547,0.00628353469073772,0.00691057462245226,0.00702710915356874,0.00637393118813634,0.00703985663130879,0.00775579176843166,0.0054548098705709,0.00665609072893858,0.00701689720153809,
1565.0,0.00709674507379532,0.00725905224680901,0.006675292737782,0.00657055759802461,0.00561395566910505,0.00605236459523439,0.00646833283826709,0.00690765352919698,0.00658842781558633,0.00741429347544909,0.0063850823789835,0.0066634058021009,0.00726113561540842,0.00769183319061995,0.00712276110425591,0.00689419684931636,0.00661369925364852,0.00750101916491985,0.00747193349525332,0.00710285780951381,0.00586256291717291,0.00722379237413406,0.0056219631806016,0.00742643559351563,0.00751416059210896,0.00761622935533524,0.0068441778421402,0.00655031530186534,0.00549694476649165,0.0065866713412106,0.00617203023284674,0.00652280356734991,0.00800944119691849,0.00728283263742924,0.00684867007657886,0.00748000293970108,0.00657940749078989,0.00601754942908883,0.00558085320517421,0.00626350892707706,0.00688247662037611,0.00699842302128673,0.00635135173797607,0.00700867874547839,0.00772119965404272,0.00542780570685863,0.00662959786131978,0.00699046859517694,
1566.0,0.00705871358513832,0.00721881631761789,0.00663531012833118,0.00653784489259124,0.00558477407321334,0.00602630013599992,0.00643178401514888,0.00687228934839368,0.00655366899445653,0.00737285614013672,0.00635645538568497,0.00662978878244758,0.00721744727343321,0.00764708500355482,0.00708640506491065,0.00685722380876541,0.00658506341278553,0.00746542355045676,0.00742853479459882,0.00706213107332587,0.00583562441170216,0.00718617904931307,0.00558471027761698,0.00739041529595852,0.00747616961598396,0.00756879011169076,0.00680598802864552,0.00651093432679772,0.00547458883374929,0.00655159540474415,0.0061437408439815,0.00648143980652094,0.00795996934175491,0.00724149635061622,0.00681413104757667,0.00743523985147476,0.00654545705765486,0.00598679063841701,0.00555230863392353,0.00623911432921886,0.00684536807239056,0.00696142902597785,0.00631775846704841,0.00697067985311151,0.00767687754705548,0.00539950048550963,0.00659518223255873,0.00695761619135737,
1567.0,0.00701441941782832,0.00717470282688737,0.00659191096201539,0.00649774773046374,0.00555350771173835,0.00599421607330441,0.00639264890924096,0.00682919984683394,0.0065134703181684,0.00732462154701352,0.00631652912124991,0.00658892188221216,0.00716589577496052,0.00759593024849892,0.00704491743817925,0.00681286118924618,0.00654241861775517,0.00741818873211741,0.00737461447715759,0.00701712816953659,0.00580585096031427,0.00713738892227411,0.00554972188547254,0.00734508875757456,0.00742582883685827,0.00751876970753074,0.00676282960921526,0.00647057918831706,0.00544161908328533,0.00650897342711687,0.00611182162538171,0.00643484853208065,0.00790432654321194,0.00719713512808084,0.00677116867154837,0.00738366087898612,0.00650488212704659,0.00594428088515997,0.00552472472190857,0.00620422419160604,0.00679825339466333,0.00691686756908894,0.0062802261672914,0.00692832749336958,0.00762120261788368,0.00536706112325192,0.00655601127073169,0.00691130524501204,
1568.0,0.00696854712441564,0.00712697999551892,0.00654141837731004,0.00645543541759253,0.00551621895283461,0.00595612172037363,0.00634888652712107,0.00677702063694596,0.00646729720756412,0.00727468729019165,0.0062728226184845,0.00654242374002934,0.00711093982681632,0.00753957685083151,0.00699342135339975,0.00675997277721763,0.00649249227717519,0.00736148282885551,0.00731692463159561,0.00696521485224366,0.00576826790347695,0.00708672776818275,0.00551236514002085,0.00729279546067119,0.00737244635820389,0.007468122523278,0.00671824952587485,0.00642662541940808,0.00540474988520145,0.0064579201862216,0.00607506325468421,0.00638506887480617,0.00784254353493452,0.00714824395254254,0.00672632036730647,0.00733244000002742,0.00645668851211667,0.00590195925906301,0.00549149606376886,0.00615910347551107,0.0067483433522284,0.00687229633331299,0.00623720232397318,0.00688016507774591,0.0075626908801496,0.00532576069235802,0.0065107992850244,0.00686210347339511,
1569.0,0.00692236237227917,0.00707623781636357,0.00649693096056581,0.0064128446392715,0.00547938048839569,0.00591783551499248,0.00630729040130973,0.0067292177118361,0.00642101652920246,0.00722268875688314,0.00623163906857371,0.00649784319102764,0.00706154620274901,0.00748460832983255,0.00694201234728098,0.00670889019966125,0.00644420646131039,0.00730886915698648,0.00726147694513202,0.00691558932885528,0.00573199614882469,0.00703918235376477,0.00547675136476755,0.00724094035103917,0.00732187228277326,0.00741721130907536,0.00667144451290369,0.00638214824721217,0.00536824064329267,0.00641492381691933,0.00603693258017302,0.00634342757984996,0.00778381107375026,0.00709897791966796,0.00667990371584892,0.00728007173165679,0.00641123717650771,0.0058629852719605,0.00545722059905529,0.00611897511407733,0.00669784331694245,0.0068233935162425,0.00619469303637743,0.00683516915887594,0.00750764552503824,0.00528945913538337,0.00646782806143165,0.00681459717452526,
1570.0,0.0068686162121594,0.00701767764985561,0.00644897855818272,0.00636301608756185,0.00543650146573782,0.00586976204067469,0.00626051053404808,0.00667242566123605,0.00636532017961144,0.00715951109305024,0.00618247501552105,0.00644564488902688,0.00700724823400378,0.00742040714249015,0.00688250036910176,0.00665139826014638,0.00638387864455581,0.00724779581651092,0.00720191700384021,0.00685865618288517,0.00569024542346597,0.00698460219427943,0.00543871754780412,0.00717749120667577,0.00726455822587013,0.00736051239073277,0.00661735748872161,0.00633205892518163,0.00532044377177954,0.00637080566957593,0.0059901406057179,0.00630156090483069,0.00771463615819812,0.00703974766656756,0.00662386836484075,0.00721928896382451,0.00635856203734875,0.00581697653979063,0.00541682308539748,0.00607263529673219,0.00663712061941624,0.00676135485991836,0.00614558812230825,0.00678520975634456,0.00744363153353333,0.00525062810629606,0.00641705561429262,0.00675597786903381,
1571.0,0.00682273646816611,0.00697120046243072,0.00641220435500145,0.00632372917607427,0.00540523882955313,0.00583443138748407,0.00622505787760019,0.00662955548614264,0.00632598111405969,0.00711268559098244,0.00614366214722395,0.00640496052801609,0.0069651766680181,0.00737000582739711,0.00683586485683918,0.00660749664530158,0.00634359242394567,0.0071994592435658,0.00715154409408569,0.00681261345744133,0.00565642211586237,0.00694325938820839,0.00540965935215354,0.00713017489761114,0.00722003681585193,0.0073129259981215,0.0065771508961916,0.00629285862669349,0.00528960581868887,0.00633401516824961,0.00595709076151252,0.0062655434012413,0.00766437407582998,0.00699373194947839,0.00658357935026288,0.00717167789116502,0.00631858082488179,0.00578609015792608,0.0053867045789957,0.00603632489219308,0.0065920390188694,0.00671833613887429,0.00610997574403882,0.00674381060525775,0.00739581044763327,0.00521822040900588,0.00637780828401446,0.00671356916427612,
1572.0,0.00677523529157043,0.0069199213758111,0.00637827115133405,0.00628445390611887,0.00537293124943972,0.00579909607768059,0.00619181618094444,0.00659055961295962,0.00628671376034617,0.00706665823236108,0.00610670493915677,0.00636490527540445,0.00692682573571801,0.00731914537027478,0.00678450148552656,0.00656109070405364,0.00630734767764807,0.00715188076719642,0.00709704868495464,0.00676556723192334,0.00561995431780815,0.00690650241449475,0.00538045493885875,0.00708353379741311,0.00717656593769789,0.0072627067565918,0.00653620762750506,0.00625063525512815,0.00526041630655527,0.00629857974126935,0.00592333124950528,0.00623350404202938,0.00761976605281234,0.00694867828860879,0.00654528383165598,0.00712376460433006,0.00627958634868264,0.00576179334893823,0.00535330502316356,0.0060006738640368,0.00654739746823907,0.00667774537578225,0.00607385439798236,0.00670134602114558,0.0073530194349587,0.00518523715436459,0.00634047947824001,0.00667623383924365,
1573.0,0.00674616871401668,0.00689070206135511,0.00635675666853786,0.006258983630687,0.00535491202026606,0.00577987032011151,0.00616776943206787,0.00656245276331902,0.00626579159870744,0.00703897187486291,0.00608345866203308,0.0063402890227735,0.00690325908362865,0.007288817781955,0.0067577064037323,0.0065349037759006,0.00628520920872688,0.00712104793637991,0.00706656370311975,0.00673772487789392,0.00559922913089395,0.00688079418614507,0.0053645046427846,0.00705547910183668,0.00715137366205454,0.00723327975720167,0.00651028472930193,0.00622743554413319,0.00525012193247676,0.00627579586580396,0.00590423028916121,0.00621184846386313,0.00758828781545162,0.00691888434812427,0.00651985639706254,0.00709441816434264,0.00625580921769142,0.00574612570926547,0.00533791724592447,0.00597813213244081,0.00651978375390172,0.00665070675313473,0.00605297274887562,0.00667666457593441,0.00732472632080317,0.00516551872715354,0.00631461525335908,0.00665085343644023,
1574.0,0.00672136247158051,0.00687278062105179,0.00634058983996511,0.00623762747272849,0.00534568587318063,0.00576738175004721,0.00614813482388854,0.00653846841305494,0.00625768397003412,0.00702059688046575,0.00606233207508922,0.00632168492302299,0.00688672438263893,0.0072682430036366,0.00674540735781193,0.00652277749031782,0.00627315975725651,0.00709534017369151,0.00704512093216181,0.00671704858541489,0.00558472331613302,0.00686101149767637,0.00535705126821995,0.00703600747510791,0.00713555002585053,0.00721139740198851,0.00649667764082551,0.00621490413323045,0.00525356689468026,0.00625712098553777,0.00589535152539611,0.00619160570204258,0.00756362266838551,0.00689481850713491,0.00650296173989773,0.00707218889147043,0.006238944362849,0.00573830958455801,0.00533312140032649,0.00595984002575278,0.00650220783427358,0.00663272337988019,0.00604369910433888,0.00665814569219947,0.00730327516794205,0.00515001500025392,0.00629038689658046,0.00663076294586062,
1575.0,0.00671564554795623,0.00686857383698225,0.00634270021691918,0.00623608427122235,0.00534712243825197,0.00576911214739084,0.00614505959674716,0.0065338141284883,0.00625857664272189,0.00701919663697481,0.00606184452772141,0.00631891656666994,0.00688446452841163,0.0072626443579793,0.00674148229882121,0.00651942892000079,0.00627496745437384,0.00709012802690268,0.00704535422846675,0.0067128399387002,0.00558276148512959,0.00685510272160172,0.00535810552537441,0.00703505286946893,0.00713184289634228,0.00720572797581553,0.00649002427235246,0.00621418515220284,0.00526006892323494,0.00625506695359945,0.00589506793767214,0.00618854397907853,0.00755948619917035,0.00688821170479059,0.00649834657087922,0.0070699155330658,0.00623739929869771,0.0057391244918108,0.00533561408519745,0.0059581701643765,0.00649918708950281,0.00662855617702007,0.00604171399027109,0.00665664207190275,0.00730011705309153,0.00514792464673519,0.00628909887745976,0.00662901997566223,
1576.0,0.00672599719837308,0.0068783825263381,0.00635921908542514,0.00624776352196932,0.00535721145570278,0.00578696141019464,0.0061501283198595,0.00653956644237041,0.00627107080072165,0.0070336852222681,0.00607807328924537,0.00633037183433771,0.00689609674736857,0.00727356784045696,0.00674973707646132,0.00652686506509781,0.00628940900787711,0.00710180355235934,0.00706822145730257,0.00672597764059901,0.00559199042618275,0.0068585341796279,0.00536841433495283,0.00705093564465642,0.00714167300611734,0.00721731828525662,0.00648730620741844,0.00622674403712153,0.00527975242584944,0.00626473687589169,0.00590204121544957,0.00619941717013717,0.00757032260298729,0.00689474539831281,0.00650150235742331,0.00708641530945897,0.0062480135820806,0.00574615318328142,0.00534924631938338,0.00596887758001685,0.00651037925854325,0.00663507636636496,0.00604574289172888,0.00667054485529661,0.00731180608272552,0.00515795918181539,0.00630362657830119,0.00664164870977402,
1577.0,0.00674926629289985,0.00689892563968897,0.00638138270005584,0.00627111038193107,0.00537922047078609,0.00580569915473461,0.00616963533684611,0.00656377384439111,0.00629156501963735,0.00705561460927129,0.00610214564949274,0.00635026814416051,0.0069180759601295,0.00729491747915745,0.00677004549652338,0.00654488848522305,0.00631163315847516,0.00712373107671738,0.00709318090230227,0.00674576824530959,0.00561107927933335,0.00687673175707459,0.0053858021274209,0.00707547040656209,0.00716359587386251,0.00723798712715507,0.00650283880531788,0.00624620309099555,0.00530162407085299,0.00628673937171698,0.00592291681095958,0.00621824339032173,0.00759206153452396,0.00691467989236116,0.00652104569599032,0.00710944086313248,0.00627061584964395,0.0057677710428834,0.00536748673766851,0.00599022628739476,0.00653013819828629,0.00665377173572779,0.00606476468965411,0.00669388053938746,0.0073358160443604,0.00517462519928813,0.0063264137133956,0.00666349707171321,
1578.0,0.00678963772952557,0.00693439831957221,0.00642106542363763,0.00631507718935609,0.00541794439777732,0.00583288166671991,0.00620824098587036,0.00661363964900374,0.00632492918521166,0.00709521025419235,0.00614272383973002,0.00638368725776672,0.00695374514907599,0.00733139598742127,0.00680327555164695,0.00657571386545897,0.00635068351402879,0.00716458261013031,0.00713577680289745,0.00677878642454743,0.00564284715801477,0.00690986588597298,0.00541191454976797,0.00711852824315429,0.00719895679503679,0.00727133313193917,0.00653353566303849,0.00627956772223115,0.00532631343230605,0.00632633967325091,0.0059594321064651,0.00624995538964868,0.00763361202552915,0.00695259915664792,0.00655932445079088,0.00714971544221044,0.00631170487031341,0.00580219365656376,0.00539303384721279,0.00602790154516697,0.00656395871192217,0.00668854685500264,0.00609837239608169,0.00673263426870108,0.00737901637330651,0.00520387245342135,0.00636875722557306,0.00670135160908103,
1579.0,0.00682945735752583,0.00697500072419643,0.00645589362829924,0.00635437807068229,0.00545258773490787,0.00586714316159487,0.00624596467241645,0.00665139174088836,0.00635956600308418,0.00713195232674479,0.00618217326700687,0.00642081582918763,0.00699317036196589,0.00736894831061363,0.00684149563312531,0.00661080842837691,0.00638765981420875,0.00720341131091118,0.00717319920659065,0.00681511964648962,0.00567675335332751,0.00694845337420702,0.00544423097744584,0.00715845171362162,0.00723800947889686,0.00731129292398691,0.00656881416216493,0.00631125317886472,0.00535832345485687,0.00636434275656939,0.00599431758746505,0.0062834327109158,0.00767613667994738,0.00699103996157646,0.00659585418179631,0.00718855345621705,0.0063482434488833,0.00583860464394093,0.00542497634887695,0.00606438750401139,0.00660033151507378,0.00672734761610627,0.00613364577293396,0.00677192164584994,0.00742109911516309,0.00523235602304339,0.00640774331986904,0.0067404885776341,
1580.0,0.00688741402700543,0.00703530013561249,0.00649503106251359,0.00640438590198755,0.00549670215696096,0.00591102801263332,0.00629844795912504,0.00670067174360156,0.00640494283288717,0.00717846304178238,0.00623440416529775,0.00647182483226061,0.00704993540421128,0.00742245139554143,0.00689936755225062,0.00666141323745251,0.00643307808786631,0.00725519191473722,0.00721635622903705,0.00686493562534451,0.0057241041213274,0.00700742471963167,0.00548797566443682,0.00721069378778338,0.00729636009782553,0.00737148383632302,0.00662316009402275,0.0063506648875773,0.00540282158181071,0.00641613965854049,0.00604206044226885,0.00632819253951311,0.00773232569918036,0.00704501802101731,0.00664902338758111,0.00723705207929015,0.00639779912307858,0.00589302694424987,0.00546727236360312,0.00611476134508848,0.00664920033887029,0.00678050890564919,0.00618455139920115,0.00682588666677475,0.00747712748125196,0.00526972441002727,0.00645515648648143,0.00679286383092403,
1581.0,0.00693392753601074,0.00707828532904387,0.0065348451025784,0.00644872477278113,0.00553577253594995,0.00595042388886213,0.00633909739553928,0.00674247462302446,0.00644541764631867,0.00722061330452561,0.00627709459513426,0.00651568500325084,0.00709397159516811,0.00746630411595106,0.00694290874525905,0.00670293206349015,0.00647338991984725,0.00729997642338276,0.00725793140009046,0.00690836133435369,0.00576407788321376,0.00705227581784129,0.00552747631445527,0.00725365243852139,0.00734142819419503,0.00741636147722602,0.00666697416454554,0.00638904562219977,0.00544184679165483,0.00645935488864779,0.00608184887096286,0.00637010065838695,0.00778024038299918,0.00709083583205938,0.00668861577287316,0.00728221656754613,0.00643659802153707,0.00593346497043967,0.00550714926794171,0.00615433417260647,0.00669310055673122,0.00682647526264191,0.00622699456289411,0.0068700616247952,0.00752608617767692,0.00530213071033359,0.00649806996807456,0.00683727487921715,
1582.0,0.00698290579020977,0.00712361093610525,0.00658155558630824,0.00649756332859397,0.00557793444022536,0.00600111670792103,0.00638321693986654,0.00678018294274807,0.00649178773164749,0.00726885395124555,0.00632248120382428,0.00656859716400504,0.00714179594069719,0.00751105649396777,0.00698883831501007,0.00675249844789505,0.00651751877740026,0.00734902778640389,0.00730486353859305,0.00695871142670512,0.00580903282389045,0.00710111297667027,0.00557830464094877,0.00729909632354975,0.0073892492800951,0.00746612017974257,0.00671632774174213,0.00643317680805922,0.00548652186989784,0.00650337198749185,0.0061223991215229,0.00641994038596749,0.00783897656947374,0.00714287022128701,0.00672743143513799,0.00733561161905527,0.00647303042933345,0.005975182633847,0.00555655127391219,0.00619502551853657,0.00674819480627775,0.00688377069309354,0.00627436302602291,0.00691764336079359,0.007581552490592,0.00533722853288054,0.00654926197603345,0.00688901823014021,
1583.0,0.00702046835795045,0.00715982262045145,0.00661831302568316,0.00653506442904472,0.00560965621843934,0.00603754539042711,0.00641681160777807,0.00681515736505389,0.00652803992852569,0.00730327796190977,0.00635868450626731,0.00660501141101122,0.00717851147055626,0.00755199091508985,0.00702514173462987,0.00678541278466582,0.00655597914010286,0.00738921156153083,0.00734268315136433,0.0069973967038095,0.00584421446546912,0.00713952025398612,0.00561154261231422,0.00733563164249063,0.00742649892345071,0.00750304479151964,0.00675512757152319,0.00646793795749545,0.00552129466086626,0.00654300348833203,0.00615728879347444,0.00645763566717505,0.00787804927676916,0.00718134269118309,0.00676050176844001,0.00737475184723735,0.0065077617764473,0.00600726529955864,0.00559393502771854,0.00622925162315369,0.00678342441096902,0.00692169740796089,0.00630909018218517,0.00695579638704658,0.00762216979637742,0.00536690652370453,0.00658598216250539,0.0069270022213459,
1584.0,0.00705557223409414,0.00718460371717811,0.00665578106418252,0.0065707671456039,0.00563878146931529,0.0060666655190289,0.00644203973934054,0.0068525830283761,0.00656159268692136,0.00733167817816138,0.00639144983142614,0.00663486775010824,0.00720925442874432,0.00759546179324389,0.00705594010651112,0.00680920388549566,0.0065947980619967,0.00742892315611243,0.00738191325217485,0.00703280605375767,0.00587779795750976,0.00717191724106669,0.0056374971754849,0.00736817065626383,0.00745826959609985,0.00753064407035708,0.00679190643131733,0.00650537433102727,0.00555395521223545,0.00658509694039822,0.00619313074275851,0.0064951628446579,0.00790719408541918,0.00721560837700963,0.00679007172584534,0.00741254631429911,0.00654248567298055,0.00603128178045154,0.00563168385997415,0.00625886581838131,0.00680890958756208,0.00695219403132796,0.00633889576420188,0.00699143065139651,0.00766013143584132,0.00539731746539474,0.00661677774041891,0.00696023041382432,
1585.0,0.00707940058782697,0.00721134664490819,0.00668303202837706,0.00659599713981152,0.00566213391721249,0.00609355373308063,0.00646558916196227,0.00688249384984374,0.00658968789502978,0.00735889421775937,0.00641595898196101,0.00665917061269283,0.00723378686234355,0.00762612512335181,0.00708154402673244,0.0068316487595439,0.0066232462413609,0.00745713710784912,0.00740841683000326,0.00706177856773138,0.00590195925906301,0.00719837239012122,0.00566022284328938,0.00739340856671333,0.00748432334512472,0.00755455484613776,0.00681855855509639,0.00653050234541297,0.0055795474909246,0.00661230692639947,0.00621944200247526,0.00652190065011382,0.00793173536658287,0.00724317086860538,0.00681293196976185,0.00743864290416241,0.00656840857118368,0.00605431385338306,0.00565609894692898,0.00628422619774938,0.00683547789230943,0.0069761504419148,0.00636388547718525,0.00701721291989088,0.00768689578399062,0.00541875092312694,0.00664191646501422,0.00698466598987579,
1586.0,0.0070880358107388,0.00724056921899319,0.00670036859810352,0.00660550454631448,0.00567448697984219,0.00611469801515341,0.00648341281339526,0.00690606096759439,0.00661136489361525,0.00737766502425075,0.00643240008503199,0.00667123403400183,0.00724763330072165,0.00765002705156803,0.00710255280137062,0.0068435724824667,0.00664539821445942,0.00747584039345384,0.0074238614179194,0.00708372704684734,0.00591496657580137,0.00722018256783485,0.0056736133992672,0.00740959076210856,0.00750011438503861,0.00756996078416705,0.0068338536657393,0.00654324190691113,0.00559808546677232,0.00663016783073545,0.00623731268569827,0.00653627701103687,0.00794188026338816,0.00726078543812037,0.00682800775393844,0.00744960224255919,0.00658778520300984,0.00607136217877269,0.00566766411066055,0.00630480935797095,0.00685154600068927,0.0069862138479948,0.00637856777757406,0.00703276740387082,0.00769752869382501,0.00543279433622956,0.00665660388767719,0.00699611799791455,
1587.0,0.00710182171314955,0.00725783873349428,0.00671718036755919,0.00662511773407459,0.00569099932909012,0.00613449700176716,0.00650074658915401,0.00692497519776225,0.00662943394854665,0.00739729451015592,0.0064464807510376,0.00668707862496376,0.00726571539416909,0.00766949588432908,0.00711605604737997,0.00685879169031978,0.00666436832398176,0.00749273039400578,0.00743893068283796,0.00710188737139106,0.00593103794381022,0.00723502179607749,0.00568583887070417,0.00742685794830322,0.00751953106373549,0.00758778350427747,0.00685178721323609,0.00655782222747803,0.00561369769275188,0.00664694095030427,0.00625484809279442,0.00655322708189487,0.00795872323215008,0.00727683119475842,0.0068447170779109,0.00746480468660593,0.00660757999867201,0.00608780002221465,0.00568231847137213,0.00632327562198043,0.00687018176540732,0.00699926912784576,0.00639626942574978,0.00704893423244357,0.00771393906325102,0.00544776767492294,0.00667252112179995,0.00701240915805101,
1588.0,0.00710996566340327,0.00726582063362002,0.0067256735637784,0.0066449879668653,0.00570516381412745,0.00615124450996518,0.00651449058204889,0.00693775340914726,0.00664093205705285,0.00741794100031257,0.00644824979826808,0.00669963145628572,0.00727910501882434,0.00767643563449383,0.00711455335840583,0.00687452452257276,0.00667193857952952,0.00749854044988751,0.00744393514469266,0.00711302226409316,0.00594076886773109,0.00723641598597169,0.005693718791008,0.007438940461725,0.00753525272011757,0.00760111305862665,0.00686344457790256,0.00656411051750183,0.00562070542946458,0.00665140431374311,0.00626519042998552,0.0065662139095366,0.00797546654939651,0.00728837819769979,0.0068551697768271,0.00747419148683548,0.00662066834047437,0.0061008264310658,0.00568703655153513,0.00633518164977431,0.0068926434032619,0.00700657302513719,0.00641264673322439,0.00705549726262689,0.00772486301138997,0.00545665062963963,0.00668323878198862,0.00702202599495649,
1589.0,0.00712121557444334,0.00727505749091506,0.00674009649083018,0.00666093779727817,0.00572262611240149,0.00616523344069719,0.00652809021994472,0.00695183780044317,0.00665553566068411,0.00743498234078288,0.00646155327558517,0.00671385833993554,0.00729528674855828,0.00768906390294433,0.00712708756327629,0.00688734371215105,0.00668607419356704,0.00751059362664819,0.00745472218841314,0.0071253445930779,0.0059545892290771,0.0072469967417419,0.00570393074303865,0.00745115289464593,0.00755264097824693,0.00761584425345063,0.00687625771388412,0.00657684449106455,0.00563402753323317,0.00666209030896425,0.00627771951258183,0.00657691480591893,0.00798885896801949,0.00729787163436413,0.00686986558139324,0.00748530775308609,0.00663627265021205,0.00611579837277532,0.00570002105087042,0.00635079527273774,0.00690794829279184,0.00701850512996316,0.00642743799835444,0.00706893717870116,0.00774001190438867,0.00546699948608875,0.00669843330979347,0.00703690014779568,
1590.0,0.00713386479765177,0.00727395107969642,0.00675632059574127,0.00668050022795796,0.00574378110468388,0.00617533689364791,0.00653985468670726,0.0069604329764843,0.00666626496240497,0.00744519243016839,0.00647800741717219,0.00672717066481709,0.00731591507792473,0.0077018141746521,0.00714042596518993,0.00689603015780449,0.00670055439695716,0.00752335228025913,0.00746551342308521,0.00713400030508637,0.00597224198281765,0.00725462380796671,0.00570941902697086,0.00746204890310764,0.00757176242768765,0.00763362972065806,0.00688835047185421,0.0065911328420043,0.00564482947811484,0.00667402287945151,0.00628707325085998,0.00658349273726344,0.00800000596791506,0.00729801598936319,0.00688898423686624,0.00749421725049615,0.00665388349443674,0.00612997775897384,0.00571863353252411,0.00636683171615005,0.00691747898235917,0.0070309997536242,0.00644001131877303,0.00708439154550433,0.00775759853422642,0.00547671085223556,0.00671186204999685,0.00705758156254888,
1591.0,0.00714559992775321,0.00728147616609931,0.00676865177229047,0.0066934977658093,0.00575755955651402,0.00618580402806401,0.00655194325372577,0.00697084795683622,0.00667846808210015,0.00745933270081878,0.00649309251457453,0.00674112560227513,0.00733131682500243,0.00771250948309898,0.00715458765625954,0.00690772058442235,0.00671560782939196,0.00753417238593102,0.00747609930112958,0.00714065320789814,0.00598474871367216,0.00726658385246992,0.00571911409497261,0.0074729504995048,0.00758795719593763,0.00764470873400569,0.00690153194591403,0.00660556647926569,0.00565863260999322,0.0066856206394732,0.00630138115957379,0.00659261783584952,0.00801274087280035,0.00730711407959461,0.00690130097791553,0.00750785320997238,0.00666900770738721,0.00614243419840932,0.00573240546509624,0.00638103950768709,0.00692510511726141,0.00704309158027172,0.00645186845213175,0.0070990021340549,0.00777161167934537,0.00548690650612116,0.0067278346978128,0.00707101216539741,
1592.0,0.00716089271008968,0.00729479128494859,0.00678439484909177,0.00669801235198975,0.00577303487807512,0.00619540130719543,0.00656517315655947,0.00698607740923762,0.00669557554647326,0.00747867114841938,0.00651760539039969,0.00676067918539047,0.00734607176855206,0.00772206392139196,0.00718425121158361,0.00692350277677178,0.00673543661832809,0.00754830846562982,0.00748986750841141,0.00714516686275601,0.00599494064226747,0.00728940404951572,0.00573607068508863,0.00748290447518229,0.00760598480701447,0.00765136675909162,0.00691803824156523,0.00662733986973763,0.00568331265822053,0.00669955695047975,0.00632250914350152,0.00660054897889495,0.00802595727145672,0.00732113886624575,0.00691182631999254,0.00752627151086926,0.00668301526457071,0.00615876587107778,0.00574773503467441,0.00639922171831131,0.00692946184426546,0.0070598442107439,0.00646379915997386,0.0071168951690197,0.0077889091335237,0.00549680413678288,0.0067525589838624,0.00708366697654128,
1593.0,0.00716680893674493,0.0073035815730691,0.00679118651896715,0.00670471508055925,0.00578030152246356,0.00620092730969191,0.00657316111028194,0.00699300039559603,0.00670594768598676,0.00748782185837626,0.00652881246060133,0.00676851021125913,0.00735521549358964,0.00773041229695082,0.00719456002116203,0.00692996988072991,0.00674637965857983,0.00755529012531042,0.00749816792085767,0.00715109752491117,0.00600456027314067,0.00730008212849498,0.00574347982183099,0.00749092036858201,0.00761590339243412,0.00765799218788743,0.00692480523139238,0.00663705077022314,0.00569285405799747,0.0067065516486764,0.00633262796327472,0.00660802144557238,0.0080335009843111,0.00732916919514537,0.00691933091729879,0.00753752328455448,0.00669380556792021,0.00616589933633804,0.00575692066922784,0.00640722922980785,0.00693315593525767,0.00706832157447934,0.00647236173972487,0.00712991645559669,0.00779648730531335,0.00550596974790096,0.0067636426538229,0.00709224818274379,
1594.0,0.00717260036617517,0.00731861218810081,0.00679154554381967,0.00671558175235987,0.00577892828732729,0.00620753318071365,0.00658369669690728,0.00699973432347178,0.0067173414863646,0.00749746337532997,0.00653574941679835,0.00677482038736343,0.00736457668244839,0.00774356722831726,0.00719654187560081,0.0069371541030705,0.00675938883796334,0.00756175303831697,0.00750970374792814,0.00715956743806601,0.00601697107776999,0.00731213949620724,0.00574784586206079,0.00750343734398484,0.00762605993077159,0.00766619574278593,0.00693411659449339,0.00664299027994275,0.00569732114672661,0.00671508442610502,0.00634417636319995,0.00662224972620606,0.00804510712623596,0.00734535604715347,0.00692735053598881,0.00755674112588167,0.00670731719583273,0.00616702949628234,0.00576479686424136,0.00641050422564149,0.00693615712225437,0.0070744133554399,0.00648426869884133,0.00714831985533237,0.00780062656849623,0.00552093563601375,0.00677271746098995,0.00709847919642925,
1595.0,0.00716660777106881,0.00731881987303495,0.00678840652108192,0.00671460246667266,0.0057758642360568,0.00620490591973066,0.00658158119767904,0.0069941533729434,0.00671616289764643,0.00749462656676769,0.00653376616537571,0.00677090743556619,0.00736129516735673,0.00774135254323483,0.00719059025868773,0.00693349353969097,0.00675894692540169,0.00755639560520649,0.00750712398439646,0.00715758977457881,0.00601667771115899,0.00730926962569356,0.0057485275901854,0.00750378705561161,0.00762246735394001,0.00766230281442404,0.00692861620336771,0.00664239237084985,0.00569625804200768,0.00671401247382164,0.00634585926309228,0.00662256916984916,0.00804361701011658,0.00734453089535236,0.00692343944683671,0.00755595648661256,0.00670844875276089,0.00616591237485409,0.00576450629159808,0.00640841946005821,0.00693222368136048,0.007074233610183,0.00648243678733706,0.00714822439476848,0.00779726821929216,0.00552330259233713,0.00677342200651765,0.00709760002791882,
1596.0,0.00714793615043163,0.00731459865346551,0.00678390311077237,0.00670968228951097,0.00576963275671005,0.00619599875062704,0.00657286727800965,0.00697798561304808,0.00670838356018066,0.00747937336564064,0.00652141682803631,0.00675415061414242,0.00735057238489389,0.00773322163149714,0.0071718473918736,0.00691873766481876,0.00674927514046431,0.00754434568807483,0.00749667594209313,0.00715752271935344,0.0060119447298348,0.00729557033628225,0.00574638694524765,0.00750040449202061,0.00760774873197079,0.00765502639114857,0.00690652523189783,0.00663467776030302,0.00568599067628384,0.0067039430141449,0.00633791740983725,0.00661725644022226,0.00803480111062527,0.00733331497758627,0.00691450526937842,0.00754308328032494,0.00670619169250131,0.00616302713751793,0.00576092442497611,0.00639996351674199,0.00692697195336223,0.00707185128703713,0.00646996777504683,0.00713788159191608,0.0077876690775156,0.00551931094378233,0.0067649302072823,0.0070947203785181,
1597.0,0.00713048875331879,0.00729885278269649,0.00676957983523607,0.0066971150226891,0.00575957447290421,0.00618274975568056,0.00655629299581051,0.00696162972599268,0.00669366447255015,0.00746434042230248,0.00650893244892359,0.00673812488093972,0.00733364094048738,0.00771894352510571,0.00715403445065022,0.00690242275595665,0.00673270504921675,0.00752575136721134,0.00748044531792402,0.00714382296428084,0.0060017672367394,0.00727615458890796,0.00573751283809543,0.00748609099537134,0.00758988736197352,0.00764006283134222,0.00688753370195627,0.00662099616602063,0.00567315518856049,0.00669164024293423,0.00632463674992323,0.0066050193272531,0.00801664963364601,0.00731697492301464,0.00689835846424103,0.00752320373430848,0.00669167935848236,0.00615123892202973,0.0057481830008328,0.00638621207326651,0.00691410759463906,0.00705889193341136,0.00645835930481553,0.0071227764710784,0.00777026452124119,0.00551172578707337,0.00675076385959983,0.00708222482353449,
1598.0,0.00710478192195296,0.00726347789168358,0.00674307765439153,0.00666909199208021,0.00574350822716951,0.00615976937115192,0.00652249995619059,0.00693216221407056,0.00666219228878617,0.00744179310277104,0.00648525916039944,0.00671451771631837,0.00730294594541192,0.00768935354426503,0.00712828384712338,0.00687874155119061,0.00669927662238479,0.0074908216483891,0.00744921853765845,0.00710988789796829,0.00597841152921319,0.00724033173173666,0.00572231132537127,0.0074555235914886,0.0075586698949337,0.00760994851589203,0.0068593299947679,0.00659875851124525,0.00565440766513348,0.00667194277048111,0.00630329037085176,0.00657807849347591,0.00798339676111937,0.00728702591732144,0.00686616729944944,0.00748383766040206,0.00665890518575907,0.00613108277320862,0.00571917649358511,0.00636452808976173,0.00688915746286511,0.00703595532104373,0.00643748231232166,0.00708921439945698,0.00774027220904827,0.00549495127052069,0.00672497600317001,0.00705528212711215,
1599.0,0.00708249863237143,0.00723872520029545,0.00672238413244486,0.00664908811450005,0.00572790438309312,0.00614059716463089,0.00649871304631233,0.00691126706078649,0.00664007570594549,0.00741881970316172,0.00646900665014982,0.00669427495449781,0.00727520557120442,0.00766284763813019,0.00710449041798711,0.00685549108311534,0.00667471624910831,0.00746446428820491,0.00742315640673041,0.00708555243909359,0.00595734175294638,0.00721172522753477,0.00570638990029693,0.00743143679574132,0.00753261847421527,0.00758444238454103,0.00683710351586342,0.00657801609486341,0.00563594931736588,0.00665218010544777,0.00628193654119968,0.00655845692381263,0.00795594975352287,0.00726072071120143,0.00683963019400835,0.0074542430229485,0.00663448823615909,0.00611204048618674,0.0057006049901247,0.00634441524744034,0.00686875823885202,0.00701153185218573,0.0064183478243649,0.00706479465588927,0.00771532021462917,0.00547868944704533,0.00670508528128266,0.00703416764736176,
1600.0,0.00705590983852744,0.00720519619062543,0.00669122580438852,0.00662277545779943,0.00570548698306084,0.00611409777775407,0.00646981690078974,0.00689222291111946,0.00661299144849181,0.00738842692226171,0.0064557190053165,0.00666980119422078,0.00723509583622217,0.00763024110347033,0.00707711279392242,0.00682267360389233,0.00664209900423884,0.00743229547515512,0.00739154452458024,0.00705513544380665,0.00592729542404413,0.00717497244477272,0.00567869748920202,0.00739718182012439,0.00749955885112286,0.00755157042294741,0.006812515668571,0.00654492666944861,0.00560245150700212,0.00662346743047237,0.00624669902026653,0.00653591845184565,0.00791758019477129,0.00722562381997705,0.00680614961311221,0.00741581292822957,0.0065986942499876,0.00607973709702492,0.00567777128890157,0.0063140420243144,0.006844662129879,0.00696857366710901,0.00639832392334938,0.007038080599159,0.00768247758969665,0.00545433862134814,0.00667729834094644,0.00700785638764501,
1601.0,0.00703795300796628,0.00718419440090656,0.00667249457910657,0.00660678092390299,0.00569045031443238,0.00609756587073207,0.00644947635009885,0.00687556713819504,0.00659536989405751,0.00736666144803166,0.00644009979441762,0.00665197987109423,0.00721164001151919,0.00760542834177613,0.00705518573522568,0.00680174631997943,0.00662276986986399,0.00741036934778094,0.00736724678426981,0.00703324051573873,0.00591122871264815,0.00715114828199148,0.0056620086543262,0.00737489992752671,0.00747770490124822,0.00752844708040357,0.00679559540003538,0.00652594957500696,0.00559004629030824,0.00660661561414599,0.0062255528755486,0.00651606265455484,0.00789045635610819,0.00720038916915655,0.006783377379179,0.00739142997190356,0.00657669501379132,0.00606089225038886,0.00566116068512201,0.0062959878705442,0.00682448968291283,0.00694493670016527,0.00638123974204063,0.00701781082898378,0.00765727832913399,0.00544016854837537,0.00665850564837456,0.006986188236624,
1602.0,0.00701950956135988,0.00717181712388992,0.00665735360234976,0.00659642647951841,0.00567396124824882,0.00608365517109632,0.00643267808482051,0.00686011789366603,0.00658255442976952,0.00734203495085239,0.00642132526263595,0.00663539487868547,0.00719189550727606,0.00757548492401838,0.00702674221247435,0.00678022718057036,0.00661047920584679,0.00739248562604189,0.00733948266133666,0.00701299635693431,0.00589651754125953,0.00713124265894294,0.00564619060605764,0.00735785253345966,0.00745669240131974,0.00750335771590471,0.00678111426532269,0.00651167891919613,0.0055894497781992,0.00659118266776204,0.00620616786181927,0.00649391068145633,0.00786378048360348,0.00717323319986463,0.0067603955976665,0.00737389409914613,0.00655917124822736,0.00604436919093132,0.00564814079552889,0.006280233617872,0.00680074235424399,0.00692555122077465,0.0063554490916431,0.00699642114341259,0.0076327221468091,0.00542564131319523,0.0066449036821723,0.00696289166808128,
1603.0,0.00701122125610709,0.00716222077608109,0.00665266485884786,0.00659071607515216,0.00566616421565413,0.00607654498890042,0.00642449408769608,0.00684923166409135,0.00657488266006112,0.00732753938063979,0.00641130516305566,0.0066246441565454,0.00718096224591136,0.00755871366709471,0.00701571395620704,0.0067703421227634,0.0066043334081769,0.00738261407241225,0.00732588116079569,0.00700266612693667,0.0058892066590488,0.00711930636316538,0.00563904130831361,0.00734584312886,0.00744672259315848,0.00749101536348462,0.00677345786243677,0.00650298036634922,0.00558813102543354,0.00658275233581662,0.00619686953723431,0.00648235948756337,0.00785121694207191,0.00716029061004519,0.00674951262772083,0.0073626316152513,0.0065517365001142,0.00603882130235434,0.00564297754317522,0.00627243146300316,0.00678876228630543,0.00691380351781845,0.00634562876075506,0.00698543339967728,0.00761820189654827,0.00541811157017946,0.00663596112281084,0.00694998353719711,
1604.0,0.00701357191428542,0.00715727359056473,0.00665993662551045,0.00658868346363306,0.00566581962630153,0.00607813941314816,0.0064228787086904,0.0068371226079762,0.00657317321747541,0.00731875514611602,0.00639701262116432,0.00661521730944514,0.00718438997864723,0.00754721462726593,0.00701766833662987,0.00677288556471467,0.00660724379122257,0.00738024199381471,0.00732287764549255,0.00699726352468133,0.00589532824233174,0.00711588701233268,0.00563885318115354,0.00733792083337903,0.00744886696338654,0.00749091757461429,0.00677216518670321,0.00650261668488383,0.0055975429713726,0.0065832263790071,0.00619731470942497,0.00647290935739875,0.00784838851541281,0.0071595162153244,0.00675122532993555,0.00736009888350964,0.00655620405450463,0.00604438502341509,0.00564174214377999,0.00627373065799475,0.00678196642547846,0.0069147483445704,0.00634533632546663,0.00698202289640903,0.00760510144755244,0.00541814416646957,0.00662904558703303,0.00693685235455632,
1605.0,0.00701691303402185,0.00715788779780269,0.00666587986052036,0.00659520830959082,0.00566842826083303,0.00608033454045653,0.00642555486410856,0.00683700200170279,0.00657559931278229,0.00732033839449286,0.00639811437577009,0.00661685131490231,0.00718835415318608,0.00754994666203856,0.00701951142400503,0.00677704205736518,0.00661238608881831,0.00738207949325442,0.00732307368889451,0.00700057065114379,0.00590112479403615,0.00711917923763394,0.00564338965341449,0.00733769126236439,0.00745215592905879,0.00749238301068544,0.00677564321085811,0.00650451285764575,0.00560764549300075,0.006586370524019,0.00620221626013517,0.00647227466106415,0.00785122998058796,0.00716007547453046,0.00675350613892078,0.00736205745488405,0.00656131794676185,0.00605089543387294,0.00564592098817229,0.00627732696011662,0.00678102625533938,0.00691798189654946,0.00634968699887395,0.00698367226868868,0.00760571332648396,0.00542361289262772,0.00662954524159431,0.00693795643746853,
1606.0,0.00702403811737895,0.0071623339317739,0.00667867576703429,0.00661112833768129,0.00567515194416046,0.00608571944758296,0.00643755402415991,0.00684614526107907,0.00658236863091588,0.00733092473819852,0.00641415035352111,0.00662806443870068,0.00719626434147358,0.00756898801773787,0.00703088147565722,0.00678840233013034,0.00662397174164653,0.00738892331719399,0.00733292289078236,0.0070171756669879,0.00590667780488729,0.00713018514215946,0.00565499626100063,0.00734357116743922,0.00746039161458611,0.00750265456736088,0.00678707286715508,0.00650928588584065,0.00561528699472547,0.00659162737429142,0.00621764827519655,0.0064836903475225,0.00786754488945007,0.00716759916394949,0.00676274066790938,0.00736943073570728,0.00657555600628257,0.00606673723086715,0.0056616822257638,0.00628515053540468,0.0067915772087872,0.00692442944273353,0.00636599119752645,0.00699286488816142,0.00762283056974411,0.0054352069273591,0.00663782889023423,0.00695523759350181,
1607.0,0.00703785102814436,0.00717324484139681,0.00669422978535295,0.00662709353491664,0.0056882849894464,0.00609547458589077,0.00645148009061813,0.00685751298442483,0.00659481761977077,0.00734601775184274,0.00643063522875309,0.00664107408374548,0.00720742484554648,0.00758773786947131,0.00704474514350295,0.00680118799209595,0.00663677928969264,0.00740374252200127,0.00734507152810693,0.00703299837186933,0.00591978570446372,0.00714565673843026,0.00567010883241892,0.00735582457855344,0.00747485598549247,0.00751305092126131,0.00679824315011501,0.0065203383564949,0.00562880421057343,0.00660414341837168,0.00623191194608808,0.00649679452180862,0.00788465421646833,0.00718079740181565,0.00677440268918872,0.00738249951973557,0.00658912025392056,0.00608113827183843,0.00567556917667389,0.00629924703389406,0.0068019600585103,0.00693720486015081,0.00638143299147487,0.00700723147019744,0.00763782300055027,0.00544748222455382,0.00664902525022626,0.00697190780192614,
1608.0,0.00705508375540376,0.00719093205407262,0.00671003898605704,0.00664882222190499,0.00570871448144317,0.00610501272603869,0.00646698148921132,0.00687580043449998,0.00661239493638277,0.00737494044005871,0.00645865825936198,0.0066619087010622,0.00721976114436984,0.00762060238048434,0.00705951824784279,0.0068162945099175,0.0066498126834631,0.00742726633325219,0.00735925231128931,0.00705469353124499,0.00594137422740459,0.00717129930853844,0.00569119164720178,0.00737725989893079,0.00749351736158133,0.00752088380977511,0.00680806953459978,0.00653538340702653,0.0056514167226851,0.00662250770255923,0.00624699657782912,0.00651423027738929,0.0079055754467845,0.00719863874837756,0.00678751990199089,0.00740314461290836,0.00659931171685457,0.00609246734529734,0.00568909198045731,0.00631827861070633,0.00681055244058371,0.00695653678849339,0.00639911787584424,0.00702633196488023,0.00765921780839562,0.00546746980398893,0.00666270172223449,0.00699646351858974,
1609.0,0.00707953050732613,0.00721313338726759,0.00673021795228124,0.00667343940585852,0.00572915840893984,0.00612480891868472,0.00648912508040667,0.00689973775297403,0.00663490639999509,0.0074008540250361,0.00648301420733333,0.00668678246438503,0.0072423224337399,0.0076480945572257,0.00707878498360515,0.00683633983135223,0.00667075114324689,0.00745258759707212,0.00737967062741518,0.007077697198838,0.00596282817423344,0.00719571579247713,0.00571423256769776,0.00740121398121119,0.00751805771142244,0.00754054030403495,0.00683061499148607,0.00655769463628531,0.00567372236400843,0.00664686830714345,0.0062697334215045,0.006536312866956,0.00793027691543102,0.00722032273188233,0.00680719967931509,0.00742643373087049,0.00662004435434937,0.00611423933878541,0.00570804020389915,0.00634196493774652,0.00683047110214829,0.00698069669306278,0.00642138114199042,0.00705199083313346,0.00768462009727955,0.00548628019168973,0.00668628653511405,0.00702370097860694,
1610.0,0.00711524812504649,0.0072427480481565,0.00675512570887804,0.00669911643490195,0.00575380912050605,0.00615463079884648,0.00652164360508323,0.00692901853471994,0.00666367262601852,0.00742633640766144,0.00650503160431981,0.00671517988666892,0.00727162510156631,0.00767026701942086,0.00710267713293433,0.00685925129801035,0.00669802632182837,0.00748626468703151,0.00740564847365022,0.00710047362372279,0.00598853919655085,0.00722345989197493,0.00574165908619761,0.00743056647479534,0.00755437882617116,0.00756849953904748,0.00686242943629622,0.00659029418602586,0.00569736212491989,0.00668075960129499,0.00629915064200759,0.00656456919386983,0.00796113535761833,0.0072499867528677,0.00683346204459667,0.00745572941377759,0.0066491006873548,0.00614381581544876,0.00572834582999349,0.00637279730290174,0.0068570114672184,0.00701264757663012,0.00644586747512221,0.00708989426493645,0.00771152600646019,0.00550165446475148,0.00671936804428697,0.00705457432195544,
1611.0,0.00715008098632097,0.0072742854245007,0.00678498763591051,0.00672882655635476,0.00578150618821383,0.00618567084893584,0.00654987012967467,0.00696012284606695,0.00669614784419537,0.0074583338573575,0.00653447862714529,0.00674660783261061,0.00730598624795675,0.00770068308338523,0.00713401101529598,0.00688887806609273,0.00672759395092726,0.00752003397792578,0.0074376966804266,0.00713008316233754,0.00601588748395443,0.00725293532013893,0.00577169377356768,0.00746342819184065,0.00758710084483027,0.00759927928447723,0.00689316913485527,0.00662131514400244,0.00572272017598152,0.00671413959935308,0.00632775248959661,0.00659546721726656,0.00799364410340786,0.00728245172649622,0.00686211744323373,0.0074867382645607,0.00667909905314446,0.00617405259981751,0.00575617933645844,0.00640659686177969,0.00689063500612974,0.0070452275685966,0.00647678831592202,0.00712338741868734,0.00774441566318274,0.00552450073882937,0.0067527205683291,0.00708776107057929,
1612.0,0.00719262100756168,0.00731306429952383,0.00681960070505738,0.0067659318447113,0.0058116284199059,0.00622607301920652,0.00657980004325509,0.00700255436822772,0.00673731183633208,0.00749493343755603,0.00656806072220206,0.00678869523108006,0.00735490815714002,0.00773558113723993,0.0071734432131052,0.0069293431006372,0.00676681194454432,0.00755391037091613,0.00747904367744923,0.00716667855158448,0.00604422017931938,0.00728253554552794,0.00580996787175536,0.00750191975384951,0.00762006221339107,0.00764161627739668,0.00693688774481416,0.00665927538648248,0.00575015973299742,0.00675534782931209,0.00636266823858023,0.00663391686975956,0.00803007930517197,0.00732043851166964,0.00689792167395353,0.00752294948324561,0.00671900575980544,0.00621280074119568,0.0057953242212534,0.00645059160888195,0.00694264099001884,0.00708519807085395,0.00651715183630586,0.0071603674441576,0.00778609979897738,0.00555064529180527,0.00679608341306448,0.00712860701605678,
1613.0,0.00722979195415974,0.0073492075316608,0.00685552973300219,0.00680264830589294,0.00584290502592921,0.00626362627372146,0.00661053229123354,0.007038539275527,0.00677492283284664,0.00753315864130855,0.00660228589549661,0.00682480959221721,0.00739803072065115,0.00777262635529041,0.00721042416989803,0.00696467608213425,0.00680228089913726,0.00759220868349075,0.00751870637759566,0.00720284506678581,0.00607591308653355,0.00731670297682285,0.00584078207612038,0.00754160434007645,0.0076573807746172,0.00768184894695878,0.0069734170101583,0.00669418508186936,0.00577970780432224,0.00679212436079979,0.00639663962647319,0.00666928663849831,0.00806698761880398,0.00735590327531099,0.00693198665976524,0.00755808455869555,0.00675471732392907,0.0062493858858943,0.0058291694149375,0.00648704869672656,0.00698354933410883,0.00712155643850565,0.00655376072973013,0.00719614932313561,0.00782771967351437,0.00558200757950544,0.00683595100417733,0.00716603873297572,
1614.0,0.00726532330736518,0.00738729769363999,0.00690096011385322,0.00684568332508206,0.00588239403441548,0.00630626874044538,0.00663709873333573,0.00707088084891438,0.00681604025885463,0.00757916178554296,0.0066448925063014,0.00686075817793608,0.00744556775316596,0.00781881343573332,0.00725719751790166,0.00700466893613338,0.00683618523180485,0.00763815874233842,0.00756753608584404,0.00724466796964407,0.00611519021913409,0.00735643692314625,0.00586976017802954,0.00758982729166746,0.00769846886396408,0.00772536173462868,0.00700406823307276,0.00672672782093287,0.00581355439499021,0.00683020148426294,0.00642928574234247,0.00671010371297598,0.00811005756258965,0.00739681581035256,0.00696880742907524,0.00759501801803708,0.00678796460852027,0.00628745974972844,0.00586965307593346,0.00652201799675822,0.00702447583898902,0.00715661887079477,0.00659673288464546,0.00723125133663416,0.00787708256393671,0.00562873156741261,0.00687775388360024,0.00720257731154561,
1615.0,0.00730042112991214,0.00742416689172387,0.00694012548774481,0.00688055902719498,0.00591549230739474,0.0063406559638679,0.00666977651417255,0.0071051842533052,0.00685428129509091,0.00762100657448173,0.00668278243392706,0.00689399335533381,0.0074858064763248,0.00785952527076006,0.00729650119319558,0.00704000098630786,0.00687248073518276,0.00767947593703866,0.00760754151269794,0.00728425662964582,0.00614809477701783,0.00739469984546304,0.00589824467897415,0.00763038359582424,0.00773683004081249,0.00776498997583985,0.0070368810556829,0.00676138931885362,0.00584405101835728,0.00686329463496804,0.00646247901022434,0.00674309814348817,0.00814702082425356,0.00743329431861639,0.00700407940894365,0.00763202458620071,0.00682346662506461,0.00632237829267979,0.00590260839089751,0.00655809603631496,0.00706300558522344,0.00719300610944629,0.00663268333300948,0.00726447068154812,0.00791910756379366,0.00566122913733125,0.00691495137289166,0.00723991869017482,
1616.0,0.00733334571123123,0.00746094295755029,0.00697838142514229,0.00691362749785185,0.00594674004241824,0.00637042662128806,0.00671377684921026,0.00713973864912987,0.00689194118604064,0.00766575196757913,0.00672205351293087,0.0069222548045218,0.0075243697501719,0.00790144130587578,0.00732923578470945,0.00707204546779394,0.00691324705258012,0.00772453239187598,0.00764382071793079,0.00732792634516954,0.0061814640648663,0.0074400445446372,0.00591989746317267,0.00767163513228297,0.00777970952913165,0.007807781919837,0.00707118213176727,0.00680120754987001,0.0058789518661797,0.00689311791211367,0.00650004111230373,0.00676649529486895,0.00818253681063652,0.00746691226959229,0.00703987246379256,0.00767033966258168,0.00686511723324656,0.00636177184060216,0.00592708447948098,0.0065934075973928,0.0070995194837451,0.00723407603800297,0.00666456297039986,0.00729675265029073,0.007961455732584,0.00568954506888986,0.00695372931659222,0.00728158885613084,
1617.0,0.00736654968932271,0.0074963690713048,0.00701328879222274,0.00694415206089616,0.00597532419487834,0.00640071323141456,0.00674845324829221,0.0071734581142664,0.00692660268396139,0.00770366238430142,0.00675471173599362,0.00695361569523811,0.00755657674744725,0.00793907791376114,0.007363376673311,0.00710176303982735,0.00694830203428864,0.0077640856616199,0.00767812086269259,0.00736407283693552,0.00621174182742834,0.00747759593650699,0.00594643410295248,0.00770664121955633,0.00781881902366877,0.00784375239163637,0.0071039660833776,0.00683386623859406,0.00590696185827255,0.00692121544852853,0.00653380854055285,0.00679718796163797,0.00821641273796558,0.00749899400398135,0.00707386108115315,0.00770706590265036,0.00689788674935699,0.00639139069244266,0.00595469912514091,0.00662428420037031,0.00712932972237468,0.00726717105135322,0.00669485190883279,0.00733026675879955,0.0079998392611742,0.0057180542498827,0.00698576075956225,0.00731557700783014,
1618.0,0.00740236788988113,0.00753250485286117,0.00704549858346581,0.00696510588750243,0.00600010436028242,0.0064273988828063,0.0067831352353096,0.00721268448978662,0.00696099363267422,0.0077378936111927,0.00678345747292042,0.00698733516037464,0.0075790686532855,0.00797413475811481,0.0073986267670989,0.00712709268555045,0.00698568392544985,0.00779905216768384,0.00770955393090844,0.00739814108237624,0.00623822724446654,0.00751400738954544,0.00598164601251483,0.00773380603641272,0.00785546097904444,0.00787380430847406,0.00713604083284736,0.0068643344566226,0.00592595059424639,0.00694345496594906,0.00656752800568938,0.00683146575465798,0.00824415870010853,0.00753026874735951,0.0071089044213295,0.00774888368323445,0.00692479033023119,0.0064097698777914,0.00598333403468132,0.00665915152058005,0.0071562216617167,0.00729870935901999,0.00672334292903543,0.00736374733969569,0.0080301770940423,0.00573768047615886,0.00700928410515189,0.00734647596254945,
1619.0,0.0074344608001411,0.00756573397666216,0.00707567669451237,0.00699141481891274,0.00602439511567354,0.00645187217742205,0.00681350706145167,0.00724348705261946,0.00699076987802982,0.00776991154998541,0.00681033125147223,0.00701779872179031,0.00760447513312101,0.0080058379098773,0.00742978602647781,0.00715552549809217,0.00701656611636281,0.00783257838338614,0.00773715414106846,0.00742772035300732,0.00626294501125813,0.0075439908541739,0.00600865157321095,0.00776149798184633,0.00788951013237238,0.00790297798812389,0.00716792559251189,0.00689304899424315,0.00595013331621885,0.0069683650508523,0.00659652054309845,0.00685999542474747,0.00827539898455143,0.00755927246063948,0.00714010931551456,0.00778208673000336,0.00695562129840255,0.00643372116610408,0.00600805832073092,0.00668581342324615,0.00718060042709112,0.00732673611491919,0.00674798619002104,0.00739505002275109,0.00806326419115067,0.00575933838263154,0.00703414203599095,0.00737606035545468,
1620.0,0.00746377091854811,0.00759621569886804,0.00710121961310506,0.00702019361779094,0.00604546861723065,0.00647432869300246,0.00683418940752745,0.00726492702960968,0.00701387180015445,0.00779558857902884,0.00683045014739037,0.00704863155260682,0.00762377865612507,0.00803249422460794,0.00745936296880245,0.00718385772779584,0.00703809363767505,0.00786342192441225,0.00775796268135309,0.00744524179026484,0.00628456333652139,0.00756055116653442,0.00603271462023258,0.00778587767854333,0.00792252365499735,0.00792572647333145,0.00720136053860188,0.00691462028771639,0.00597379636019468,0.00699389213696122,0.00662174541503191,0.00688799377530813,0.00831093546003103,0.00758436182513833,0.00716783851385117,0.00780749227851629,0.00698324711993337,0.00645125797018409,0.00603035744279623,0.00669738138094544,0.00719059491530061,0.00734362471848726,0.00676358817145228,0.00742801558226347,0.0080992765724659,0.00578561937436461,0.00705402484163642,0.00739614432677627,
1621.0,0.00749211153015494,0.00762585317716002,0.0071276668459177,0.00704815518110991,0.0060675973072648,0.00649822782725096,0.00685758842155337,0.00729124620556831,0.00703833298757672,0.00782166048884392,0.00685127777978778,0.00707773212343454,0.00764847360551357,0.00805920176208019,0.0074862027540803,0.00721038272604346,0.00706138974055648,0.00789199769496918,0.00778249464929104,0.00746920984238386,0.00630667665973306,0.00758565124124289,0.0060544041916728,0.00780956400558352,0.00795253459364176,0.00795157998800278,0.00722996797412634,0.00693843606859446,0.00599717581644654,0.00701860850676894,0.00664606690406799,0.00691823195666075,0.00834089238196611,0.00760920811444521,0.00719505874440074,0.00783479586243629,0.00700989132747054,0.00647564977407455,0.0060538025572896,0.00671763857826591,0.00721154548227787,0.00736592011526227,0.0067866682074964,0.00745813641697168,0.00812920555472374,0.00580760976299644,0.00707670114934444,0.00742197828367352,
1622.0,0.00752012711018324,0.00765467528253794,0.00715499324724078,0.00708301551640034,0.00608979118987918,0.00651995558291674,0.00688039604574442,0.00731640309095383,0.00706108240410686,0.00784889981150627,0.00686981389299035,0.00710531277582049,0.00767987221479416,0.00808545481413603,0.00750702619552612,0.00724042719230056,0.00708121014758945,0.00791858695447445,0.00780490832403302,0.00749701168388128,0.00632768729701638,0.0076146088540554,0.00606828974559903,0.00782971829175949,0.00797879043966532,0.00798098370432854,0.00726035283878446,0.00696587096899748,0.00602391408756375,0.00704419100657105,0.00666729127988219,0.00694693112745881,0.00837116502225399,0.00763202784582973,0.00722165824845433,0.00785732641816139,0.00704289926216006,0.00651321513578296,0.00607673032209277,0.00674038752913475,0.00724026607349515,0.00739092053845525,0.00681252870708704,0.00748649705201387,0.00815647840499878,0.00582491047680378,0.00710005452856421,0.00745326932519674,
1623.0,0.00754346791654825,0.00768072344362736,0.00717832334339619,0.00710786832496524,0.00611106446012855,0.00654077250510454,0.00690326048061252,0.00733930012211204,0.00708295358344913,0.00787099357694387,0.00689038680866361,0.00712834857404232,0.00770614389330149,0.00810712110251188,0.00752985943108797,0.00726527348160744,0.00710199074819684,0.00794252101331949,0.00782817974686623,0.00752010988071561,0.00634625134989619,0.00763763999566436,0.00608486961573362,0.00785302929580212,0.00800229795277119,0.00800416897982359,0.00728155067190528,0.00698756892234087,0.00604811916127801,0.00706836441531777,0.00668583018705249,0.00697116227820516,0.00839673634618521,0.00765540404245257,0.00724346656352282,0.00787989050149918,0.00706867594271898,0.006539820227772,0.00609579589217901,0.00676107313483953,0.00726544484496117,0.00741314701735973,0.00683565344661474,0.00751046696677804,0.00818152539432049,0.00584196392446756,0.00712427170947194,0.00748003274202347,
1624.0,0.00756286922842264,0.0077089942060411,0.00720279850065708,0.0071255317889154,0.00613611796870828,0.00656672613695264,0.00692929746583104,0.00736914994195104,0.00710673863068223,0.00788937602192163,0.00691235950216651,0.00715125538408756,0.00773860746994615,0.00812629330903292,0.00755812227725983,0.00728956144303083,0.00712738977745175,0.00796625949442387,0.00786149315536022,0.00754701904952526,0.00636563217267394,0.00766842672601342,0.00610411586239934,0.00788286328315735,0.00802327692508698,0.00802730768918991,0.00729198288172483,0.00701015163213015,0.00607295660302043,0.00709367962554097,0.00670139119029045,0.00700319977477193,0.00841692928224802,0.00768351927399635,0.00726332422345877,0.00790936220437288,0.00709069520235062,0.00656484998762608,0.00611544121056795,0.00679026823490858,0.00729931006208062,0.00743952533230186,0.00686690211296082,0.0075322980992496,0.00820370111614466,0.00585857499390841,0.00715469336137176,0.00751054519787431,
1625.0,0.00758173083886504,0.00772801646962762,0.00722070364281535,0.00714360643178225,0.0061536724679172,0.00658599566668272,0.00694931857287884,0.00738957151770592,0.00712566543370485,0.00790589675307274,0.00693191401660442,0.00716795492917299,0.00775899505242705,0.00814320240169764,0.00757526094093919,0.00730516668409109,0.00714530656114221,0.0079829515889287,0.00788246281445026,0.00756598776206374,0.00638137105852365,0.00768695631995797,0.00611945427954197,0.00790249370038509,0.00804182980209589,0.00804532691836357,0.00730446027591825,0.00702409306541085,0.00609223451465368,0.00711395172402263,0.00671688001602888,0.00702265417203307,0.00843421369791031,0.00770244980230927,0.00727954041212797,0.00792804826050997,0.00710601452738047,0.00658508716151118,0.00613162526860833,0.00680856220424175,0.0073221605271101,0.00745807075873017,0.00688930135220289,0.00755059719085693,0.00822053756564856,0.00587362563237548,0.00717641692608595,0.00753278424963355,
1626.0,0.00760273030027747,0.00774319283664227,0.0072371163405478,0.00715859560295939,0.00617133593186736,0.00660239579156041,0.00697205262258649,0.00740737468004227,0.00714829564094543,0.00792274810373783,0.00695958826690912,0.0071821166202426,0.00777228875085711,0.00816002115607262,0.00759099330753088,0.00731633836403489,0.00716413138434291,0.00799512304365635,0.00789766293019056,0.0075807492248714,0.00639601889997721,0.00769304949790239,0.00613689096644521,0.00792360957711935,0.00806259457021952,0.0080593591555953,0.00731485430151224,0.00702861277386546,0.00611575227230787,0.0071386625058949,0.00673401588574052,0.0070307869464159,0.00845300406217575,0.00772332074120641,0.00729431305080652,0.00794419180601835,0.00711720390245318,0.00659985467791557,0.00614419439807534,0.00682079093530774,0.00734096160158515,0.00747441407293081,0.00690851034596562,0.00756761850789189,0.00823783036321402,0.00589001178741455,0.0072013190947473,0.0075554414652288,
1627.0,0.0076128994114697,0.00775046600028872,0.00724302837625146,0.00716815795749426,0.00617895601317286,0.00661251693964005,0.00698325503617525,0.00741363177075982,0.00715705472975969,0.00793058425188065,0.00697310641407967,0.00718690687790513,0.00777917169034481,0.00816756952553988,0.00759748881682754,0.00732112489640713,0.00717288954183459,0.0080033028498292,0.00790760200470686,0.00758762611076236,0.00640363711863756,0.00769745465368032,0.00614627124741673,0.00793398544192314,0.0080718919634819,0.00806693639606237,0.00732014793902636,0.00703322840854526,0.00612470880150795,0.00714894477277994,0.00674305576831102,0.00703475717455149,0.00846107862889767,0.00773075269535184,0.00730059202760458,0.00795006193220615,0.0071227652952075,0.00660811783745885,0.00615200120955706,0.00682705780491233,0.00735103478655219,0.00748316664248705,0.00691799819469452,0.0075756530277431,0.00824607163667679,0.00589971104636788,0.00721275061368942,0.00756330043077469,
1628.0,0.00762477843090892,0.00774968415498734,0.00723965000361204,0.00718151824548841,0.00617510126903653,0.00661953398957849,0.00698671769350767,0.00740928249433637,0.00715460535138845,0.00793534144759178,0.00697811041027308,0.00718471128493547,0.00777666782960296,0.00817271880805492,0.0075896792113781,0.00731356348842382,0.00717195170000196,0.00800873804837465,0.00791284907609224,0.00758720235899091,0.00640893680974841,0.00769936013966799,0.00615253718569875,0.00793212000280619,0.00807653740048409,0.00807361397892237,0.00732889492064714,0.00703496066853404,0.00611879816278815,0.00714988447725773,0.00675186794251204,0.00703231431543827,0.00846417061984539,0.00772393587976694,0.00730642955750227,0.00794251821935177,0.00711779296398163,0.0066169761121273,0.00616100989282131,0.00682228896766901,0.00735457707196474,0.00748422695323825,0.00692159729078412,0.00757991755381227,0.00824656523764133,0.00590928317978978,0.0072110453620553,0.00755775114521384,
1629.0,0.00762048969045281,0.00774186616763473,0.00723172025755048,0.00718204863369465,0.00617052568122745,0.00661806529387832,0.00698274979367852,0.00740073528140783,0.00714960601180792,0.00793179962784052,0.00697729922831059,0.00717615941539407,0.0077690533362329,0.00816827546805143,0.00758116040378809,0.00730688963085413,0.00716645875945687,0.00800433196127415,0.00790691561996937,0.00758236879482865,0.00640642503276467,0.00769192911684513,0.00615030387416482,0.00792544335126877,0.00807253364473581,0.00806842837482691,0.00732602132484317,0.00703065656125546,0.00611324096098542,0.00714321574196219,0.00675162067636848,0.00702415686100721,0.00845735426992178,0.0077142077498138,0.00729861995205283,0.00793403293937445,0.00711270980536938,0.00661222357302904,0.00615974888205528,0.0068193431943655,0.007348598446697,0.00748041272163391,0.00691644754260778,0.00757589237764478,0.00824035797268152,0.00590919097885489,0.00720614800229669,0.00754881836473942,
1630.0,0.00759553536772728,0.00772747443988919,0.00721162557601929,0.00717097846791148,0.00616091955453157,0.00661069666966796,0.00696900812909007,0.00737937446683645,0.00713402917608619,0.00791721977293491,0.00696681020781398,0.00715513899922371,0.00775324320420623,0.00815257895737886,0.0075691444799304,0.00730354338884354,0.00715284282341599,0.00799506809562445,0.00789245404303074,0.00757158081978559,0.00639446079730988,0.00767773063853383,0.00613793032243848,0.00791285093873739,0.00805732794106007,0.00805015303194523,0.00731116626411676,0.00702630588784814,0.00609871139749885,0.00711719552055001,0.0067404992878437,0.00700986618176103,0.00843670032918453,0.00769466394558549,0.00727271242067218,0.00792097672820091,0.00710960291326046,0.00658991187810898,0.0061470796354115,0.00682119186967611,0.00732881063595414,0.0074727013707161,0.00689690886065364,0.00755913415923715,0.00822801981121302,0.00590031407773495,0.00719282124191523,0.00752400886267424,
1631.0,0.00757158175110817,0.00770550686866045,0.00719232344999909,0.00715471804141998,0.00614608870819211,0.0065946145914495,0.00694962218403816,0.00735811935737729,0.00711565604433417,0.00789907015860081,0.00695067876949906,0.00713381869718432,0.00773570174351335,0.0081314705312252,0.00755162118002772,0.00728712882846594,0.00713574467226863,0.00797711778432131,0.00787241570651531,0.00755346426740289,0.0063795424066484,0.00765823666006327,0.00612346129491925,0.00789378583431244,0.00803560949862003,0.00802978407591581,0.00729448348283768,0.00701360451057553,0.00608258135616779,0.00709778908640146,0.00672602374106646,0.00698981853201985,0.00841403752565384,0.00767236854881048,0.0072493264451623,0.00790064781904221,0.00709524983540177,0.00657044537365437,0.00613358058035374,0.00680764764547348,0.00730923656374216,0.00745562696829438,0.00687753455713391,0.00754116894677281,0.00820764061063528,0.00588670140132308,0.00717394519597292,0.00750276632606983,
1632.0,0.00753485783934593,0.00767023814842105,0.007173677906394,0.00712436437606812,0.00612749392166734,0.00656270328909159,0.00691877584904432,0.00733810337260365,0.00709616485983133,0.00787536986172199,0.00692741991952062,0.00710760615766048,0.00771649880334735,0.00810177624225616,0.00753157027065754,0.00726243015378714,0.00711410958319902,0.00794312451034784,0.00783573091030121,0.00752916047349572,0.00635791709646583,0.007626345846802,0.00609959987923503,0.00786656979471445,0.00800320133566856,0.00800124555826187,0.00727129727602005,0.00698880618438125,0.00606817193329334,0.00707990396767855,0.00670546572655439,0.0069585582241416,0.00838475301861763,0.00764582958072424,0.00721612153574824,0.00787467136979103,0.00707504153251648,0.0065418416634202,0.00611374760046601,0.00678296433761716,0.00728120794519782,0.00742821907624602,0.00685236789286137,0.00752024725079536,0.00817583780735731,0.00586264813318849,0.00714807491749525,0.00748457573354244,
1633.0,0.00750142522156239,0.00763649446889758,0.0071476879529655,0.00709724519401789,0.00610538944602013,0.00653548911213875,0.00688905315473676,0.00730898464098573,0.00707099214196205,0.00784650631248951,0.00690099550411105,0.00708020851016045,0.0076880119740963,0.00806858669966459,0.00750390440225601,0.00723392609506845,0.00708784209564328,0.00791120901703835,0.0078030121512711,0.00749958632513881,0.00633394764736295,0.00759496353566647,0.0060769310221076,0.00783479586243629,0.00796983577311039,0.00796894077211618,0.007243478205055,0.00696417363360524,0.0060465419664979,0.0070558087900281,0.0066809649579227,0.00693000806495547,0.00835070759057999,0.00761574041098356,0.00718479603528976,0.00784549489617348,0.00704861711710691,0.00651477463543415,0.0060910452157259,0.00675863167271018,0.00725287385284901,0.00739921443164349,0.00682502752169967,0.0074921459890902,0.00814290530979633,0.00583833549171686,0.0071201822720468,0.00745860114693642,
1634.0,0.00746710132807493,0.00759631162509322,0.0071123125962913,0.00707107968628407,0.0060755405575037,0.00650444393977523,0.00685183424502611,0.00726635474711657,0.00703515717759728,0.00780591322109103,0.00686534307897091,0.00704819802194834,0.00764889735728502,0.00802195351570845,0.00746536580845714,0.00718729104846716,0.00705574732273817,0.00787476077675819,0.00776936020702124,0.00745579460635781,0.00630377745255828,0.00755997514352202,0.00605529779568315,0.00779057620093226,0.00792456325143576,0.00793096330016851,0.00720882089808583,0.0069361818023026,0.00601255660876632,0.00703487545251846,0.00664785597473383,0.00689719431102276,0.00830693077296019,0.00758046237751842,0.00715675530955195,0.00780573254451156,0.00700525473803282,0.00649052392691374,0.00606324663385749,0.00671975687146187,0.00722763780504465,0.00735941529273987,0.00679485313594341,0.00745533779263496,0.008098722435534,0.00580730335786939,0.00708288606256247,0.00742851989343762,
1635.0,0.00743482960388064,0.00755738001316786,0.00708122132346034,0.00703763123601675,0.00604564975947142,0.00647221831604838,0.00681813014671206,0.00723153166472912,0.00700198533013463,0.00777102028951049,0.00682990532368422,0.0070183533243835,0.00761316809803247,0.00798316486179829,0.00742783490568399,0.00714948028326035,0.00702115567401052,0.00783723033964634,0.0077344011515379,0.00741784041747451,0.00627483194693923,0.00752462819218636,0.00602855533361435,0.00775203807279468,0.00788579601794481,0.00789270084351301,0.00717501481994987,0.00690455175936222,0.00598416430875659,0.00700493436306715,0.00661684339866042,0.00686568487435579,0.0082682715728879,0.00754301296547055,0.0071251499466598,0.00776773737743497,0.00696824351325631,0.00646347086876631,0.00603733537718654,0.00668490212410688,0.00719448830932379,0.00732223410159349,0.00676315231248736,0.00741967558860779,0.0080599831417203,0.0057790488936007,0.00704867299646139,0.00739543186500669,
1636.0,0.00740232178941369,0.00751364324241877,0.00704485736787319,0.00699139479547739,0.00600615423172712,0.0064360061660409,0.00678415084257722,0.00719240633770823,0.00696312170475721,0.00773425865918398,0.00678468029946089,0.00698735797777772,0.00756468251347542,0.00794447492808104,0.00737750995904207,0.0071131968870759,0.00697027053683996,0.00779420742765069,0.00770061695948243,0.00737730925902724,0.00623785704374313,0.00748281320556998,0.00599312363192439,0.00770715717226267,0.00784824416041374,0.00784286018460989,0.00713220750913024,0.00686243083328009,0.00595329236239195,0.00695452559739351,0.0065811756066978,0.00683369161561131,0.00822568219155073,0.00749469688162208,0.00708819832652807,0.00772433634847403,0.00692821852862835,0.0064279530197382,0.00600675074383616,0.00664987880736589,0.00714614894241095,0.00728254858404398,0.00671963440254331,0.00737201375886798,0.00801980867981911,0.00574682420119643,0.00701227644458413,0.00734741427004337,
1637.0,0.00737176695838571,0.007478310726583,0.00701207760721445,0.00695847999304533,0.00597830070182681,0.00640807161107659,0.006753820925951,0.00715772155672312,0.00693021155893803,0.00769891683012247,0.00675099994987249,0.00695764273405075,0.0075272573158145,0.00790830980986357,0.00733906961977482,0.00707951374351978,0.00693615805357695,0.00775711331516504,0.00766319921240211,0.00734033295884728,0.00621041050180793,0.0074481638148427,0.0059647080488503,0.00767138414084911,0.00781338103115559,0.00780342612415552,0.007096650544554,0.00683033838868141,0.00592543603852391,0.00691766710951924,0.00654859049245715,0.00680539337918162,0.00818631611764431,0.00745647074654698,0.00705397548153996,0.00768786296248436,0.00689230393618345,0.0064008291810751,0.00597948767244816,0.00662095192819834,0.00710989208891988,0.00724614458158612,0.0066885519772768,0.00733468728139997,0.00798426475375891,0.0057211578823626,0.00697985477745533,0.00731096556410193,
1638.0,0.00734112225472927,0.00744448229670525,0.00698291510343552,0.00692227343097329,0.00595333985984325,0.00638264836743474,0.0067227385006845,0.00712806964293122,0.00689857406541705,0.00766285974532366,0.00672070309519768,0.00692662782967091,0.00749766221269965,0.00787503831088543,0.00730550428852439,0.00704692862927914,0.00690938392654061,0.0077177626080811,0.00761044258251786,0.0073029724881053,0.00619069905951619,0.00741424644365907,0.00593178253620863,0.00764542073011398,0.00778005691245198,0.00776843912899494,0.00706020463258028,0.00679810531437397,0.00589766167104244,0.00687687238678336,0.00651220278814435,0.00677537173032761,0.00814517308026552,0.00741583621129394,0.0070099662989378,0.00765156978741288,0.00685744173824787,0.00637863297015429,0.00595338921993971,0.00658832443878055,0.00707109738141298,0.00720442784950137,0.00666168611496687,0.00730125652626157,0.00795223284512758,0.00570083409547806,0.00694456603378057,0.0072742598131299,
1639.0,0.0073159271851182,0.00741687882691622,0.00695710722357035,0.00689606927335262,0.0059338859282434,0.00635815365239978,0.0066989311017096,0.00710394838824868,0.00687253894284368,0.00763486418873072,0.00669562490656972,0.0069013899192214,0.00747237866744399,0.00784725043922663,0.00727698532864451,0.00702101644128561,0.00688532926142216,0.00768573628738523,0.00757635617628694,0.00727425189688802,0.00616975268349051,0.00738585274666548,0.00590776838362217,0.0076186410151422,0.00775213306769729,0.00773784751072526,0.00703445030376315,0.0067716077901423,0.00587802939116955,0.00684921070933342,0.00648678001016378,0.00675205746665597,0.00811619032174349,0.00738645298406482,0.00698209460824728,0.00762192392721772,0.0068293921649456,0.00635618017986417,0.0059315487742424,0.00656721414998174,0.00704119401052594,0.00717479735612869,0.00664022378623486,0.00727403676137328,0.00792377162724733,0.00568115618079901,0.00691925967112184,0.00724760303273797,
1640.0,0.00729037309065461,0.00739823887124658,0.00692694587633014,0.00688793091103435,0.00592819368466735,0.00633705640211701,0.00668199639767408,0.00707994867116213,0.00685203308239579,0.00760796433314681,0.00668201129883528,0.00687552616000175,0.00745457550510764,0.0078174713999033,0.00725487153977156,0.006997792981565,0.00687331240624189,0.00765681499615312,0.00754680158570409,0.00724875601008534,0.00615037977695465,0.00736201833933592,0.00589165091514587,0.00759032741189003,0.0077264616265893,0.00770938629284501,0.00701866112649441,0.00675290916115046,0.00586145697161555,0.00683835800737143,0.00646449066698551,0.00673316465690732,0.00809362903237343,0.00737072294577956,0.00696374801918864,0.00759897567331791,0.0068035963922739,0.00633200211450458,0.00590992765501142,0.00656325835734606,0.00702259782701731,0.00714996829628944,0.00663072057068348,0.00725275697186589,0.00789491087198257,0.00566082494333386,0.00690186768770218,0.00723250303417444,
1641.0,0.00727409869432449,0.00738301267847419,0.00690900580957532,0.00687940418720245,0.00592043437063694,0.00632367469370365,0.00666724145412445,0.0070640561170876,0.00683497404679656,0.00758842704817653,0.0066693015396595,0.00685822032392025,0.00743877189233899,0.00779867731034756,0.00724039692431688,0.00698154419660568,0.00686365086585283,0.00763898063451052,0.00752738211303949,0.0072311176918447,0.00613759830594063,0.00734526989981532,0.00588162569329143,0.00757282786071301,0.00770666357129812,0.00769281014800072,0.00700544100254774,0.00674042152240872,0.00585097866132855,0.00682877656072378,0.00645203562453389,0.00672018574550748,0.0080762067809701,0.00735716475173831,0.00695104384794831,0.00758120464161038,0.00678581651300192,0.00631955498829484,0.00589489797130227,0.00655475119128823,0.00700967479497194,0.00713563058525324,0.00662195961922407,0.00723873544484377,0.00787609443068504,0.00564992753788829,0.00688778143376112,0.0072216778062284,
1642.0,0.00726884603500366,0.00737225217744708,0.00690149934962392,0.00687630800530314,0.00591283524408937,0.00631012488156557,0.00665671657770872,0.0070590409450233,0.00681969244033098,0.00757963163778186,0.00665702577680349,0.00684832548722625,0.00742723233997822,0.00779531756415963,0.0072342180646956,0.00697496719658375,0.00685641495510936,0.0076345382258296,0.0075327972881496,0.0072242827154696,0.00612447829917073,0.00733487447723746,0.00588204478845,0.00756280962377787,0.00769207533448935,0.00768754258751869,0.0070037730038166,0.0067356051877141,0.00585509650409222,0.00683010788634419,0.00645841751247644,0.00671514915302396,0.00807520840317011,0.0073498054407537,0.00695692701265216,0.00756999803707004,0.00677693169564009,0.00631370581686497,0.00588797824457288,0.00654999259859324,0.00700615905225277,0.00714480178430676,0.00661558844149113,0.0072334511205554,0.00786661915481091,0.00564589956775308,0.0068821394816041,0.00722367269918323,
1643.0,0.00726397056132555,0.00736520858481526,0.00689768232405186,0.00687221763655543,0.00590834114700556,0.00630457233637571,0.00665113143622875,0.00705616502091289,0.00681289751082659,0.00757406326010823,0.00665037799626589,0.0068443026393652,0.0074185524135828,0.00778907351195812,0.00722971092909575,0.0069705150090158,0.00685003027319908,0.00762890418991447,0.00753198657184839,0.00722104916349053,0.00611814670264721,0.00732890423387289,0.0058810617774725,0.0075542931444943,0.00768381403759122,0.00768315978348255,0.00700015388429165,0.00673011271283031,0.00585442781448364,0.00682912766933441,0.00645974557846785,0.0067117060534656,0.00807107239961624,0.00734738260507584,0.00695832259953022,0.00756156677380204,0.00677229231223464,0.00631006481125951,0.00588214816525579,0.00654630083590746,0.00700209243223071,0.00714266439899802,0.00661225663498044,0.00723079778254032,0.0078591937199235,0.00564299710094929,0.0068792118690908,0.00722155533730984,
1644.0,0.00726665556430817,0.0073677827604115,0.00690839299932122,0.00686830654740334,0.00590329989790916,0.00631881365552545,0.00665265088900924,0.00706190103664994,0.00681644957512617,0.00757562229409814,0.00665062433108687,0.00685299839824438,0.00741293374449015,0.00778782553970814,0.0072384774684906,0.00697442330420017,0.00684920884668827,0.00763133633881807,0.00753429299220443,0.0072258566506207,0.00612443638965487,0.00733538484200835,0.00588863249868155,0.0075565823353827,0.00768377864733338,0.0076912147924304,0.00699424324557185,0.00673181703314185,0.00585503503680229,0.00682921847328544,0.00646506249904633,0.006719043944031,0.00806632451713085,0.00735442759469152,0.0069622122682631,0.00755891716107726,0.0067782592959702,0.00632386188954115,0.0058812452480197,0.00653729308396578,0.00700292969122529,0.00713846739381552,0.00661614630371332,0.00724054919555783,0.00786095764487982,0.00564998388290405,0.00688264705240726,0.00722128571942449,
1645.0,0.00726874452084303,0.00736627029255033,0.00691429572179914,0.00686811283230782,0.00590415857732296,0.00632402626797557,0.00665186066180468,0.00706513877958059,0.00681861396878958,0.00757691450417042,0.00665136566385627,0.00685791671276093,0.00740979518741369,0.00778799457475543,0.00724018551409245,0.00697566196322441,0.00684907520189881,0.00763493357226253,0.00753442291170359,0.00723124900832772,0.00612927041947842,0.00733753899112344,0.0058910227380693,0.0075583029538393,0.00768493721261621,0.00769745791330934,0.00699368678033352,0.00673271995037794,0.0058549833483994,0.00683036632835865,0.00646988302469254,0.00671964464709163,0.00806386303156614,0.00735762761905789,0.00696384208276868,0.00755859306082129,0.00678206933662295,0.00632908707484603,0.00588145805522799,0.0065352488309145,0.00700648035854101,0.00713762640953064,0.00661661103367805,0.00724433828145266,0.00786334555596113,0.00565569801256061,0.00688376929610968,0.00722124893218279,
1646.0,0.0072721098549664,0.00736417062580585,0.00692388555034995,0.00687233079224825,0.00591439800336957,0.00632696785032749,0.00665578804910183,0.00707072857767344,0.00683226250112057,0.00758412200957537,0.00665807398036122,0.00686927698552608,0.00741066550835967,0.00778737012296915,0.00723601086065173,0.00697795301675797,0.00684773363173008,0.00764007167890668,0.00753212254494429,0.00724712992087007,0.00613802578300238,0.00734113762155175,0.00588686857372522,0.0075622396543622,0.00769840274006128,0.00770749663934112,0.00699994899332523,0.00673126708716154,0.00585067924112082,0.00683452049270272,0.00647158222272992,0.00671599246561527,0.00806535128504038,0.00736615573987365,0.00696300342679024,0.00756221171468496,0.0067906966432929,0.00632587168365717,0.00588242942467332,0.00654389895498753,0.00701428577303886,0.00712819211184978,0.00661531323567033,0.00724486773833632,0.00786863546818495,0.00566271925345063,0.00688915094360709,0.00721754739060998,
1647.0,0.00727479998022318,0.00736328540369868,0.00692784087732434,0.00687282672151923,0.00592052191495895,0.00633050920441747,0.00665765348821878,0.0070749088190496,0.00683761341497302,0.00758883589878678,0.00666262675076723,0.00687485048547387,0.00741276470944285,0.0077880285680294,0.00723518757149577,0.00698037911206484,0.00684833060950041,0.00764329126104712,0.00753000192344189,0.0072542242705822,0.00614513782784343,0.00734339095652103,0.00588646763935685,0.00756240542978048,0.00770310498774052,0.00771039118990302,0.00700244028121233,0.00673135323449969,0.00584968458861113,0.00683467276394367,0.00647484045475721,0.00671442784368992,0.00806416478008032,0.00736999697983265,0.00696293823421001,0.0075665982440114,0.00679650111123919,0.00632678670808673,0.00588623667135835,0.00654751574620605,0.00701804179698229,0.00712581537663937,0.00661677215248346,0.00724791828542948,0.00787303224205971,0.00566657073795795,0.00689120357856154,0.00721699977293611,
1648.0,0.00728236464783549,0.00735949818044901,0.00692315027117729,0.00687572080641985,0.0059305103495717,0.00632660649716854,0.00665605813264847,0.00708148395642638,0.00683461269363761,0.00759564898908138,0.00666929921135306,0.00687422743067145,0.00742122204974294,0.00779486540704966,0.00723116332665086,0.00698202243074775,0.00685448432341218,0.00765124009922147,0.00752402329817414,0.00725868623703718,0.00615350063890219,0.00734233576804399,0.00588652864098549,0.00756206223741174,0.00770233757793903,0.00770842935889959,0.00700930878520012,0.00673534208908677,0.00585115654394031,0.00683350209146738,0.00648112036287785,0.00670536467805505,0.00805983226746321,0.00736421765759587,0.00696147978305817,0.00757933361455798,0.00680002197623253,0.00632586749270558,0.00589719507843256,0.00655327504500747,0.00702836364507675,0.00713798264041543,0.00662022130563855,0.00725001562386751,0.00788345374166965,0.00567071093246341,0.00688713882118464,0.00722194882109761,
1649.0,0.00728345382958651,0.00735842017456889,0.00692322943359613,0.00687662931159139,0.00593703566119075,0.00632834248244762,0.00665487302467227,0.00708129582926631,0.00683432491496205,0.00759695982560515,0.00667195348069072,0.00687421811744571,0.00742466980591416,0.00779832107946277,0.00723092583939433,0.0069834585301578,0.00685795396566391,0.00765530718490481,0.00752311525866389,0.00725960219278932,0.0061596822924912,0.00734243635088205,0.00588657381013036,0.00756226386874914,0.00770284328609705,0.00770863052457571,0.00701179401949048,0.00673740962520242,0.00585305783897638,0.00683206273242831,0.00648647826164961,0.00670435512438416,0.00806035939604044,0.0073643084615469,0.00696105742827058,0.00758464122191072,0.00680332072079182,0.00632767751812935,0.00590323889628053,0.00655669951811433,0.00703010614961386,0.00714286230504513,0.00662063667550683,0.00725204311311245,0.00788761395961046,0.00567329442128539,0.00688642123714089,0.00722406199201941,
1650.0,0.00728095509111881,0.00735949492082,0.0069239498116076,0.00687519367784262,0.00594075350090861,0.00633344799280167,0.00665373681113124,0.00707733817398548,0.00683328229933977,0.00759502779692411,0.00667224870994687,0.00687294034287333,0.00742640625685453,0.00780035881325603,0.00723381154239178,0.00698509532958269,0.00686063943430781,0.00765651138499379,0.00752480141818523,0.00725600030273199,0.00616445671766996,0.00734290946274996,0.00588772771880031,0.00756127759814262,0.00770156783983111,0.00770723819732666,0.00701088644564152,0.00673884572461247,0.00585616333410144,0.00682904524728656,0.00649167085066438,0.00670836679637432,0.00806272029876709,0.00736631825566292,0.00696140062063932,0.007586685474962,0.00680592888966203,0.00633208220824599,0.00590794486925006,0.00655771978199482,0.00702586118131876,0.00714573124423623,0.00662068324163556,0.00725505454465747,0.00788831990212202,0.0056737819686532,0.00688672251999378,0.00722560938447714,
1651.0,0.00727334665134549,0.00736473454162478,0.00692266970872879,0.00686720432713628,0.00593972997739911,0.00634369812905788,0.00665167719125748,0.00706885661929846,0.00682885572314262,0.00758907850831747,0.00667025847360492,0.00686853798106313,0.00742739299312234,0.00780102610588074,0.00724278530105948,0.00698877358809114,0.00686303433030844,0.00765279494225979,0.00752942822873592,0.007243060041219,0.00616829888895154,0.00734410481527448,0.00589129934087396,0.00755459815263748,0.00769336754456162,0.00769841438159347,0.00700313923880458,0.00673980731517076,0.00586029747501016,0.00682108709588647,0.00649789860472083,0.00672065885737538,0.00806539971381426,0.00736974971368909,0.00696276174858212,0.00758592365309596,0.00680637918412685,0.00634191837161779,0.0059125404804945,0.00655264733359218,0.00701089156791568,0.00714680133387446,0.00662254448980093,0.00726196262985468,0.00788400415331125,0.00566868670284748,0.00688643800094724,0.00722918566316366,
1652.0,0.00727284140884876,0.00736637460067868,0.00692514888942242,0.00686881691217422,0.00594045827165246,0.0063508958555758,0.00665603624656796,0.00706686591729522,0.00682778796181083,0.00758771412074566,0.00666843354701996,0.00686791352927685,0.00742896227166057,0.00780105032026768,0.00724577624350786,0.00698779057711363,0.00686449930071831,0.00765203265473247,0.0075312708504498,0.00724037643522024,0.0061696101911366,0.00734480982646346,0.00589613988995552,0.00755807943642139,0.00769624812528491,0.00770033756271005,0.0070035052485764,0.00674063712358475,0.00586881255730987,0.00682034762576222,0.00649907346814871,0.0067236078903079,0.00806838274002075,0.00737207848578691,0.00696505326777697,0.00758662493899465,0.00681218504905701,0.00634624622762203,0.00591763062402606,0.00655622081831098,0.00700901634991169,0.00715134711936116,0.00662395311519504,0.00726412981748581,0.00788582861423492,0.0056719514541328,0.006891337223351,0.00722493510693312,
1653.0,0.00727000320330262,0.00736706238240004,0.00693382369354367,0.0068739396519959,0.00593963265419006,0.00636264402419329,0.00666328566148877,0.00706041557714343,0.00682883756235242,0.00758430641144514,0.00666284188628197,0.0068698818795383,0.00742655945941806,0.00779886217787862,0.00724913086742163,0.00698344130069017,0.00686389859765768,0.00765023939311504,0.00753551069647074,0.00723828980699182,0.00616837246343493,0.00734559400007129,0.00590108055621386,0.00756738055497408,0.00770621933043003,0.00770948780700564,0.0070044700987637,0.00673895562067628,0.00588117726147175,0.00682203378528357,0.00649883784353733,0.00672803167253733,0.00807674881070852,0.00737847061827779,0.00696954317390919,0.00758193805813789,0.00682072900235653,0.00635103834792972,0.00591921154409647,0.00656260596588254,0.00700627593323588,0.00715266820043325,0.00662158615887165,0.00726234586909413,0.00788552779704332,0.00567811215296388,0.00690117524936795,0.00721428636461496,
1654.0,0.00727185560390353,0.00737200444564223,0.00693382043391466,0.00687787588685751,0.00594194140285254,0.00636234041303396,0.0066675771959126,0.00706313084810972,0.00683145225048065,0.00758107379078865,0.00666239764541388,0.0068659158423543,0.00742998486384749,0.00779941957443953,0.00725004961714149,0.0069841374643147,0.00686629116535187,0.00765064498409629,0.00753957638517022,0.00724000902846456,0.00616823136806488,0.00734682055190206,0.00590695347636938,0.00757297826930881,0.00770758371800184,0.00771311111748219,0.00700747361406684,0.00674493610858917,0.00588739849627018,0.00682575302198529,0.00649603921920061,0.00673094997182488,0.00807846896350384,0.00737901404500008,0.00696868821978569,0.00758440047502518,0.00682486779987812,0.00635124929249287,0.00592508772388101,0.00656762579455972,0.00700800446793437,0.00716020073741674,0.00662457570433617,0.00726731354370713,0.00788923725485802,0.0056828917004168,0.00690593849867582,0.00721264956519008,
1655.0,0.00728264404460788,0.00737897213548422,0.00693148467689753,0.00688723288476467,0.00594486156478524,0.00635591335594654,0.00667636282742023,0.00707588158547878,0.00683523109182715,0.00758064212277532,0.00666270451620221,0.00685978727415204,0.00743870297446847,0.00780100515112281,0.00724747823551297,0.00698477402329445,0.00687036523595452,0.00765311997383833,0.00754262926056981,0.00724710803478956,0.00616635335609317,0.00734802382066846,0.00591720314696431,0.00758251920342445,0.00770973367616534,0.00771841872483492,0.00701536564156413,0.00675662746652961,0.00589662743732333,0.00683365995064378,0.00648714741691947,0.00672887917608023,0.00807513762265444,0.00737419165670872,0.00696586631238461,0.00759204803034663,0.00683108251541853,0.00634778616949916,0.0059369932860136,0.00657716253772378,0.00701946439221501,0.00717673683539033,0.00663355039432645,0.0072751035913825,0.00790017005056143,0.00569196976721287,0.00691205123439431,0.00720910960808396,
1656.0,0.00728068361058831,0.00738101080060005,0.00692653935402632,0.00688660517334938,0.00594753352925181,0.00635307841002941,0.00667942268773913,0.00707975868135691,0.00683683576062322,0.00758043536916375,0.00666847126558423,0.00685776909813285,0.00744035840034485,0.00780039886012673,0.00724821351468563,0.00698578078299761,0.00687097804620862,0.00765105523169041,0.0075419950298965,0.00725167244672775,0.00616643577814102,0.00734989205375314,0.00592068303376436,0.00758504122495651,0.00771010061725974,0.00771936820819974,0.00701841106638312,0.00675695668905973,0.00589756248518825,0.00683734333142638,0.00648722983896732,0.00672827335074544,0.00807720702141523,0.00737674161791801,0.00696676969528198,0.00759567553177476,0.00683337775990367,0.00634590489789844,0.00593718094751239,0.0065789264626801,0.00702077150344849,0.0071781687438488,0.00663371244445443,0.00727838091552258,0.00790094304829836,0.00569412065669894,0.00691538536921144,0.00721223000437021,
1657.0,0.00727547099813819,0.00738740619271994,0.00691716931760311,0.00688389874994755,0.00595518993213773,0.00634514959529042,0.00667974259704351,0.00708554312586784,0.00684297736734152,0.00758050056174397,0.00668233819305897,0.00685486337170005,0.00744393700733781,0.00780236022546887,0.00725212134420872,0.00699406489729881,0.00687333988025784,0.00765068549662828,0.00754546793177724,0.00725992349907756,0.00616988632827997,0.00735650584101677,0.00592227932065725,0.00758562749251723,0.00770693877711892,0.00772073632106185,0.00702322321012616,0.00676049059256911,0.00589083740487695,0.00684313010424376,0.00649238703772426,0.00673263054341078,0.00808447785675526,0.00738436495885253,0.00696776574477553,0.00760281132534146,0.00683276169002056,0.00634269416332245,0.00593399116769433,0.00657797418534756,0.00701996451243758,0.00717652775347233,0.00663182279095054,0.00728661613538861,0.00789998937398195,0.00569438841193914,0.00691784964874387,0.00722577841952443,
1658.0,0.00726458244025707,0.00738000171259046,0.00691016111522913,0.00687242485582829,0.00594946136698127,0.00634066062048078,0.0066728200763464,0.00707832630723715,0.00683670397847891,0.00757128791883588,0.00667869346216321,0.00684919627383351,0.00743421958759427,0.00779486773535609,0.00724565330892801,0.00698454352095723,0.00686802249401808,0.00764042418450117,0.00753485830500722,0.00725602731108665,0.00616348534822464,0.00734687596559525,0.0059194341301918,0.00757894059643149,0.00770032312721014,0.00770882191136479,0.0070153558626771,0.00674965186044574,0.00588712096214294,0.00684080692008138,0.00648638000711799,0.00672550313174725,0.00807470828294754,0.00737821310758591,0.00696243019774556,0.00759550230577588,0.00682622380554676,0.00633844593539834,0.00592786492779851,0.00657273828983307,0.00701318401843309,0.00716910557821393,0.00662849424406886,0.00728013180196285,0.00789142493158579,0.00568856531754136,0.00691133458167315,0.00722647225484252,
1659.0,0.00724743073806167,0.00736566772684455,0.00690525537356734,0.00685474975034595,0.00593897653743625,0.00634343968704343,0.00666586635634303,0.00706519978120923,0.00682568643242121,0.00756453815847635,0.00667624827474356,0.00684983376413584,0.0074179801158607,0.0077858567237854,0.00723911542445421,0.00696816854178905,0.00686049601063132,0.00762628018856049,0.00751656759530306,0.0072508011944592,0.00615709833800793,0.0073333433829248,0.00591482315212488,0.00757051398977637,0.00769683998078108,0.00769179267808795,0.00700407195836306,0.00672579137608409,0.00588448345661163,0.00683721015229821,0.00648283772170544,0.00671185413375497,0.00806287676095963,0.00737288640812039,0.00696035241708159,0.00758439069613814,0.00682064238935709,0.00633692275732756,0.00591616798192263,0.00656558200716972,0.00700410781428218,0.00715396972373128,0.00662416964769363,0.00726548116654158,0.00787870027124882,0.00568002555519342,0.00690322834998369,0.00722800102084875,
1660.0,0.00722943618893623,0.00734273158013821,0.00688820518553257,0.0068319640122354,0.00592402974143624,0.00632969150319695,0.00664521753787994,0.00704851560294628,0.00680671771988273,0.00754392426460981,0.00665621040388942,0.00683344248682261,0.00739631755277514,0.00776234827935696,0.00721966940909624,0.00694730598479509,0.00684161437675357,0.00760249607264996,0.00749085564166307,0.00723361084237695,0.00613672891631722,0.00731078023090959,0.00590152852237225,0.00754794990643859,0.00767913553863764,0.00766802439466119,0.00698293233290315,0.00670460099354386,0.00587222119793296,0.00682035367935896,0.00646620523184538,0.00669691944494843,0.00803872011601925,0.00735413609072566,0.00694713508710265,0.00756339868530631,0.0068008229136467,0.00632320391014218,0.00590136973187327,0.00654911529272795,0.00698717264458537,0.00713493907824159,0.00660834088921547,0.00724843004718423,0.0078573739156127,0.00566390482708812,0.00688615348190069,0.00721268029883504,
1661.0,0.00721033057197928,0.00731222052127123,0.00686860224232078,0.00680051650851965,0.00590222701430321,0.00630956934764981,0.00661160331219435,0.00702461740002036,0.00678106443956494,0.00751123111695051,0.00661777332425117,0.00680824089795351,0.00736688217148185,0.00772893661633134,0.00718962727114558,0.00691617885604501,0.00681475084275007,0.00756999105215073,0.00745435291901231,0.00720566883683205,0.00610425695776939,0.00727421417832375,0.00588296353816986,0.00751524837687612,0.00765294441953301,0.00763409864157438,0.00695018051192164,0.00668091000989079,0.0058580213226378,0.00679500959813595,0.00643734261393547,0.0066801430657506,0.00799837801605463,0.00732202176004648,0.00692551350221038,0.00753100961446762,0.00677068065851927,0.00630483590066433,0.00588556146249175,0.00652649626135826,0.00696346489712596,0.00711476290598512,0.00658940896391869,0.00722662499174476,0.00782947987318039,0.00564092816784978,0.0068587246350944,0.00718975206837058,
1662.0,0.00717933615669608,0.00727615784853697,0.006840864662081,0.00677365716546774,0.00587477069348097,0.00628450326621532,0.0065829330123961,0.00699473917484283,0.00674809142947197,0.00747515354305506,0.00658655166625977,0.00677688186988235,0.00733162416145206,0.00769408140331507,0.00715833296999335,0.00688591366633773,0.00678804516792297,0.00753730908036232,0.00742569845169783,0.00717509910464287,0.00607737479731441,0.007243646774441,0.00585958594456315,0.00748101016506553,0.00761917140334845,0.00759696355089545,0.00691808667033911,0.00664977449923754,0.0058329701423645,0.00676797004416585,0.00641005299985409,0.00665208790451288,0.00796383246779442,0.00728918937966228,0.0068973577581346,0.00749695859849453,0.00673700869083405,0.00628004688769579,0.00586299551650882,0.00650004716590047,0.00693634338676929,0.00708162179216743,0.00656235124915838,0.0071946051903069,0.00779517041519284,0.00561597896739841,0.00683233002200723,0.00715448940172791,
1663.0,0.00714134052395821,0.00722836004570127,0.00680100359022617,0.00674380641430616,0.00584101863205433,0.006248380523175,0.00654913252219558,0.00695928651839495,0.00670515792444348,0.00743103213608265,0.00654981238767505,0.00673339562490582,0.00728829530999064,0.00764554459601641,0.00711750658228993,0.00685250433161855,0.0067522362805903,0.0074971872381866,0.00739341415464878,0.00713647063821554,0.006043063942343,0.00721015641465783,0.00582793820649385,0.0074351760558784,0.00757446605712175,0.00755252316594124,0.00687857763841748,0.00661149993538857,0.00579589884728193,0.00673035718500614,0.00637769605964422,0.0066149877384305,0.00792673230171204,0.00724964309483767,0.00686273397877812,0.00745513243600726,0.00669170543551445,0.00624546082690358,0.00583118991926312,0.00646493164822459,0.006901397369802,0.00703574577346444,0.00652038492262363,0.00715291686356068,0.00775009114295244,0.00558430841192603,0.00680095516145229,0.00709962425753474,
1664.0,0.00710272789001465,0.00718822656199336,0.00676601566374302,0.00671516545116901,0.00581160234287381,0.00621876958757639,0.00651519512757659,0.0069259712472558,0.00666608288884163,0.00739199435338378,0.00651499815285206,0.00669964030385017,0.00724981538951397,0.00761178182438016,0.00708567770197988,0.00681956531479955,0.00672141322866082,0.00745847402140498,0.00735987490043044,0.00710002239793539,0.00601570960134268,0.00717906234785914,0.00579774379730225,0.00739744817838073,0.00753549719229341,0.00751524558290839,0.00684653874486685,0.00657816836610436,0.00576557125896215,0.0066974088549614,0.00634762225672603,0.00658461498096585,0.00788640603423119,0.00721312873065472,0.0068283979780972,0.00741852913051844,0.00665766932070255,0.00621365010738373,0.00580665422603488,0.0064330087043345,0.00687231728807092,0.00699698738753796,0.0064902575686574,0.00711971055716276,0.0077119511552155,0.0055560446344316,0.00677320593968034,0.00706353411078453,
1665.0,0.00704988278448582,0.00714144855737686,0.00672544585540891,0.00668588420376182,0.00577392149716616,0.00618615606799722,0.00647825701162219,0.0068824659101665,0.00661735935136676,0.00734295137226582,0.00647592591121793,0.00666022533550859,0.00720122316852212,0.00758099043741822,0.00705227209255099,0.00677940063178539,0.00669014593586326,0.00741562526673079,0.00732655869796872,0.00705498596653342,0.00599025888368487,0.0071449987590313,0.00576126389205456,0.00735599221661687,0.00748728821054101,0.00746995722874999,0.00681139016523957,0.00653717061504722,0.00572710437700152,0.00666157668456435,0.00631239311769605,0.00654515624046326,0.00783849786967039,0.00716758240014315,0.00678222207352519,0.0073751206509769,0.00661981943994761,0.00617489125579596,0.0057802558876574,0.00639598397538066,0.00684009166434407,0.00694863824173808,0.00645960913971066,0.00707705970853567,0.00766680436208844,0.00552436802536249,0.00674217380583286,0.00702332053333521,
1666.0,0.00701786810532212,0.00711150420829654,0.00669759791344404,0.00666078366339207,0.00574839767068625,0.00615909043699503,0.00644981302320957,0.00685259699821472,0.00658621918410063,0.00731230666860938,0.00644949870184064,0.00663188984617591,0.00717293890193105,0.00755040254443884,0.0070223375223577,0.00675354851409793,0.00666361302137375,0.00738263502717018,0.007299714256078,0.00702557386830449,0.00596987316384912,0.00711951497942209,0.00573544343933463,0.00732836779206991,0.00745380250737071,0.00744166551157832,0.00678531266748905,0.00651135202497244,0.00570506975054741,0.00663354387506843,0.00628580804914236,0.00651882402598858,0.00780469318851829,0.00713950116187334,0.00675097014755011,0.00734528014436364,0.00659346207976341,0.00614955648779869,0.00575771927833557,0.00637007318437099,0.00681242719292641,0.00691839586943388,0.00643325829878449,0.00705039221793413,0.0076369266025722,0.00549850054085255,0.00671575125306845,0.00699265021830797,
1667.0,0.00699038757011294,0.00708735920488834,0.0066702370531857,0.00663312897086143,0.00572855770587921,0.00613150419667363,0.00641778530552983,0.00682958634570241,0.00655830930918455,0.00729079125449061,0.00642428314313293,0.00660953763872385,0.00715408008545637,0.00752187985926867,0.00699512055143714,0.00673148222267628,0.00663556810468435,0.00734780868515372,0.00726625462993979,0.00700042536482215,0.0059497207403183,0.00709637207910419,0.00571032473817468,0.0073054232634604,0.00742542883381248,0.00742447236552835,0.0067646661773324,0.00649078376591206,0.00568966660648584,0.0066046928986907,0.00625984231010079,0.00649996800348163,0.00777047034353018,0.00711628329008818,0.00672374293208122,0.00731971487402916,0.00657388754189014,0.00612558610737324,0.00573693076148629,0.00634404318407178,0.00678698439151049,0.00689459918066859,0.00640776613727212,0.00703435763716698,0.00761226518079638,0.00547319231554866,0.00669035548344254,0.00697269383817911,
1668.0,0.00697560282424092,0.00707228016108274,0.00665557384490967,0.0066181868314743,0.00571556994691491,0.00611595902591944,0.00640292186290026,0.00680794706568122,0.00654605869203806,0.00727243581786752,0.00641078129410744,0.00659437896683812,0.00713797938078642,0.00750267505645752,0.006974290125072,0.00671725813299418,0.00661717867478728,0.00732683343812823,0.00725318305194378,0.00698115909472108,0.00594022544100881,0.00708036590367556,0.00569258024916053,0.00728939659893513,0.00740592926740646,0.00740682473406196,0.0067488718777895,0.00648144166916609,0.00567833473905921,0.0065867155790329,0.00624723453074694,0.00648691691458225,0.00774941453710198,0.00710532767698169,0.00670511787757277,0.00730581721290946,0.00656158104538918,0.00611118320375681,0.00572267873212695,0.00633169990032911,0.0067663318477571,0.00687993410974741,0.00639371341094375,0.00701935729011893,0.00759704364463687,0.00545572070404887,0.00667355908080935,0.00695258704945445,
1669.0,0.00697628362104297,0.00706933392211795,0.00665353797376156,0.00661337003111839,0.00570902647450566,0.00610742112621665,0.00640091532841325,0.00678851967677474,0.00654923357069492,0.00726168183609843,0.006411864887923,0.00658581033349037,0.00713237561285496,0.00748660881072283,0.00695411441847682,0.0067147365771234,0.00660611456260085,0.00731801567599177,0.00725929765030742,0.00697062769904733,0.00594255235046148,0.00707175116986036,0.00568307656794786,0.00728566385805607,0.0073949615471065,0.00739435898140073,0.00673822313547134,0.00648595253005624,0.0056769885122776,0.0065771983936429,0.00624485313892365,0.00647934013977647,0.00774192716926336,0.007109759375453,0.00669262930750847,0.00730311311781406,0.00655879219993949,0.00610952079296112,0.00571106560528278,0.00633282633498311,0.00674654077738523,0.00687646213918924,0.00638796621933579,0.00700798165053129,0.00759340124204755,0.0054428861476481,0.0066617364063859,0.00693298922851682,
1670.0,0.00696696061640978,0.00706558907404542,0.00664892885833979,0.0066028730943799,0.0057009938172996,0.00609987368807197,0.00639762356877327,0.00677689583972096,0.00654599349945784,0.00725365895777941,0.00640300288796425,0.00657740933820605,0.00712261348962784,0.00747329974547029,0.00694349920377135,0.00670350901782513,0.00659585511311889,0.00730684353038669,0.0072490107268095,0.0069620874710381,0.00593207171186805,0.00706213992089033,0.00567340571433306,0.00727563491091132,0.00738492235541344,0.00738495588302612,0.00672906637191772,0.00647725770249963,0.00567082269117236,0.00657091895118356,0.00623702304437757,0.00647181132808328,0.00773085001856089,0.00710209086537361,0.00668637966737151,0.007296372205019,0.00654784683138132,0.00609927671030164,0.00570373004302382,0.00632531708106399,0.00673482520505786,0.00687196804210544,0.00637674564495683,0.00700159929692745,0.00758586172014475,0.00543306954205036,0.00664839474484324,0.0069186482578516,
1671.0,0.006963727530092,0.00707215489819646,0.00665386067703366,0.00659947050735354,0.00570119917392731,0.00610352167859674,0.0064053675159812,0.00677277147769928,0.00655460171401501,0.0072535234503448,0.00639749364927411,0.00657869502902031,0.00711720436811447,0.00747168157249689,0.00694592297077179,0.00669493479654193,0.00659245485439897,0.00730249052867293,0.0072429608553648,0.00696053821593523,0.00592442043125629,0.007059411611408,0.00566787039861083,0.00726871192455292,0.00738605484366417,0.00738179730251431,0.006727603264153,0.00647438177838922,0.00566820474341512,0.00657291803508997,0.00623870687559247,0.00647373916581273,0.00772774638608098,0.00710080191493034,0.00669305864721537,0.00730060925707221,0.00654238881543279,0.00609075743705034,0.00570619571954012,0.00632349587976933,0.00673358188942075,0.00687726913020015,0.0063743251375854,0.0070060957223177,0.00758788082748652,0.00543064763769507,0.00664211623370647,0.00691153528168797,
1672.0,0.00695307133719325,0.00706114713102579,0.00664239563047886,0.00658392813056707,0.00569322751834989,0.00609406922012568,0.00639951275661588,0.00676395557820797,0.00654544634744525,0.00724296318367124,0.00638645514845848,0.00656883232295513,0.00710305804386735,0.00745948869735003,0.00693655107170343,0.00668269954621792,0.00658162403851748,0.00729276286438107,0.00722607271745801,0.00694918958470225,0.00590819912031293,0.00704690953716636,0.0056589525192976,0.00725564127787948,0.00737219862639904,0.00737074669450521,0.00671776896342635,0.00646135676652193,0.00565727474167943,0.0065674209035933,0.00622684089466929,0.00646548299118876,0.00771196885034442,0.00708846934139729,0.00668488349765539,0.00728813000023365,0.00653013912960887,0.00608093850314617,0.00569721730425954,0.00631432607769966,0.00672136899083853,0.00686907721683383,0.00635926891118288,0.00699447933584452,0.00757313193753362,0.00542307598516345,0.0066304812207818,0.0069022411480546,
1673.0,0.00693731475621462,0.00704905344173312,0.00662941299378872,0.00656122667714953,0.00568296061828732,0.00608181674033403,0.00639398628845811,0.00676320074126124,0.00653016986325383,0.00723668467253447,0.00637281406670809,0.00655663665384054,0.0070875808596611,0.00744498567655683,0.0069303261116147,0.00666837580502033,0.00657268613576889,0.00728610390797257,0.00720033189281821,0.00694259908050299,0.00588085176423192,0.00703362235799432,0.00565527798607945,0.00724184093996882,0.00735561037436128,0.0073637212626636,0.0067094350233674,0.00643788278102875,0.00564542412757874,0.00656785583123565,0.00620668847113848,0.00645584193989635,0.00769455777481198,0.00706837512552738,0.00667934818193316,0.00726931262761354,0.00651044026017189,0.00607025437057018,0.00568718416616321,0.0063011790625751,0.00671079289168119,0.0068613369949162,0.00633449433371425,0.00698155630379915,0.00755256321281195,0.00541900424286723,0.0066176624968648,0.0068975118920207,
1674.0,0.00692151486873627,0.00702641438692808,0.00660619325935841,0.00654213363304734,0.0056670350022614,0.00606534583494067,0.00637686997652054,0.00674506276845932,0.00650937994942069,0.00721405213698745,0.0063542970456183,0.0065392036922276,0.00706832902505994,0.00742444070056081,0.006910998839885,0.00664925714954734,0.00655579753220081,0.00726821040734649,0.00717411655932665,0.00692117959260941,0.005864760838449,0.0070141009055078,0.00563747901469469,0.00722341984510422,0.00733553431928158,0.00734397675842047,0.00669009424746037,0.0064182672649622,0.0056273122318089,0.0065524191595614,0.00619107950478792,0.00643567275255919,0.00767299346625805,0.00704627577215433,0.00666053174063563,0.00724727008491755,0.00649587297812104,0.00605596182867885,0.00567231886088848,0.00628511980175972,0.00669400673359632,0.0068407291546464,0.00631577288731933,0.00696244928985834,0.00753099378198385,0.00540438573807478,0.00659759342670441,0.0068812221288681,
1675.0,0.00690637901425362,0.00698861945420504,0.00656824884936213,0.00651929853484035,0.00564695475623012,0.00604345183819532,0.00634940946474671,0.00671831332147121,0.00647911382839084,0.0071775047108531,0.00633260933682323,0.00651682261377573,0.00704220309853554,0.00739997997879982,0.00688268709927797,0.00662828609347343,0.00653253681957722,0.00724578369408846,0.00714111514389515,0.00688507594168186,0.00585227133706212,0.00698747811838984,0.00561138615012169,0.00720078824087977,0.00730746798217297,0.00731592159718275,0.00666332757100463,0.00639878353103995,0.00560045056045055,0.00652814423665404,0.00617527309805155,0.00640861596912146,0.00764221837744117,0.00702047487720847,0.00662771379575133,0.00721716182306409,0.00648612668737769,0.00604396220296621,0.00565229961648583,0.00626851711422205,0.0066701197065413,0.00680839037522674,0.00629709661006927,0.00693285511806607,0.00750153651461005,0.00538485962897539,0.00657567195594311,0.00686350045725703,
1676.0,0.00688449526205659,0.00696099316701293,0.00654315948486328,0.00650074984878302,0.00562971830368042,0.00602131197229028,0.0063242306932807,0.00669218646362424,0.00645312527194619,0.00715079577639699,0.00630977656692266,0.00649351580068469,0.0070191384293139,0.00737575627863407,0.00685465568676591,0.00660517532378435,0.00651034666225314,0.00722002144902945,0.00712069496512413,0.00686240289360285,0.00583390286192298,0.00696328282356262,0.00559049984440207,0.00717700412496924,0.00728281820192933,0.0072854277677834,0.00663730269297957,0.00637781945988536,0.00558144459500909,0.0065017775632441,0.00615377770736814,0.00638478575274348,0.00761844357475638,0.00699538923799992,0.00660567497834563,0.00719234347343445,0.00646477518603206,0.0060200858861208,0.00562988547608256,0.00624541845172644,0.00664866110309958,0.0067822402343154,0.00627704197540879,0.0069070584140718,0.00747420592233539,0.00536468904465437,0.00655208714306355,0.00683974660933018,
1677.0,0.00685746455565095,0.00693354429677129,0.00651648780331016,0.00648584915325046,0.0056084948591888,0.00599543331190944,0.00629299599677324,0.0066564385779202,0.00642250990495086,0.00711923977360129,0.00627919007092714,0.00646607577800751,0.00699726631864905,0.00734645873308182,0.00681906659156084,0.00657465122640133,0.00648491736501455,0.00718557368963957,0.00710151670500636,0.00683960737660527,0.00581734208390117,0.00693696783855557,0.00556338811293244,0.00714869983494282,0.00725854141637683,0.00724459253251553,0.00660393107682467,0.00635416200384498,0.00556164374575019,0.00646486040204763,0.00613017054274678,0.00635225186124444,0.00759719265624881,0.00696331821382046,0.00658271089196205,0.00716545945033431,0.00643783714622259,0.0059866476804018,0.00560215907171369,0.00621358910575509,0.00662580784410238,0.00675024930387735,0.00625602900981903,0.00687985774129629,0.0074477638117969,0.0053364266641438,0.00651960587128997,0.0068033798597753,
1678.0,0.00683075748383999,0.00690500345081091,0.00649675633758307,0.00646572886034846,0.00558949494734406,0.00597299449145794,0.00626654038205743,0.00663148099556565,0.00639993045479059,0.00709455087780952,0.00626149075105786,0.00644015613943338,0.00697185611352324,0.00731962965801358,0.00679214717820287,0.00655309157446027,0.00646166130900383,0.0071564675308764,0.00708252983167768,0.00681608822196722,0.00579637987539172,0.00691107520833611,0.00554308155551553,0.00712627544999123,0.00723322201520205,0.00722074368968606,0.00657745776697993,0.0063300565816462,0.00554515840485692,0.00644034892320633,0.00610626488924026,0.00632966356351972,0.00757221970707178,0.00694258278235793,0.006558942142874,0.00714332843199372,0.0064130462706089,0.00595968356356025,0.00558338686823845,0.00619000801816583,0.00660588918253779,0.00672440929338336,0.00623951153829694,0.00685689272359014,0.00741827115416527,0.00531876320019364,0.00649525923654437,0.00678014289587736,
1679.0,0.00680011697113514,0.00687350425869226,0.00648601399734616,0.00644520903006196,0.00557260029017925,0.00594849744811654,0.00623937742784619,0.00660890620201826,0.00638120528310537,0.00707698706537485,0.00624917540699244,0.0064115789718926,0.00694258511066437,0.00729404995217919,0.00676420796662569,0.00653524976223707,0.00643722712993622,0.00712598627433181,0.00707478309050202,0.00679806806147099,0.00576767651364207,0.00688286311924458,0.00552816176787019,0.00710394885390997,0.0072050616145134,0.00719913700595498,0.00655266456305981,0.00630468735471368,0.0055330554023385,0.00641733594238758,0.00607526721432805,0.0063134441152215,0.00754433171823621,0.00692808674648404,0.00653785839676857,0.00712460093200207,0.00637958338484168,0.00592608097940683,0.00556336808949709,0.00616487301886082,0.00658555328845978,0.00670174183323979,0.00622357288375497,0.00683372002094984,0.00738232396543026,0.00530406460165977,0.00647431286051869,0.00676078163087368,
1680.0,0.00677358312532306,0.00685561215505004,0.00646336982026696,0.00642172247171402,0.00555801810696721,0.00593035016208887,0.00621780939400196,0.00658944668248296,0.00635984726250172,0.00705253519117832,0.00623469380661845,0.00638961931690574,0.00691850623115897,0.00726874452084303,0.00674677547067404,0.00651512620970607,0.00641656061634421,0.0070995818823576,0.00705322343856096,0.00677403993904591,0.00574922142550349,0.00686127319931984,0.00551089458167553,0.00708245532587171,0.00718255108222365,0.00717979576438665,0.00652997335419059,0.00628441199660301,0.00551841128617525,0.00639623124152422,0.00605518277734518,0.006293969694525,0.00752507848665118,0.0069089075550437,0.00651592575013638,0.00710139609873295,0.00636231526732445,0.00590548617765307,0.00554839195683599,0.00614587124437094,0.00656601553782821,0.00668018544092774,0.00620831921696663,0.00680885557085276,0.00735761970281601,0.00529144145548344,0.00645432388409972,0.00673954794183373,
1681.0,0.00674569513648748,0.00684341555461288,0.00643835868686438,0.0063933995552361,0.00554350251331925,0.00591520173475146,0.00619896780699492,0.00657393131405115,0.00633989134803414,0.0070251296274364,0.00622609397396445,0.00636865152046084,0.0068939127959311,0.00723960995674133,0.00673687132075429,0.00649632094427943,0.0063972701318562,0.00707375118508935,0.00702144717797637,0.00674315821379423,0.00573428301140666,0.00684154825285077,0.00549191469326615,0.00706563796848059,0.00716359168291092,0.00717343995347619,0.00650766678154469,0.00626476900652051,0.00550288427621126,0.00638094637542963,0.00604003574699163,0.00627395370975137,0.00750960083678365,0.00689382897689939,0.00648911111056805,0.00707796355709434,0.00635555852204561,0.00589235872030258,0.0055421912111342,0.00613355124369264,0.00654906034469604,0.0066585224121809,0.00619820132851601,0.00678593013435602,0.00733638973906636,0.00528464373201132,0.00643517123535275,0.00672341324388981,
1682.0,0.00672792829573154,0.00683036586269736,0.0064128078520298,0.0063743949867785,0.00552654173225164,0.00590756349265575,0.0061845425516367,0.00656252214685082,0.00632261391729116,0.00700363237410784,0.00621022423729301,0.0063531082123518,0.00687162298709154,0.00722106173634529,0.00672516552731395,0.00647797482088208,0.00637832935899496,0.00705469632521272,0.00699988286942244,0.00672115385532379,0.00572240026667714,0.00682634580880404,0.00547650270164013,0.00704424269497395,0.00713586108759046,0.00714419363066554,0.00649597076699138,0.00624994793906808,0.00548651488497853,0.00636057695373893,0.0060232006944716,0.00625896779820323,0.00748737249523401,0.00687231821939349,0.00647048000246286,0.00705607514828444,0.00634155375882983,0.00588136864826083,0.00553249195218086,0.00611593155190349,0.00653282273560762,0.00664694514125586,0.00618178443983197,0.00676370225846767,0.00732220383360982,0.00526927085593343,0.00641788868233562,0.00669389590620995,
1683.0,0.00670995516702533,0.00681890547275543,0.00638917228206992,0.0063515012152493,0.00551564339548349,0.00589682999998331,0.00616890238597989,0.00655025150626898,0.00630603032186627,0.00698357075452805,0.00619250582531095,0.00634043244645,0.00685675488784909,0.00720731308683753,0.00671738525852561,0.0064632878638804,0.00636292994022369,0.00704101147130132,0.00697557907551527,0.00670122634619474,0.00570903206244111,0.00681289099156857,0.00546897947788239,0.00701878499239683,0.00711287232115865,0.00712101487442851,0.00648429989814758,0.00623026769608259,0.00547753181308508,0.00634201616048813,0.00601612217724323,0.00624993862584233,0.00746836932376027,0.00684685492888093,0.00645837094634771,0.00703563541173935,0.00632430892437696,0.00587275624275208,0.00551756238564849,0.00610106764361262,0.00651390571147203,0.00663416460156441,0.00616044783964753,0.00674500083550811,0.00730648590251803,0.00525808008387685,0.00640674959868193,0.00666828965768218,
1684.0,0.00669505819678307,0.00680193863809109,0.00637608068063855,0.00632954156026244,0.00549774104729295,0.00588380079716444,0.0061531001701951,0.00653605442494154,0.00629886519163847,0.00696664163842797,0.00617323769256473,0.00633268244564533,0.00684122461825609,0.00718410918489099,0.0067011397331953,0.00644346838817,0.00634738616645336,0.00703224446624517,0.00694598583504558,0.00668066926300526,0.00570150604471564,0.00679909344762564,0.00546758947893977,0.00699771475046873,0.00708653638139367,0.00709707941859961,0.00646924320608377,0.00621637934818864,0.00545831164345145,0.00632211472839117,0.00600842805579305,0.00624092249199748,0.00745147559791803,0.00682490319013596,0.00644070887938142,0.00701815774664283,0.00629252986982465,0.0058545102365315,0.00550460163503885,0.00609026150777936,0.00650111446157098,0.00661763548851013,0.00613632937893271,0.00674125924706459,0.00728863198310137,0.0052467156201601,0.00639007054269314,0.00665128184482455,
1685.0,0.00667895283550024,0.00678090751171112,0.00636093271896243,0.0063129123300314,0.00547245377674699,0.00587652903050184,0.00613603228703141,0.0065220957621932,0.00629003904759884,0.00694994255900383,0.00615377211943269,0.00632685329765081,0.00682736001908779,0.00716650765389204,0.00668291840702295,0.00642336765304208,0.00633214879781008,0.00701706251129508,0.00692878710106015,0.00666537275537848,0.00569047080352902,0.00677758688107133,0.0054623382166028,0.00697632040828466,0.00706598209217191,0.00707510625943542,0.00645583029836416,0.00619386835023761,0.00544759817421436,0.00630697561427951,0.00599398463964462,0.00622513238340616,0.00742111727595329,0.00680182501673698,0.00643024314194918,0.00700027588754892,0.00626147072762251,0.00583569332957268,0.00548937637358904,0.00607477780431509,0.00648377370089293,0.00660207448527217,0.00611773366108537,0.00673046475276351,0.00727134710177779,0.00522995879873633,0.00637064641341567,0.00662708934396505,
1686.0,0.00666141323745251,0.00675649754703045,0.00634147273376584,0.00629002042114735,0.00545617379248142,0.00585304806008935,0.00612258492037654,0.0065060006454587,0.0062747779302299,0.00693308794870973,0.00613397918641567,0.00631130021065474,0.00681349541991949,0.00713712861761451,0.00666176341474056,0.00640275049954653,0.00631874473765492,0.00699239270761609,0.00691168522462249,0.00664359517395496,0.00567792123183608,0.00675110565498471,0.0054533826187253,0.00695725996047258,0.00705023948103189,0.00705718528479338,0.00644033029675484,0.00616519246250391,0.00543790822848678,0.00628940667957067,0.0059787891805172,0.00620615528896451,0.00739678414538503,0.00678362930193543,0.00641416106373072,0.00697731738910079,0.00624281680211425,0.00581871019676328,0.00547347404062748,0.00606023427098989,0.00645948527380824,0.00657999888062477,0.00609956681728363,0.00670937681570649,0.00725413346663117,0.00521091558039188,0.00635924749076366,0.00660659465938807,
1687.0,0.00664171669632196,0.00673294113948941,0.00631608488038182,0.00626868335530162,0.00543846422806382,0.00583263859152794,0.00611149007454515,0.00648656254634261,0.0062597063370049,0.00691128941252828,0.00611265283077955,0.00629147700965405,0.00679690530523658,0.00710331881418824,0.00663193268701434,0.00637602480128407,0.00630239630118012,0.00696967775002122,0.00688391830772161,0.00661971885710955,0.0056696580722928,0.00673334347084165,0.00543780811131001,0.00694087659940124,0.00702933268621564,0.00703362142667174,0.00641975039616227,0.00614646216854453,0.00541420001536608,0.00627172319218516,0.00595729099586606,0.00618151435628533,0.00738037470728159,0.00676908763125539,0.00638669822365046,0.0069569181650877,0.00622535170987248,0.00579944858327508,0.00546188140287995,0.00604245020076633,0.00643742410466075,0.0065542939119041,0.00607753591611981,0.00668785581365228,0.00723667675629258,0.00519767869263887,0.00633876165375113,0.00658948672935367,
1688.0,0.0066117406822741,0.00670389691367745,0.00629349518567324,0.00625152187421918,0.00541768735274673,0.00582134258002043,0.00609497679397464,0.00646619964390993,0.00623725214973092,0.00689066061750054,0.0060945451259613,0.00626251148059964,0.00677322456613183,0.00707509508356452,0.00660010892897844,0.00635217176750302,0.00627817213535309,0.00694520771503448,0.00686270277947187,0.00660304073244333,0.00565492734313011,0.0067177708260715,0.00541273131966591,0.00692089041694999,0.00700793648138642,0.00700307497754693,0.00640064245089889,0.00612706178799272,0.00539536122232676,0.00625474564731121,0.00593227008357644,0.00616174610331655,0.00734416767954826,0.00675388658419251,0.00636294577270746,0.00694110151380301,0.00621515279635787,0.005787318572402,0.00544918421655893,0.00601513590663671,0.00640891306102276,0.00653779180720448,0.00605891738086939,0.00666419044137001,0.00721091683954,0.00517959939315915,0.00630668364465237,0.00656594289466739,
1689.0,0.00658449018374085,0.00667508924379945,0.00627099769189954,0.00623066909611225,0.00540015380829573,0.00579748814925551,0.00607911730185151,0.00644839322194457,0.00621042028069496,0.00686656450852752,0.00607576826587319,0.00622945232316852,0.00674672750756145,0.00704500963911414,0.00657023955136538,0.00633154949173331,0.00625920575112104,0.00691385194659233,0.006842075381428,0.00657783262431622,0.00563565688207746,0.00669550243765116,0.00539023755118251,0.00690060667693615,0.00698453467339277,0.00697158696129918,0.0063801403157413,0.0061050015501678,0.00537498621270061,0.006228466052562,0.00590723380446434,0.00614006211981177,0.00731862289831042,0.00674086809158325,0.00633807061240077,0.00692064175382257,0.00620180927217007,0.00577050121501088,0.00543149886652827,0.00598893128335476,0.00638434896245599,0.00652074767276645,0.00604106206446886,0.00663922727108002,0.00718398718163371,0.00515727372840047,0.00628082687035203,0.00654319720342755,
1690.0,0.0065580178052187,0.00665979972109199,0.006241450086236,0.0062066912651062,0.00537585979327559,0.0057762679643929,0.00605209497734904,0.0064156805165112,0.00618399679660797,0.00683588441461325,0.00604769820347428,0.00620286399498582,0.00671862810850143,0.00701463036239147,0.00653943372890353,0.00631031673401594,0.00624113297089934,0.00688202073797584,0.00681523513048887,0.00655603781342506,0.00561604090034962,0.00667148549109697,0.00536973681300879,0.00687695015221834,0.00695668067783117,0.00694361375644803,0.00635420484468341,0.00608537578955293,0.00534831639379263,0.00620097573846579,0.00588256167247891,0.00611583795398474,0.00730134872719646,0.00672423606738448,0.00631540501490235,0.00689753005281091,0.00617078877985477,0.00574347842484713,0.00541135668754578,0.00596735626459122,0.00637323269620538,0.00649462593719363,0.00601936178281903,0.00661870185285807,0.00715799396857619,0.005141313187778,0.00625809235498309,0.00652468530461192,
1691.0,0.00652898335829377,0.00664195092394948,0.00622160499915481,0.00618391111493111,0.00535162258893251,0.00575572159141302,0.00601727422326803,0.0063845282420516,0.00615209527313709,0.00680853659287095,0.00602111546322703,0.00617727031931281,0.00668971845880151,0.00698117492720485,0.00651365099474788,0.00628763670101762,0.00621860194951296,0.00685054203495383,0.00679071480408311,0.00653909519314766,0.00559423305094242,0.00664285896345973,0.00534705072641373,0.00684979185461998,0.00693199830129743,0.00691369129344821,0.00632776133716106,0.00606351858004928,0.0053259264677763,0.00617666309699416,0.00586083345115185,0.00609056418761611,0.00727378949522972,0.00670334836468101,0.00629626773297787,0.00686985300853848,0.00614368729293346,0.00571581302210689,0.00538974022492766,0.00594665063545108,0.00635863188654184,0.00646847719326615,0.00599594879895449,0.0066018714569509,0.0071279969997704,0.00511840311810374,0.00623219134286046,0.00650144973769784,
1692.0,0.00650245836004615,0.00662035262212157,0.00620364816859365,0.00615811999887228,0.0053285900503397,0.00572792021557689,0.00598657364025712,0.00636466778814793,0.00612426688894629,0.0067783952690661,0.00599670456722379,0.0061476887203753,0.00665998784825206,0.00694431876763701,0.00648839632049203,0.00626325327903032,0.00619663950055838,0.00681460695341229,0.00676347687840462,0.00651184748858213,0.0055659580975771,0.00660612201318145,0.00532809784635901,0.00681678578257561,0.00690991571173072,0.00688632484525442,0.00629564607515931,0.00603577587753534,0.00529881240800023,0.00615292601287365,0.00583642674610019,0.00605896767228842,0.00725325755774975,0.00667470088228583,0.00626822793856263,0.00684118876233697,0.00611757626757026,0.00568666541948915,0.00536445342004299,0.00593174574896693,0.00633624708279967,0.0064395722001791,0.00597333582118154,0.00657445285469294,0.00710310414433479,0.00509320525452495,0.00621695211157203,0.00647122599184513,
1693.0,0.0064796176739037,0.006593300960958,0.00617216201499105,0.00612570717930794,0.00530117191374302,0.00570233818143606,0.00595608958974481,0.00633504055440426,0.00609749695286155,0.00674349721521139,0.00596376415342093,0.0061154942959547,0.00662606628611684,0.00691240048035979,0.00645846547558904,0.0062365485355258,0.00616923067718744,0.00678145792335272,0.00673605501651764,0.0064837452955544,0.00554167293012142,0.00657275319099426,0.0053068813867867,0.00678309286013246,0.0068809655494988,0.00686519686132669,0.00626457156613469,0.00600735191255808,0.00526839215308428,0.0061329840682447,0.00581093225628138,0.00603138189762831,0.00722854444757104,0.00664193090051413,0.0062417876906693,0.00681489845737815,0.00609026756137609,0.00566267734393477,0.00533879268914461,0.00591163942590356,0.00631194608286023,0.00640871049836278,0.00594633771106601,0.00654245493933558,0.00707704573869705,0.00507136480882764,0.00619910936802626,0.00644251238554716,
1694.0,0.00644985632970929,0.00655156839638948,0.00614128168672323,0.00609634071588516,0.00527644390240312,0.00566931022331119,0.0059341499581933,0.00631392886862159,0.00606111390516162,0.00671357894316316,0.00593713996931911,0.00609159236773849,0.00659765535965562,0.0068918582983315,0.00643299845978618,0.00620519835501909,0.00613569002598524,0.00675634341314435,0.00670846691355109,0.00645602308213711,0.00551628554239869,0.00654785288497806,0.00528234196826816,0.00675454223528504,0.00685029849410057,0.00683481898158789,0.00623610895127058,0.00598321808502078,0.00524122593924403,0.00611078971996903,0.00578296137973666,0.00600866042077541,0.00719840172678232,0.00661012670025229,0.00621779449284077,0.00678948918357491,0.00607094680890441,0.00564323598518968,0.00531890010461211,0.00588246108964086,0.00627588666975498,0.00638512428849936,0.00591495679691434,0.00650896085426211,0.0070442552678287,0.00504526309669018,0.00616334425285459,0.00641457736492157,
1695.0,0.0064137177541852,0.00651254411786795,0.00611109659075737,0.00606972770765424,0.00524895498529077,0.00563759217038751,0.00591271091252565,0.00629302021116018,0.00603085709735751,0.0066813281737268,0.00591155514121056,0.00606754655018449,0.00656684162095189,0.00687165232375264,0.00640777824446559,0.00617361348122358,0.0061004045419395,0.00672313803806901,0.00667372019961476,0.00642277766019106,0.0054919165559113,0.00652128271758556,0.00526197208091617,0.00671567860990763,0.00682029267773032,0.00680179754272103,0.00620407797396183,0.00596195319667459,0.00521374680101871,0.00608075829222798,0.00574913807213306,0.00598695641383529,0.00716078002005816,0.00657371897250414,0.00618609227240086,0.00676445802673697,0.00604492891579866,0.00562081206589937,0.0052961646579206,0.00585252465680242,0.00623573269695044,0.00635935505852103,0.00588613608852029,0.00647243671119213,0.00701370136812329,0.00502085825428367,0.00613041874021292,0.00638492172583938,
1696.0,0.00638093892484903,0.00648094760254025,0.00607267301529646,0.00604546768590808,0.00522333150729537,0.00560985179618001,0.00588112557306886,0.00625230418518186,0.00599844846874475,0.00663814228028059,0.00587559957057238,0.00604066019877791,0.00653871474787593,0.00685267569497228,0.00638226559385657,0.00614550057798624,0.00606327457353473,0.00668738689273596,0.00663646869361401,0.0063829617574811,0.00547733251005411,0.0064912885427475,0.00523885479196906,0.00667976075783372,0.00678467657417059,0.00677440036088228,0.00617423513904214,0.00593545287847519,0.00518961623311043,0.00604668818414211,0.00571842398494482,0.00596173852682114,0.00711327185854316,0.00654095970094204,0.00616225274279714,0.00672776997089386,0.00601599691435695,0.00559661723673344,0.00527329044416547,0.00582080474123359,0.00620917836204171,0.00632283324375749,0.00585421035066247,0.0064385230652988,0.00698241358622909,0.00499538751319051,0.00609888788312674,0.00635057687759399,
1697.0,0.00634326506406069,0.00644678762182593,0.00603885296732187,0.00602271128445864,0.00520352320745587,0.00557966297492385,0.00585196213796735,0.00621258933097124,0.00596074294298887,0.00660631107166409,0.00584825500845909,0.00602206820622087,0.00651984242722392,0.00683072535321116,0.0063582113943994,0.00612177792936563,0.00602847384288907,0.00665708258748055,0.00660175271332264,0.00634640594944358,0.00545222405344248,0.00646433420479298,0.00521025247871876,0.00665281713008881,0.00674351956695318,0.00674005690962076,0.0061491671949625,0.00590201560407877,0.00517201935872436,0.00601168675348163,0.005693718791008,0.00593503145501018,0.00707224337384105,0.00651158345863223,0.00613681320101023,0.00668660458177328,0.00598804838955402,0.00556929130107164,0.00525445491075516,0.00578983314335346,0.00618825666606426,0.00628811633214355,0.00582380779087543,0.00640844367444515,0.00694934744387865,0.00497036660090089,0.00606682803481817,0.00631681131199002,
1698.0,0.0063045141287148,0.00641199247911572,0.00601348467171192,0.0059951632283628,0.00518039334565401,0.00555678363889456,0.00582569558173418,0.00617410708218813,0.00593019276857376,0.0065788603387773,0.00582244293764234,0.00599274877458811,0.00648763868957758,0.00679599307477474,0.00632357457652688,0.00610146531835198,0.00600246572867036,0.0066169872879982,0.00657171383500099,0.00632109306752682,0.00542281148955226,0.00643459381535649,0.00518326414749026,0.00661788694560528,0.00670450273901224,0.00670638447627425,0.00612233206629753,0.00586901837959886,0.00515356939285994,0.00597736379131675,0.00567016657441854,0.00590675277635455,0.00703286658972502,0.00647813221439719,0.00610337965190411,0.00665054889395833,0.00595520064234734,0.00553408125415444,0.00522444350644946,0.00575955724343657,0.00616328231990337,0.00625060871243477,0.0058028744533658,0.00638484815135598,0.00691323960199952,0.00494980532675982,0.00603257771581411,0.0062830843962729,
1699.0,0.00627387594431639,0.00638373196125031,0.00598701508715749,0.00596539909020066,0.00516044767573476,0.00553350383415818,0.00579431559890509,0.00613748840987682,0.00590203609317541,0.00653907703235745,0.00579330371692777,0.00595926260575652,0.00645266426727176,0.00676127849146724,0.00628518126904964,0.00607734965160489,0.00598321482539177,0.00658442033454776,0.00654192408546805,0.00629402650520206,0.00538853136822581,0.00640354817733169,0.00515675684437156,0.00659307464957237,0.0066667040809989,0.00667901989072561,0.00608944054692984,0.00583932781592011,0.00512872124090791,0.00595015613362193,0.00564744416624308,0.00587643310427666,0.0069924802519381,0.00644554570317268,0.00607583438977599,0.00661548692733049,0.00592544535174966,0.00549842556938529,0.0051924423314631,0.00573008740320802,0.00614011380821466,0.00621407944709063,0.00578302098438144,0.00635796971619129,0.00688008917495608,0.00492910761386156,0.00599408242851496,0.00624322146177292,
1700.0,0.0062454859726131,0.00635263463482261,0.00595560437068343,0.00593231618404388,0.00514023052528501,0.00550484051927924,0.00576948560774326,0.00610979227349162,0.00587412808090448,0.00650789309293032,0.00576811190694571,0.00593639723956585,0.00641715759411454,0.00672595528885722,0.00624687690287828,0.00604745466262102,0.00596425123512745,0.00656526396051049,0.00651720631867647,0.00626495620235801,0.0053453384898603,0.00637634750455618,0.00512985372915864,0.00657190335914493,0.00663026701658964,0.00664318120107055,0.00605361023917794,0.00580864818766713,0.00510542327538133,0.00593062257394195,0.00562328891828656,0.00585294328629971,0.0069573437795043,0.00642139418050647,0.00604623928666115,0.00658356957137585,0.00589697249233723,0.00546406442299485,0.00516831828281283,0.00569866970181465,0.00611644610762596,0.00618804432451725,0.00576434191316366,0.00632425816729665,0.00684948405250907,0.00490958150476217,0.00596637185662985,0.00621319329366088,
1701.0,0.00621385592967272,0.0063119400292635,0.00591891864314675,0.00589735340327024,0.00511007942259312,0.00547119323164225,0.00574339414015412,0.00608002580702305,0.00584809435531497,0.0064766020514071,0.00573890889063478,0.00590229919180274,0.00637335143983364,0.00668625254184008,0.00620675040408969,0.00601262459531426,0.00593553483486176,0.00653242086991668,0.00648634741082788,0.00624201167374849,0.00531227141618729,0.00634332606568933,0.00510572781786323,0.00653391936793923,0.00660407124087214,0.00660285959020257,0.00601874571293592,0.00578003888949752,0.00507613457739353,0.00590682495385408,0.005596655420959,0.00582662550732493,0.00692450068891048,0.00639713276177645,0.00602042395621538,0.00655235443264246,0.00586197897791862,0.00542686227709055,0.00514240469783545,0.00566630903631449,0.00607769005000591,0.00616130325943232,0.00574077758938074,0.00629565911367536,0.00681537436321378,0.00489149847999215,0.00593687314540148,0.00618464732542634,
1702.0,0.00618536910042167,0.00627828249707818,0.00588252721354365,0.00586352637037635,0.00507551711052656,0.00544025609269738,0.00570510653778911,0.00605273386463523,0.00582160102203488,0.00643098773434758,0.00570434331893921,0.00586200132966042,0.00633815117180347,0.00664890743792057,0.00617713155224919,0.00597524689510465,0.00589621299877763,0.00650117732584476,0.00644364301115274,0.0062059317715466,0.00528888590633869,0.00630713533610106,0.00508319679647684,0.00649724155664444,0.00657688593491912,0.00656659202650189,0.00598966423422098,0.00575376581400633,0.00504227401688695,0.00587573042139411,0.00557080516591668,0.00579256424680352,0.00688899494707584,0.00636781984940171,0.00600211601704359,0.00651975674554706,0.00582544226199389,0.00539619475603104,0.00511311460286379,0.00563937006518245,0.0060366028919816,0.00613572262227535,0.00570688862353563,0.0062637715600431,0.00678620720282197,0.00486777210608125,0.00591434398666024,0.00614382373169065,
1703.0,0.00615426292642951,0.00624388316646218,0.00584225449711084,0.00582748604938388,0.00503776827827096,0.00541100930422544,0.00567145831882954,0.00601745722815394,0.00579020474106073,0.00639007100835443,0.00566817540675402,0.0058291950263083,0.00630424311384559,0.00660997815430164,0.00614585774019361,0.00593567360192537,0.00585160776972771,0.0064735421910882,0.00640578009188175,0.00615670951083303,0.00526590878143907,0.00626662885770202,0.00505521707236767,0.00645951787009835,0.00654247449710965,0.00652766972780228,0.00595687329769135,0.00571612268686295,0.00501429103314877,0.00583952013403177,0.00553500186651945,0.00575786409899592,0.00684779928997159,0.00633708760142326,0.00597157701849937,0.00648400746285915,0.00579041289165616,0.0053707673214376,0.00508587015792727,0.00561194075271487,0.00600119540467858,0.00610328000038862,0.00567327113822103,0.00622436590492725,0.00674933614209294,0.00483697047457099,0.00589498085901141,0.00611046049743891,
1704.0,0.00611551851034164,0.00620014267042279,0.00579966092482209,0.00579321291297674,0.00499821966513991,0.00537264160811901,0.0056438110768795,0.00597431045025587,0.00576293142512441,0.00635321158915758,0.00562842935323715,0.00579447858035564,0.00626662699505687,0.00656848819926381,0.00610340153798461,0.00589222321286798,0.00580471102148294,0.00642366893589497,0.00636517023667693,0.00611587800085545,0.00524059263989329,0.00622158451005816,0.00502093974500895,0.00642408011481166,0.00650683930143714,0.00648936303332448,0.00592373870313168,0.00566936517134309,0.00498059438541532,0.0057957679964602,0.00549294147640467,0.00571557227522135,0.0068105892278254,0.00629535829648376,0.00593289965763688,0.0064476290717721,0.00575002888217568,0.00534162111580372,0.00505378190428019,0.00558051513507962,0.00595900230109692,0.00605972157791257,0.00563644384965301,0.0061907172203064,0.00670442683622241,0.00481094559654593,0.00585240637883544,0.00607963185757399,
1705.0,0.00607731519266963,0.00616257824003696,0.00576464273035526,0.00575341284275055,0.00495895743370056,0.00533661292865872,0.00561184622347355,0.00593523867428303,0.0057327295653522,0.00631090300157666,0.00558576220646501,0.00575913209468126,0.00623254664242268,0.00652830209583044,0.00606635957956314,0.00585269741714001,0.0057616070844233,0.00637615891173482,0.006327492184937,0.00607560016214848,0.00521189672872424,0.00618060398846865,0.00498501164838672,0.00639380048960447,0.00646178238093853,0.00645084446296096,0.00589541206136346,0.00563188642263412,0.00494622113183141,0.00575053365901113,0.0054512582719326,0.00567382713779807,0.00677048740908504,0.00624730996787548,0.00589097384363413,0.00641251029446721,0.00571090076118708,0.00531205208972096,0.00501709664240479,0.00554569158703089,0.00592117616906762,0.00601210817694664,0.00559672247618437,0.00615290878340602,0.00666124001145363,0.00478389533236623,0.00580973364412785,0.00603697588667274,
1706.0,0.00603751791641116,0.00612694537267089,0.00572608504444361,0.00570749631151557,0.0049178833141923,0.00530637474730611,0.00557474931702018,0.00588613748550415,0.00569369830191135,0.00627216417342424,0.00554229784756899,0.00572514161467552,0.00618862826377153,0.00648972112685442,0.00602307636290789,0.00581166939809918,0.00572095485404134,0.00633717281743884,0.00629048235714436,0.00602713972330093,0.00517523428425193,0.0061379331164062,0.00494071422144771,0.00635072449222207,0.00640542106702924,0.00641182856634259,0.00585398450493813,0.00559214688837528,0.00491485139355063,0.00570831447839737,0.00540576595813036,0.00564338313415647,0.00672053499147296,0.0062031913548708,0.00584056600928307,0.00637353025376797,0.00567363947629929,0.0052812909707427,0.00499047478660941,0.00550180813297629,0.0058886306360364,0.00596579816192389,0.00556627148762345,0.00610767444595695,0.00661331601440907,0.00475364550948143,0.00576931238174438,0.00599838281050324,
1707.0,0.00599610153585672,0.00608716439455748,0.00568854389712214,0.00566623732447624,0.00488235475495458,0.0052741770632565,0.00553970132023096,0.00584490410983562,0.0056537939235568,0.00623156037181616,0.00549415219575167,0.00568787800148129,0.0061421268619597,0.00644931476563215,0.00597429042682052,0.00577116291970015,0.00567663833498955,0.00628832913935184,0.006249675527215,0.00598786398768425,0.00513918045908213,0.00609718263149261,0.00489911856129766,0.0063127251341939,0.00635696621611714,0.00637129927054048,0.00580940209329128,0.00554840220138431,0.00488216523081064,0.00566866947337985,0.00536853261291981,0.00560910673812032,0.00668082199990749,0.00616128323599696,0.00580156268551946,0.006337511818856,0.00563347432762384,0.00524390488862991,0.00496191019192338,0.00545859755948186,0.0058514392003417,0.00592619366943836,0.00553929526358843,0.00606832792982459,0.00656688259914517,0.00472415843978524,0.00572814559563994,0.00596436159685254,
1708.0,0.00595681602135301,0.0060469196178019,0.00565560115501285,0.00562805449590087,0.00484604435041547,0.0052456222474575,0.00550215365365148,0.00581421982496977,0.00560050690546632,0.00618555350229144,0.00545128947123885,0.00564848119392991,0.00610209116712213,0.00640833284705877,0.00593851692974567,0.00574103696271777,0.00563888531178236,0.00624415464699268,0.00621325988322496,0.00595491845160723,0.00510641047731042,0.00606405781581998,0.00486967526376247,0.00627085706219077,0.00630608387291431,0.00632575154304504,0.00577188702300191,0.00551972864195704,0.0048504825681448,0.00562914274632931,0.0053322515450418,0.00557234417647123,0.00664179585874081,0.00611984077841043,0.00576834287494421,0.00630512926727533,0.00559761794283986,0.00520647410303354,0.00492423120886087,0.0054224063642323,0.00581279303878546,0.00589014543220401,0.00550489081069827,0.00602711597457528,0.00652161566540599,0.00468547455966473,0.00569646432995796,0.00591978942975402,
1709.0,0.00592141877859831,0.00601032236590981,0.00562379835173488,0.00559251382946968,0.00481293443590403,0.00521707534790039,0.00546293798834085,0.00578093668445945,0.00554817914962769,0.00614161649718881,0.0054165069013834,0.00561226019635797,0.00605743424966931,0.0063684917986393,0.00590315042063594,0.00570928119122982,0.00561348302289844,0.00620722956955433,0.00617472315207124,0.0059198746457696,0.0050708157941699,0.00603309506550431,0.00483650015667081,0.00622619176283479,0.00625862646847963,0.00628982670605183,0.00573231419548392,0.00548563292250037,0.00482721766456962,0.00559408776462078,0.00529807060956955,0.00554612185806036,0.00659553706645966,0.00608472758904099,0.00573307322338223,0.00627187639474869,0.00556256528943777,0.00517161330208182,0.00489523634314537,0.00539105338975787,0.00578214740380645,0.00586330005899072,0.00547509407624602,0.00598432729020715,0.00648369686678052,0.00465274881571531,0.0056666387245059,0.00587974861264229,
1710.0,0.0058887405321002,0.00597556121647358,0.00559253990650177,0.00555971683934331,0.00479433266445994,0.00518192118033767,0.00543037289753556,0.00575778447091579,0.00551555212587118,0.00609928742051125,0.00538789760321379,0.00558366486802697,0.00602182885631919,0.00632680347189307,0.00587014853954315,0.005674350541085,0.00558757642284036,0.00616828165948391,0.00613757688552141,0.00589599926024675,0.00504027120769024,0.00599900865927339,0.00480778096243739,0.00619497103616595,0.00623101135715842,0.00625537661835551,0.00569943711161613,0.00544328428804874,0.00480327336117625,0.0055666365660727,0.00527618639171124,0.00551847880706191,0.0065541728399694,0.00605151057243347,0.00570904882624745,0.00624364940449595,0.00552938273176551,0.00513767590746284,0.00486694648861885,0.00536901876330376,0.00575231621041894,0.00583427445963025,0.00544405588880181,0.00595310842618346,0.00645585497841239,0.00462440261617303,0.00563234137371182,0.00584908854216337,
1711.0,0.00585362501442432,0.00594465993344784,0.00555932195857167,0.00552554940804839,0.00477752136066556,0.00515033258125186,0.00539859384298325,0.00573174841701984,0.00548916915431619,0.0060686026699841,0.00536860758438706,0.00555828399956226,0.00599548174068332,0.00628963904455304,0.00584403937682509,0.00564842903986573,0.0055639585480094,0.00613367557525635,0.00611009867861867,0.00587403541430831,0.00501282373443246,0.0059681604616344,0.00478569092229009,0.00616045901551843,0.00620138272643089,0.00621937913820148,0.0056727696210146,0.00541739771142602,0.00477629993110895,0.00553895253688097,0.00525345792993903,0.00548678124323487,0.00651902006939054,0.00601862790063024,0.0056801401078701,0.00621441612020135,0.00550613878294826,0.00510645611211658,0.00483363354578614,0.00534672848880291,0.00572115834802389,0.00580628588795662,0.00540592567995191,0.00592528702691197,0.00642606848850846,0.00459627248346806,0.00559675879776478,0.00581358792260289,
1712.0,0.00581940868869424,0.00592350400984287,0.00553810829296708,0.00549366325139999,0.00476696714758873,0.00512424111366272,0.0053690723143518,0.00570083549246192,0.00547039927914739,0.00604998646304011,0.00534750381484628,0.00553602958098054,0.00597006967291236,0.00625869305804372,0.00581809319555759,0.00563155533745885,0.00554002588614821,0.00611004745587707,0.00609222752973437,0.00585149042308331,0.00499231647700071,0.00594967789947987,0.00476230820640922,0.00613231351599097,0.00617631059139967,0.00619838992133737,0.00564508186653256,0.00539625622332096,0.00476274639368057,0.00551548367366195,0.00523116625845432,0.00546462787315249,0.00648779235780239,0.00599753763526678,0.00565240206196904,0.00619079917669296,0.00548645807430148,0.0050814850255847,0.00481792259961367,0.00532290805131197,0.00569837912917137,0.00579475006088614,0.00537925772368908,0.00590233178809285,0.00640277471393347,0.00457916641607881,0.00557173183187842,0.00578814372420311,
1713.0,0.00579182570800185,0.00590038672089577,0.00551476376131177,0.00546992151066661,0.00475115608423948,0.00509961415082216,0.00534692220389843,0.00567226251587272,0.00545139797031879,0.00603100936859846,0.00532673532143235,0.00551534118130803,0.00594873959198594,0.00623483909294009,0.00579330325126648,0.00561390211805701,0.00550891878083348,0.0060890344902873,0.00606736540794373,0.00583280669525266,0.00497741578146815,0.00592547887936234,0.00474145822227001,0.00610657641664147,0.0061477986164391,0.00617886427789927,0.00562211545184255,0.00537096709012985,0.00474134273827076,0.00549483671784401,0.00521087693050504,0.00544023653492332,0.00646005943417549,0.00597311649471521,0.00563276559114456,0.00616901088505983,0.00546070374548435,0.00506010744720697,0.0048029376193881,0.00530262151733041,0.00566648226231337,0.00577106000855565,0.00535623915493488,0.00588766252622008,0.00638086581602693,0.00456155510619283,0.00554593652486801,0.00576730398461223,
1714.0,0.00577295618131757,0.00587886339053512,0.00548822432756424,0.00545368017628789,0.00472799129784107,0.00508384592831135,0.00533404480665922,0.00564595824107528,0.00542473420500755,0.0060129314661026,0.00530777452513576,0.00549122644588351,0.00593008054420352,0.00621576141566038,0.00577489798888564,0.00560423824936152,0.00548699405044317,0.0060707931406796,0.00604735873639584,0.00581131130456924,0.00496230600401759,0.00590316625311971,0.00472828885540366,0.00608776928856969,0.00611924333497882,0.00616347417235374,0.00560412043705583,0.00535532785579562,0.00471580447629094,0.00547517975792289,0.00519428076222539,0.0054132267832756,0.00644619762897491,0.00595098780468106,0.0056056366302073,0.00614125095307827,0.00544097181409597,0.0050401515327394,0.00477925734594464,0.00528417807072401,0.00563471764326096,0.00574489496648312,0.00533481268212199,0.00587027473375201,0.00635614339262247,0.00455158390104771,0.00552292494103312,0.00573744205757976,
1715.0,0.00574827333912253,0.00585444504395127,0.00546974968165159,0.00544231478124857,0.00470593338832259,0.00506536010652781,0.00531764468178153,0.00562169915065169,0.00540192797780037,0.00598922371864319,0.00528185581788421,0.00546678761020303,0.00590552063658834,0.00618736492469907,0.00575604429468513,0.00558974593877792,0.0054631601087749,0.00604751380160451,0.00602543260902166,0.00578481936827302,0.00494444323703647,0.00588402803987265,0.00471477257087827,0.00607137149199843,0.00610070209950209,0.00614605564624071,0.00558298220857978,0.00533388974145055,0.00469260942190886,0.00545166339725256,0.0051746373064816,0.00539120379835367,0.00642489409074187,0.00593041069805622,0.00558128487318754,0.00611279113218188,0.00542510580271482,0.00502294162288308,0.00476379180327058,0.005261548794806,0.00561102805659175,0.00572496606037021,0.00531266769394279,0.00584152527153492,0.00633021490648389,0.00453861709684134,0.0055041559971869,0.00570743810385466,
1716.0,0.00572223728522658,0.00582025526091456,0.00544853042811155,0.00542431743815541,0.00467313779518008,0.00504188286140561,0.00529061397537589,0.00559818418696523,0.00537637528032064,0.00596322258934379,0.00526106869801879,0.00544357253238559,0.00587433623149991,0.0061556389555335,0.00573107553645968,0.00556031242012978,0.00543687446042895,0.0060185706242919,0.00598668027669191,0.00575566664338112,0.00491999788209796,0.00584642961621284,0.00468936422839761,0.0060444800183177,0.00607728958129883,0.00611727219074965,0.00556251918897033,0.00530692841857672,0.00466459523886442,0.00542460847645998,0.00515253143385053,0.00536794681102037,0.00639388617128134,0.00589667400345206,0.00556240323930979,0.00607630051672459,0.00540308794006705,0.00500289630144835,0.00474490458145738,0.00523988483473659,0.00558779668062925,0.0056962096132338,0.00528518203645945,0.00581363774836063,0.00629906449466944,0.00451691914349794,0.00547627499327064,0.00567515613511205,
1717.0,0.00569526385515928,0.00578757701441646,0.00541573716327548,0.00539338821545243,0.00463803578168154,0.00501577742397785,0.00526008801534772,0.00557046663016081,0.00534728309139609,0.00592940440401435,0.00523386709392071,0.00540630100294948,0.00584341725334525,0.00611929269507527,0.00569933280348778,0.00552990240976214,0.00541469594463706,0.00598561344668269,0.00595245836302638,0.0057182633318007,0.00488505698740482,0.00580742210149765,0.00466884532943368,0.00601482344791293,0.0060479030944407,0.00608490221202374,0.00552937528118491,0.00527994334697723,0.00463693542405963,0.00539125502109528,0.00513015734031796,0.00534010818228126,0.00636397209018469,0.00586273334920406,0.00552650541067123,0.00603397144004703,0.00537919113412499,0.00497334916144609,0.00471579981967807,0.00521201966330409,0.00556458765640855,0.00566707039251924,0.00525741092860699,0.00578339537605643,0.00626281509175897,0.00449113268405199,0.00545271439477801,0.00563540123403072,
1718.0,0.00564807001501322,0.00574852293357253,0.00538348918780684,0.0053567118011415,0.00459948368370533,0.00497741624712944,0.00522125512361526,0.00553323328495026,0.00531228445470333,0.0058768205344677,0.00519942864775658,0.00536156073212624,0.00580219458788633,0.00607353867962956,0.00565027492120862,0.00548490229994059,0.0053769932128489,0.00593565544113517,0.00591024523600936,0.00567473797127604,0.00483877025544643,0.00577310053631663,0.00464178435504436,0.00597034674137831,0.00601089233532548,0.00603353604674339,0.00548045942559838,0.00523930368945003,0.00460353726521134,0.00534473592415452,0.00508921779692173,0.00530215678736568,0.00631642481312156,0.00582156842574477,0.00548359705135226,0.00598872220143676,0.00534679461270571,0.00493368739262223,0.00468542007729411,0.00517113599926233,0.0055309091694653,0.00563132390379906,0.00522493897005916,0.00574108678847551,0.00621481565758586,0.00444951094686985,0.00542193185538054,0.0055983136408031,
1719.0,0.0055967178195715,0.00569835118949413,0.00534752244129777,0.00530777033418417,0.00455528404563665,0.00493129668757319,0.00517580937594175,0.00548760546371341,0.00525992456823587,0.00582097610458732,0.0051628197543323,0.00531870732083917,0.00575220119208097,0.00601952150464058,0.00559540931135416,0.00543189095333219,0.0053321598097682,0.00588152883574367,0.00585514912381768,0.00563519448041916,0.00479062600061297,0.00572800310328603,0.00459769601002336,0.00591171905398369,0.00596484635025263,0.00597925949841738,0.00543491169810295,0.00519457552582026,0.00456700520589948,0.00529780052602291,0.00504390057176352,0.00525666493922472,0.00625964626669884,0.00577355083078146,0.00544127589091659,0.00594102870672941,0.00529829692095518,0.00488873617723584,0.00465003401041031,0.00513315293937922,0.00549049209803343,0.00558980787172914,0.00518901692703366,0.00569718983024359,0.0061584641225636,0.00440953439101577,0.00537916785106063,0.00555530469864607,
1720.0,0.00554432487115264,0.00564215099439025,0.00528524070978165,0.00524173583835363,0.00451108766719699,0.00487811025232077,0.0051263184286654,0.0054342276416719,0.00520436745136976,0.00575602846220136,0.00510515831410885,0.00526377931237221,0.00570298358798027,0.00595391169190407,0.00554114021360874,0.00537625001743436,0.00528353452682495,0.00582342315465212,0.00579864345490932,0.00558563135564327,0.00473465258255601,0.00567326648160815,0.00455008354038,0.00584664521738887,0.00590832298621535,0.00592506397515535,0.0053776535205543,0.00514457980170846,0.00452186679467559,0.00524350255727768,0.00499993469566107,0.00520250294357538,0.00620069727301598,0.0057227429933846,0.00538298673927784,0.00588448159396648,0.00523704942315817,0.00483728758990765,0.00459742965176702,0.00508502870798111,0.00543518178164959,0.00553968688473105,0.0051457048393786,0.00564191583544016,0.00609848275780678,0.00436667399480939,0.00532896397635341,0.00549725955352187,
1721.0,0.00548717472702265,0.00558528397232294,0.00522759789600968,0.00517482217401266,0.00447564478963614,0.00483167171478271,0.00507001066580415,0.00537772756069899,0.00515128951519728,0.00568783842027187,0.00504862843081355,0.005208361428231,0.00564937479794025,0.00589417386800051,0.005486442707479,0.00531782070174813,0.00523062283173203,0.00576057145372033,0.00574096897616982,0.00552926724776626,0.00468773627653718,0.00562389986589551,0.00449685612693429,0.00578397652134299,0.00585206830874085,0.00586601160466671,0.00531972106546164,0.00509200850501657,0.00447356095537543,0.00518770376220346,0.0049514421261847,0.00514794699847698,0.00614047609269619,0.0056686457246542,0.00533351069316268,0.00582778640091419,0.00518335029482841,0.00478655099868774,0.00454244948923588,0.00503012211993337,0.0053755072876811,0.00547985127195716,0.00509392656385899,0.0055839610286057,0.006036969833076,0.00431984988972545,0.00526458583772182,0.0054474133066833,
1722.0,0.00544049311429262,0.00552774779498577,0.00516841048374772,0.00511505035683513,0.00444001378491521,0.00478814775124192,0.00501385238021612,0.00531346490606666,0.00508985668420792,0.00563136162236333,0.00499132461845875,0.00515459617599845,0.00559229543432593,0.00583957321941853,0.00543770333752036,0.00526829808950424,0.00517319701611996,0.00570693798363209,0.00568468682467937,0.00547688966616988,0.00464834598824382,0.00557074137032032,0.00445181969553232,0.00572631601244211,0.0057880193926394,0.00581135274842381,0.00526732206344604,0.00504586892202497,0.00443043978884816,0.00513788592070341,0.00490639079362154,0.00509898597374558,0.00608044257387519,0.00561475520953536,0.00528649054467678,0.00577539019286633,0.00513619277626276,0.00474115693941712,0.0044940123334527,0.00498362816870213,0.00532652297988534,0.00541929109022021,0.00503410212695599,0.00552654406055808,0.00597648648545146,0.00428245449438691,0.00520938355475664,0.00539789907634258,
1723.0,0.00539693469181657,0.00547688361257315,0.00510793225839734,0.00506663369014859,0.00439947796985507,0.00474660890176892,0.00496640475466847,0.00526062585413456,0.00503512844443321,0.00558488117530942,0.00493595376610756,0.00510777113959193,0.00554223312065005,0.00579083198681474,0.00539541710168123,0.0052223582752049,0.00511818146333098,0.00566305033862591,0.00564004760235548,0.00542618380859494,0.00460568442940712,0.00552326580509543,0.00441619846969843,0.00567720038816333,0.00572373392060399,0.00575995352119207,0.00520998938009143,0.00500521901994944,0.00439725769683719,0.00509536173194647,0.00485720857977867,0.00505074393004179,0.00603179819881916,0.00556314131245017,0.00523070525377989,0.0057234182022512,0.00509517686441541,0.00470246141776443,0.00445157615467906,0.00493895169347525,0.00527952797710896,0.00536586111411452,0.00497525651007891,0.00546950194984674,0.00592518551275134,0.00424677506089211,0.00516173196956515,0.0053504160605371,
1724.0,0.00535047426819801,0.00544180069118738,0.0050603486597538,0.00503744930028915,0.00436250725761056,0.00471109943464398,0.00493846740573645,0.00522251660004258,0.00499000400304794,0.00554649671539664,0.00489902775734663,0.00507274782285094,0.00549729727208614,0.00575272971764207,0.00536025874316692,0.00519099505618215,0.00507375411689281,0.00562518136575818,0.00559916300699115,0.00538169266656041,0.00457654520869255,0.00549361202865839,0.00438976986333728,0.00563664268702269,0.00567490002140403,0.00571506470441818,0.00517495814710855,0.00496917916461825,0.00436726165935397,0.0050646853633225,0.00481627462431788,0.00501489825546741,0.00599139183759689,0.00551825994625688,0.00518943881615996,0.00568460114300251,0.00506044458597898,0.00467209238559008,0.00442021572962403,0.00489353854209185,0.00525329960510135,0.00532485824078321,0.00492705404758453,0.00542930699884892,0.00588554609566927,0.00421126000583172,0.00511849112808704,0.00531539414077997,
1725.0,0.00531182484701276,0.00540841976180673,0.00502161588519812,0.00500677898526192,0.00432811537757516,0.00467840069904923,0.00490749720484018,0.00518841622397304,0.0049529355019331,0.00551151856780052,0.00486335856840014,0.00503755128011107,0.00545451650395989,0.00571924075484276,0.00532377418130636,0.00515384785830975,0.00503428373485804,0.00558783626183867,0.00556143932044506,0.00534419203177094,0.00454443879425526,0.00545792747288942,0.00436197640374303,0.00559881841763854,0.00563324522227049,0.00567471142858267,0.00514263659715652,0.00493589462712407,0.00433395011350513,0.00502929463982582,0.00478051044046879,0.00498199369758368,0.00595168024301529,0.00548047851771116,0.00515533518046141,0.00564758433029056,0.0050275307148695,0.00464035291224718,0.00439145881682634,0.00485907634720206,0.00522213568910956,0.00528842816129327,0.00488915340974927,0.00539241544902325,0.00584900612011552,0.00418063718825579,0.00508280331268907,0.00528023205697536,
1726.0,0.00527394888922572,0.00539111206308007,0.00500048184767365,0.00498450314626098,0.00430224603042006,0.0046561798080802,0.00488267280161381,0.00517562590539455,0.00494041480123997,0.00549417501315475,0.00483544170856476,0.00501651363447309,0.00542258098721504,0.00569755677133799,0.00529504893347621,0.00511574745178223,0.00501203956082463,0.00555414939299226,0.0055311918258667,0.00531644700095057,0.00451558129861951,0.00542757660150528,0.00433205580338836,0.00557068688794971,0.00561326695606112,0.00564692774787545,0.00512551330029964,0.00491250306367874,0.00429961737245321,0.0049952887929976,0.00475423177704215,0.0049645658582449,0.00592192076146603,0.00545543571934104,0.00514093041419983,0.00562046514824033,0.00500112446025014,0.00461167190223932,0.00437116296961904,0.00483753904700279,0.00520085403695703,0.00527189718559384,0.00487392907962203,0.00537245254963636,0.00582867953926325,0.00415126048028469,0.00505478587001562,0.00524845020845532,
1727.0,0.00524051953107119,0.00536071415990591,0.00497085740789771,0.00495411921292543,0.00427257176488638,0.00462524872273207,0.00485546374693513,0.00515046902000904,0.00491367420181632,0.00546800484880805,0.00480756862089038,0.00498538091778755,0.00538513623178005,0.00566787784919143,0.00526038557291031,0.0050829597748816,0.00498375715687871,0.00552112469449639,0.00550060998648405,0.0052856900729239,0.00448705302551389,0.00539280381053686,0.00430111167952418,0.0055364603176713,0.00558098265901208,0.00561578199267387,0.00510067958384752,0.0048850947059691,0.00426615495234728,0.00496381334960461,0.00472348462790251,0.00493626901879907,0.00588508183136582,0.0054252059198916,0.00511488551273942,0.00558579992502928,0.00496645178645849,0.00458533922210336,0.00434493087232113,0.00480660749599338,0.00517159048467875,0.00524687115103006,0.00484547391533852,0.00534472428262234,0.0057991030625999,0.00412407889962196,0.00502582034096122,0.00521768908947706,
1728.0,0.00522197736427188,0.00532630225643516,0.00494889076799154,0.00492575950920582,0.00424262369051576,0.00459912046790123,0.00483189336955547,0.00512592261657119,0.00488502671942115,0.00544449873268604,0.00479356106370687,0.0049470984376967,0.00534854410216212,0.00564796710386872,0.00522018177434802,0.00505230575799942,0.0049609262496233,0.00549637665972114,0.00548046501353383,0.00526589481160045,0.00445969682186842,0.00535339955240488,0.00427506444975734,0.0055056088604033,0.00554727064445615,0.0055927038192749,0.00508077628910542,0.00486204028129578,0.00423274841159582,0.00493611628189683,0.00469684554263949,0.00490628648549318,0.00584671180695295,0.00540548842400312,0.00509080803021789,0.00555293867364526,0.0049355011433363,0.00456775864586234,0.00432236306369305,0.00478459661826491,0.00513684144243598,0.00522228982299566,0.00481782713904977,0.00532069522887468,0.00577138271182776,0.00411145156249404,0.00501092150807381,0.00519902724772692,
1729.0,0.00519230822101235,0.00528912805020809,0.00492075784131885,0.00488877529278398,0.00421094847843051,0.00456172879785299,0.00479898182675242,0.00509272329509258,0.00485397921875119,0.00540907122194767,0.00476134428754449,0.00491230795159936,0.00530598964542151,0.00561289768666029,0.00518191559240222,0.00501711945980787,0.00492638908326626,0.0054599461145699,0.00544938491657376,0.00523351784795523,0.00442918110638857,0.00531310355290771,0.00424500368535519,0.00546947307884693,0.00551058864220977,0.00555790867656469,0.00504823820665479,0.00483000138774514,0.00420047761872411,0.00490177376195788,0.00466303201392293,0.00487076491117477,0.00580765819177032,0.00537186255678535,0.00505910534411669,0.00551380775868893,0.00489782588556409,0.00453738728538156,0.00429466972127557,0.00475211627781391,0.00509693939238787,0.0051895878277719,0.00478601921349764,0.00528399739414454,0.00573367951437831,0.00408452050760388,0.00498100556433201,0.00516347074881196,
1730.0,0.00516250869259238,0.00523953279480338,0.00488367397338152,0.00484064966440201,0.00417473493143916,0.00450216280296445,0.00475929025560617,0.00504695484414697,0.00481573538854718,0.00536068296059966,0.00471405638381839,0.0048792795278132,0.00525204837322235,0.00556009262800217,0.00514401495456696,0.0049862889572978,0.00488141272217035,0.00542090041562915,0.00541458278894424,0.00519469939172268,0.00440012803301215,0.00526954792439938,0.00421134941279888,0.00542767811566591,0.00546897249296308,0.00551491463556886,0.00500253168866038,0.0047895279712975,0.00417765928432345,0.00486705359071493,0.0046231634914875,0.00482325442135334,0.00577039318159223,0.00532620120793581,0.00501359393820167,0.00546452216804028,0.00484421523287892,0.0045033604837954,0.00426246412098408,0.00470358459278941,0.00504833227023482,0.00515501573681831,0.00474192155525088,0.00523696793243289,0.00568663794547319,0.00404516467824578,0.0049420315772295,0.00511765480041504,
1731.0,0.00512699270620942,0.00519582955166698,0.00484547996893525,0.00479507027193904,0.00414037192240357,0.00445630960166454,0.00472080940380692,0.00500516965985298,0.00477526150643826,0.00531583139672875,0.00467396760359406,0.00484002521261573,0.00520817656069994,0.00551115674898028,0.00510289845988154,0.00495171919465065,0.0048394170589745,0.00537751335650682,0.00537406699731946,0.00514982361346483,0.00436605652794242,0.00522768078371882,0.00417678244411945,0.00538467289879918,0.00542450090870261,0.00547291291877627,0.00495957536622882,0.00475171394646168,0.00414254888892174,0.00482959672808647,0.00458302814513445,0.00477795442566276,0.00572450878098607,0.00528086209669709,0.00497200060635805,0.00542034301906824,0.00479986565187573,0.00446710642427206,0.00422632554545999,0.00465861009433866,0.00500185182318091,0.00511210598051548,0.00470330379903317,0.00518921064212918,0.00563971791416407,0.00401326082646847,0.00490101473405957,0.00507342768833041,
1732.0,0.00507787661626935,0.00515448395162821,0.00480124540627003,0.00473971758037806,0.00410659145563841,0.00441050715744495,0.00467350846156478,0.00495717208832502,0.00473012076690793,0.0052612591534853,0.00462217815220356,0.00479175848886371,0.00516664516180754,0.00544991064816713,0.00505521055310965,0.00490945065394044,0.00478863948956132,0.00531346770003438,0.00531618995591998,0.00508503988385201,0.00432256003841758,0.00518717523664236,0.00413856562227011,0.00533636752516031,0.00537276500836015,0.00541997374966741,0.00490230368450284,0.00470851175487041,0.0040959557518363,0.00478227157145739,0.00453387387096882,0.004727594088763,0.00566978473216295,0.0052207070402801,0.00493090646341443,0.00537270773202181,0.0047544976696372,0.00441430462524295,0.00418082671239972,0.00460701016709208,0.00494706211611629,0.00505408272147179,0.00467205932363868,0.00512577965855598,0.00558182690292597,0.00397679442539811,0.0048436033539474,0.00500913988798857,
1733.0,0.00503875501453877,0.00511380052193999,0.00476145697757602,0.00469627045094967,0.00407362170517445,0.004368731752038,0.00463198777288198,0.00491364765912294,0.00468776654452086,0.00521503482013941,0.00457826582714915,0.00475179729983211,0.00512617081403732,0.00540051842108369,0.00501794135197997,0.00487015256658196,0.00474209850654006,0.00526778539642692,0.00526979425922036,0.00503785582259297,0.00428494112566113,0.00514449551701546,0.00410272739827633,0.00529117975383997,0.00532808946445584,0.0053727189078927,0.004859768319875,0.00466782599687576,0.00405350001528859,0.00474044354632497,0.00449227867648005,0.00468563521280885,0.00561862485483289,0.00517312018200755,0.00488673476502299,0.00532875629141927,0.00471551436930895,0.00437180465087295,0.00414342107251287,0.00456433603540063,0.00490353582426906,0.00500425975769758,0.00463105598464608,0.00507657835260034,0.00553154433146119,0.00394309312105179,0.00480151223018765,0.00496480334550142,
1734.0,0.0049967085942626,0.00506951846182346,0.00471579562872648,0.00465586269274354,0.00403790455311537,0.00433793105185032,0.00459179980680346,0.00486901355907321,0.00463647721335292,0.0051695890724659,0.00454347766935825,0.00471034925431013,0.00509236985817552,0.00535228895023465,0.00498322257772088,0.00482595944777131,0.0046926555223763,0.00522832619026303,0.0052194488234818,0.00499366130679846,0.00424638204276562,0.00509491190314293,0.00406305398792028,0.00523730227723718,0.00527530815452337,0.00532636092975736,0.00482605677098036,0.00462418561801314,0.00399433728307486,0.0046963719651103,0.0044515710324049,0.00464151659980416,0.00554876960813999,0.0051262048073113,0.00483086612075567,0.00528533104807138,0.0046849949285388,0.00433029513806105,0.00410356838256121,0.00452355807647109,0.00486412737518549,0.00494272541254759,0.00457689864560962,0.00503069348633289,0.00547915790230036,0.00391253177076578,0.00476614478975534,0.00493024149909616,
1735.0,0.00496178958564997,0.00503381760790944,0.00468223867937922,0.00462327105924487,0.00400844449177384,0.00430553313344717,0.00455832201987505,0.00483424961566925,0.00459893187507987,0.00513594644144177,0.00451168138533831,0.00467300368472934,0.00505884550511837,0.00531482417136431,0.0049496553838253,0.00479339528828859,0.00465617468580604,0.00519295549020171,0.0051834280602634,0.00495623797178268,0.00421266397461295,0.00505528878420591,0.00402934988960624,0.00519736343994737,0.00523660471662879,0.00528688123449683,0.00479633547365665,0.00459106545895338,0.00395725574344397,0.00466197961941361,0.00441737845540047,0.00460942182689905,0.00550511619076133,0.00509098311886191,0.00479289889335632,0.00524719199165702,0.00465311389416456,0.00429745856672525,0.00406980700790882,0.00448917504400015,0.00483125448226929,0.00489969924092293,0.00453806156292558,0.00499175582081079,0.00543563952669501,0.00388814345933497,0.00473001692444086,0.0049013951793313,
1736.0,0.00493500521406531,0.0049998052418232,0.00466040708124638,0.00459986319765449,0.00397818349301815,0.00426650140434504,0.00452890945598483,0.00480693206191063,0.0045686149969697,0.00511131668463349,0.00447890069335699,0.00464223558083177,0.00501666683703661,0.00529170548543334,0.00492285937070847,0.00476184161379933,0.00462592719122767,0.00516956439241767,0.00516173243522644,0.00492706103250384,0.00418019853532314,0.00501414528116584,0.0039955829270184,0.00516358902677894,0.00521100219339132,0.00524400593712926,0.00477707711979747,0.00456208270043135,0.00393583998084068,0.00463254936039448,0.00438687903806567,0.00459205359220505,0.00548010133206844,0.00506854942068458,0.00475988816469908,0.00521016493439674,0.00461745960637927,0.00426935078576207,0.00404191482812166,0.00446557160466909,0.00480625592172146,0.0048662624321878,0.0044953222386539,0.00495938397943974,0.00539426412433386,0.00385973881930113,0.00469683110713959,0.00488724140450358,
1737.0,0.00491091702133417,0.00497531937435269,0.00463835056871176,0.00458132149651647,0.0039584101177752,0.00424180645495653,0.00450223498046398,0.00478021381422877,0.00454539572820067,0.00508858449757099,0.0044552618637681,0.00461829220876098,0.00498878955841064,0.00526819797232747,0.00489896629005671,0.0047402367927134,0.00460186367854476,0.0051475060172379,0.00514216022565961,0.00490756100043654,0.00415636412799358,0.00498430198058486,0.00397335737943649,0.00513841304928064,0.00518792308866978,0.00521710608154535,0.00475447997450829,0.00453656353056431,0.00391713157296181,0.00460730493068695,0.00436761789023876,0.00457089021801949,0.00545727089047432,0.00504791224375367,0.0047334935516119,0.00518277520313859,0.00459729926660657,0.00425025261938572,0.00402100617066026,0.00444031925871968,0.0047841714695096,0.00484326295554638,0.00446713762357831,0.00493470160290599,0.00536792352795601,0.00384326418861747,0.00467116897925735,0.00486883474513888,
1738.0,0.00489610200747848,0.00496928300708532,0.00462803803384304,0.0045765726827085,0.00395626248791814,0.00422956421971321,0.00448400527238846,0.004759824834764,0.00453733187168837,0.00508043728768826,0.00444627087563276,0.00459896400570869,0.00497573101893067,0.00525493314489722,0.00487527390941978,0.00473920302465558,0.00459807412698865,0.00512860948219895,0.00513962190598249,0.00490214861929417,0.00414250465109944,0.00497324857860804,0.00396587513387203,0.00513611501082778,0.00517913326621056,0.00521035445854068,0.00473092682659626,0.00452421605587006,0.00391649501398206,0.00459580775350332,0.00436501763761044,0.00455859303474426,0.00545802153646946,0.00504258321598172,0.00472833355888724,0.00517061166465282,0.00459143240004778,0.0042511890642345,0.00400884915143251,0.00441797496750951,0.00477104680612683,0.00484521361067891,0.00446408987045288,0.00492512248456478,0.0053618480451405,0.00384962907992303,0.00465124938637018,0.00485617201775312,
1739.0,0.00487631047144532,0.00495161907747388,0.00460756663233042,0.00456172041594982,0.0039424360729754,0.00421425327658653,0.0044628600589931,0.00474202586337924,0.0045233410783112,0.00506328511983156,0.00442808168008924,0.00457970844581723,0.0049567255191505,0.00523660145699978,0.00485480949282646,0.00472854636609554,0.00458221323788166,0.00511074298992753,0.00512362318113446,0.00488831009715796,0.00412295525893569,0.00495421793311834,0.00394920771941543,0.00511773861944675,0.00516450731083751,0.0051946728490293,0.0047138649970293,0.00450759194791317,0.00390670308843255,0.00457760784775019,0.00434859842061996,0.00454134354367852,0.00544330012053251,0.00502635259181261,0.00471514696255326,0.00515001593157649,0.00457585137337446,0.00423835637047887,0.00399273261427879,0.00439681485295296,0.00475757103413343,0.00483394134789705,0.00444976566359401,0.00490731932222843,0.0053467433899641,0.00384000083431602,0.00463115563616157,0.00484128249809146,
1740.0,0.00485989497974515,0.00493611209094524,0.0045799482613802,0.00455059297382832,0.00393111072480679,0.00421064253896475,0.00444216793403029,0.00473183440044522,0.0045165941119194,0.00504415901377797,0.00441366108134389,0.00457551004365087,0.00494884559884667,0.0052206669934094,0.004848079290241,0.00472515216097236,0.00456082914024591,0.00510498136281967,0.00510377669706941,0.00488651217892766,0.00411023711785674,0.00494111143052578,0.00393811007961631,0.00510015804320574,0.00515356473624706,0.00519085163250566,0.00470853410661221,0.00449418602511287,0.00389649532735348,0.00456083938479424,0.00433591054752469,0.00452034547924995,0.0054253707639873,0.00500893499702215,0.00470472825691104,0.00513236550614238,0.00457101035863161,0.00422841683030128,0.00398472649976611,0.00437671225517988,0.00475156819447875,0.004830252379179,0.00443901866674423,0.00489387102425098,0.00534170446917415,0.00383024686016142,0.0046228626742959,0.00483057228848338,
1741.0,0.00483737653121352,0.00491478014737368,0.00455376086756587,0.0045317648909986,0.00391258811578155,0.00419572740793228,0.00442074006423354,0.00471131550148129,0.00450299773365259,0.00502173090353608,0.00439128233119845,0.00455419579520822,0.00493030156940222,0.00519739650189877,0.00482869381085038,0.00470827054232359,0.00454142829403281,0.00508428830653429,0.00508169550448656,0.00487154861912131,0.00409181276336312,0.00491907680407166,0.00392079399898648,0.00507591292262077,0.0051341881044209,0.00517512438818812,0.0046899956651032,0.00447345525026321,0.00388445751741529,0.00453856820240617,0.00431764405220747,0.00449957465752959,0.005400650203228,0.00498779630288482,0.0046871667727828,0.00511104520410299,0.00455379858613014,0.00420860527083278,0.00396742206066847,0.00435627158731222,0.00473760440945625,0.00481113372370601,0.00442226463928819,0.0048765642568469,0.00532497698441148,0.00381487072445452,0.00460669351741672,0.00480890227481723,
1742.0,0.0048057409003377,0.00488312775269151,0.0045215399004519,0.00450145686045289,0.00388373294845223,0.00417535146698356,0.00440100161358714,0.00469274865463376,0.00448803696781397,0.00499534141272306,0.00435852445662022,0.00451721670106053,0.00490163033828139,0.00516506657004356,0.00480170315131545,0.00467553129419684,0.00452129356563091,0.00505653629079461,0.00504979677498341,0.00483922194689512,0.00406785402446985,0.00488621322438121,0.00389280240051448,0.00503293192014098,0.00510925799608231,0.00514597445726395,0.00466794660314918,0.00444794120267034,0.0038769852835685,0.00451055960729718,0.00428479118272662,0.0044782068580389,0.00536484690383077,0.00495964661240578,0.00466328859329224,0.00508309621363878,0.00451958412304521,0.00417461758479476,0.00394404260441661,0.00433883490040898,0.00472091231495142,0.00477588037028909,0.00439741648733616,0.00485152471810579,0.0052998149767518,0.00378712872043252,0.00458733038976789,0.0047779968008399,
1743.0,0.00478092534467578,0.00485497945919633,0.00449555832892656,0.0044727404601872,0.0038544530980289,0.00415106769651175,0.0043794047087431,0.00466893520206213,0.00446149846538901,0.00497022969648242,0.00433219084516168,0.00449048215523362,0.00487570557743311,0.00513817416504025,0.00477660167962313,0.00465133087709546,0.00449805147945881,0.00502756703644991,0.00502327736467123,0.00481429882347584,0.00404274370521307,0.00486014969646931,0.00387102458626032,0.00500328931957483,0.00508038653060794,0.00512255262583494,0.00464355759322643,0.00442444672808051,0.00385418068617582,0.00448510469868779,0.00425936002284288,0.00445442693307996,0.00533572444692254,0.00493080215528607,0.00464066863059998,0.00505674257874489,0.00449337298050523,0.00414416845887899,0.0039180344901979,0.00431732321158051,0.0046985587105155,0.00474551506340504,0.00437702378258109,0.00482706585898995,0.00527176167815924,0.00376323563978076,0.00456017348915339,0.00475046690553427,
1744.0,0.00475417543202639,0.00482482369989157,0.00447643455117941,0.0044387117959559,0.00381770683452487,0.00411706371232867,0.00435024639591575,0.00462487665936351,0.00442056823521852,0.00494248839095235,0.00430194800719619,0.00445947516709566,0.00484391814097762,0.00510667683556676,0.00474279699847102,0.0046211713925004,0.00447560241445899,0.00497763231396675,0.00499821174889803,0.0047893263399601,0.00401175022125244,0.00483052618801594,0.00385340652428567,0.00497852591797709,0.00503758387640119,0.00509831961244345,0.00460389908403158,0.0043949824757874,0.0038154162466526,0.00445333030074835,0.00423899851739407,0.00442702416330576,0.00530331302434206,0.00489558652043343,0.00461221765726805,0.00502944691106677,0.00446905568242073,0.00410349015146494,0.00388340931385756,0.00429392512887716,0.00466925092041492,0.00470671663060784,0.00435609603300691,0.00480625871568918,0.00523420237004757,0.00373674533329904,0.00452401069924235,0.00471433252096176,
1745.0,0.00473370356485248,0.00479883700609207,0.00445496197789907,0.0044113858602941,0.0037927117664367,0.00408998969942331,0.00433244556188583,0.00459920102730393,0.00438945647329092,0.00491603929549456,0.00427599530667067,0.00443689757958055,0.00481871282681823,0.00508178863674402,0.0047175781801343,0.00459824502468109,0.00445111421868205,0.00495210709050298,0.00497556990012527,0.00476397108286619,0.00398948416113853,0.00480918539687991,0.00383142521604896,0.00495440885424614,0.0050108702853322,0.00507251359522343,0.0045762425288558,0.00436753453686833,0.00378790521062911,0.00443072896450758,0.00421509798616171,0.00440240418538451,0.00527665112167597,0.0048672161065042,0.00458712549880147,0.00500364974141121,0.00444431928917766,0.00407797889783978,0.00385995581746101,0.00427273707464337,0.00464191846549511,0.00467744097113609,0.0043352241627872,0.00478246947750449,0.0052053602412343,0.00371547765098512,0.00449454598128796,0.00468530226498842,
1746.0,0.00471452996134758,0.00476813921704888,0.00443041929975152,0.00437982892617583,0.00376290525309742,0.00405562575906515,0.00432352256029844,0.00458053732290864,0.00434303050860763,0.00488267466425896,0.00424969987943769,0.0044206534512341,0.00479364302009344,0.00506043015047908,0.00469155330210924,0.00458070915192366,0.0044153118506074,0.00493954587727785,0.00495114782825112,0.00473396293818951,0.00396738294512033,0.00479527516290545,0.00380083918571472,0.00493055768311024,0.00498526869341731,0.00504236295819283,0.00455581955611706,0.00433478364720941,0.00374417239800096,0.00440849550068378,0.00418658694252372,0.00437190569937229,0.00525154871866107,0.00483533181250095,0.0045592850074172,0.00497225951403379,0.00441292580217123,0.00405540829524398,0.00383381475694478,0.00424387911334634,0.00460196612402797,0.00464631523936987,0.00431308802217245,0.00474699307233095,0.00517196906730533,0.00369016290642321,0.00445399479940534,0.00465582450851798,
1747.0,0.00470468075945973,0.00475095910951495,0.00441273394972086,0.00436458922922611,0.00374896009452641,0.00403578020632267,0.00430698553100228,0.00456597143784165,0.00432405434548855,0.00486504565924406,0.00423388555645943,0.00440952181816101,0.00477501424029469,0.00504852831363678,0.00467776926234365,0.00456913653761148,0.00439278455451131,0.00492702331393957,0.00493239611387253,0.00471682846546173,0.00394963333383203,0.00478197680786252,0.00378555548377335,0.00491741206496954,0.00496930768713355,0.00502237724140286,0.00453766342252493,0.00432052602991462,0.0037217834033072,0.00439571216702461,0.00416526151821017,0.00435615377500653,0.0052318056114018,0.00481461873278022,0.00454310467466712,0.00495354738086462,0.00439510447904468,0.0040420601144433,0.00381771055981517,0.00422666873782873,0.00458495831117034,0.00462841428816319,0.00429611885920167,0.00472542457282543,0.00514712557196617,0.00367688108235598,0.00443112337961793,0.00463977130129933,
1748.0,0.004712232388556,0.00474657211452723,0.0043967361561954,0.00436638621613383,0.00375886773690581,0.00403182860463858,0.00429501570761204,0.00456591695547104,0.00433186162263155,0.00485740369185805,0.00423044385388494,0.00440850201994181,0.00476505979895592,0.00504685519263148,0.00468068569898605,0.00456632999703288,0.00437718164175749,0.00493582850322127,0.00491869542747736,0.00470618437975645,0.00393850449472666,0.00477157346904278,0.00377722852863371,0.0049165696837008,0.00497449701651931,0.00500564510002732,0.00451949238777161,0.00432033464312553,0.00372708379290998,0.00440098065882921,0.00414472073316574,0.00435479730367661,0.00521748373284936,0.00480800261721015,0.00453550275415182,0.00494341738522053,0.00438961526378989,0.00405163550749421,0.0038180467672646,0.00422019930556417,0.00458369869738817,0.00462495582178235,0.00428161537274718,0.00470903934910893,0.00513147097080946,0.0036788284778595,0.00442570587620139,0.00463863695040345,
1749.0,0.00470417086035013,0.00473638158291578,0.00438385829329491,0.00435729138553143,0.00375340646132827,0.00402051908895373,0.00428079860284925,0.00455910991877317,0.00432916032150388,0.00484652863815427,0.00421983283013105,0.00439632125198841,0.00475230813026428,0.00503950519487262,0.00467008491978049,0.00455673318356276,0.00436156615614891,0.00492629269137979,0.00490674888715148,0.00469605997204781,0.00392986880615354,0.00476112682372332,0.00376867526210845,0.00490330904722214,0.00496279634535313,0.00499093253165483,0.0045102178119123,0.00431237928569317,0.00371784879826009,0.00439122412353754,0.00412824377417564,0.00434527499601245,0.00520627852529287,0.00479650963097811,0.00452567962929606,0.00493384292349219,0.00437473505735397,0.00404533185064793,0.00380705809220672,0.0042078304104507,0.00457159290090203,0.00461428100243211,0.00426814239472151,0.00469455681741238,0.00511702662333846,0.00367250526323915,0.00441402848809958,0.00462596863508224,
1750.0,0.00469753844663501,0.00473566120490432,0.00438178656622767,0.00435848720371723,0.00375305209308863,0.00401729112491012,0.00425706570968032,0.00455415807664394,0.00434517255052924,0.00485276244580746,0.00421620300039649,0.00438719894737005,0.00474144564941525,0.00504501350224018,0.00466358149424195,0.00455690175294876,0.00435765320435166,0.00490705296397209,0.00490302126854658,0.0047017764300108,0.00392882106825709,0.00476067187264562,0.00377719081006944,0.00489354925230145,0.00494863372296095,0.00499011762440205,0.00451709749177098,0.0043173972517252,0.00371509464457631,0.00438418239355087,0.0041203647851944,0.00434402097016573,0.00520834978669882,0.0047894986346364,0.00452797114849091,0.00493912817910314,0.00436753174290061,0.00404000654816628,0.00379925011657178,0.00420361803844571,0.00457298709079623,0.00461394246667624,0.00426273746415973,0.00469784904271364,0.00511304009705782,0.00367510761134326,0.00441421521827579,0.00462371157482266,
1751.0,0.00468434393405914,0.00472646998241544,0.00436957972124219,0.00434496207162738,0.00374182686209679,0.00400385633111,0.00423877965658903,0.00454088253900409,0.00433478318154812,0.00483826408162713,0.00420505506917834,0.00437421072274446,0.00473031960427761,0.00503047509118915,0.00465091643854976,0.00454264786094427,0.00434196973219514,0.00488804187625647,0.00489262957125902,0.00469058286398649,0.00391811039298773,0.00474452693015337,0.00376497209072113,0.00488030631095171,0.00493197422474623,0.00497617246583104,0.00450585037469864,0.00430975062772632,0.00370313762687147,0.0043683429248631,0.00410794839262962,0.00433046882972121,0.00519558833912015,0.00477828411385417,0.00451787980273366,0.0049279467202723,0.00435165734961629,0.0040266364812851,0.00378285604529083,0.0041917348280549,0.00456366408616304,0.00460393028333783,0.00424904376268387,0.00468525569885969,0.00509947817772627,0.00366388098336756,0.0043983357027173,0.00460885278880596,
1752.0,0.00465760659426451,0.0047149583697319,0.00436010584235191,0.00432027317583561,0.00372077221982181,0.00398127734661102,0.00423192512243986,0.00452476786449552,0.00430623861029744,0.00481379730626941,0.00418906332924962,0.00435518799349666,0.00472701992839575,0.0050050956197083,0.0046295216307044,0.00451454846188426,0.00432423781603575,0.00486430199816823,0.00488851172849536,0.00467635318636894,0.00391309335827827,0.00472162058576941,0.00374333444051445,0.00486019672825933,0.00490991957485676,0.00495957164093852,0.00449483375996351,0.00429214723408222,0.00368420849554241,0.0043407054618001,0.00410543568432331,0.00430573523044586,0.0051815202459693,0.00477067893370986,0.00450245849788189,0.00491323694586754,0.00432546809315681,0.00400511361658573,0.00375589239411056,0.00417545670643449,0.00454553635790944,0.00458894157782197,0.00423541152849793,0.00467060320079327,0.00508839497342706,0.00363869639113545,0.00437468849122524,0.00457843719050288,
1753.0,0.00463072909042239,0.00469345413148403,0.00433700811117888,0.00429290346801281,0.00369681837037206,0.00395860662683845,0.00420959945768118,0.00450231973081827,0.00428057508543134,0.00478538544848561,0.00416549388319254,0.00433123577386141,0.00470611266791821,0.00497408350929618,0.00460353447124362,0.00448940647765994,0.00430008443072438,0.00483576953411102,0.00486790062859654,0.0046489154919982,0.003892702748999,0.00469930050894618,0.00371940969489515,0.00483269337564707,0.00488354545086622,0.00493383919820189,0.00447526760399342,0.00427032168954611,0.00365634704940021,0.00430999090895057,0.00408320128917694,0.00428143190219998,0.0051539340056479,0.00474796537309885,0.00447976728901267,0.00489014526829124,0.0042974385432899,0.0039754887111485,0.00373434904031456,0.00415084371343255,0.00452180951833725,0.00456744292750955,0.00421175034716725,0.00464395200833678,0.00506305927410722,0.00361712509766221,0.00434547057375312,0.00455011567100883,
1754.0,0.0046061621978879,0.00466711074113846,0.00430344138294458,0.00425956537947059,0.00366534502245486,0.00393697572872043,0.00418026885017753,0.00447581661865115,0.00424594664946198,0.00474415440112352,0.00413764547556639,0.0043062218464911,0.00468234671279788,0.00493037281557918,0.00457968655973673,0.00445909472182393,0.00426786998286843,0.00480855396017432,0.00483572157099843,0.00460680387914181,0.00385838490910828,0.00466897990554571,0.0036881195846945,0.00480925478041172,0.00485972268506885,0.0048978584818542,0.00444387225434184,0.00425136229023337,0.00361752999015152,0.00427663139998913,0.0040490641258657,0.00425866525620222,0.00511118490248919,0.00471844151616097,0.00445311795920134,0.00485772639513016,0.00427085533738136,0.00393516477197409,0.00371556985192001,0.00412122625857592,0.00449838163331151,0.00454441271722317,0.00418134406208992,0.00460069393739104,0.00502727227285504,0.00359489279799163,0.00430188933387399,0.0045207841321826,
1755.0,0.00457418477162719,0.00463176611810923,0.00426870165392756,0.00422150967642665,0.00363475503399968,0.00390731962397695,0.00414687255397439,0.00444187643006444,0.00420673890039325,0.00470580393448472,0.00410743057727814,0.0042746034450829,0.00464888662099838,0.004885985981673,0.00454296544194222,0.00442630797624588,0.00423404481261969,0.00477166706696153,0.00479996763169765,0.00456646177917719,0.0038229376077652,0.00463263690471649,0.00365421827882528,0.00477066915482283,0.00482285767793655,0.00486260233446956,0.00440625054761767,0.00421583279967308,0.00358203100040555,0.00423844018951058,0.00401335069909692,0.00422546593472362,0.00507120275869966,0.00468380050733685,0.00441841734573245,0.0048175435513258,0.00423618033528328,0.00389737845398486,0.00368625693954527,0.0040852720849216,0.00446135643869638,0.00450890930369496,0.00414654053747654,0.00456014275550842,0.00498619303107262,0.00356593960896134,0.00426777824759483,0.00448721647262573,
1756.0,0.00453517027199268,0.00458266865462065,0.00422246847301722,0.00417172955349088,0.00359990540891886,0.00387194706127048,0.00410354370251298,0.00439939694479108,0.00416516931727529,0.00466465065255761,0.00406737998127937,0.00423089601099491,0.00459457281976938,0.00483368569985032,0.00448626605793834,0.00439438549801707,0.00419415580108762,0.00472096959128976,0.00474913837388158,0.00451319245621562,0.00377402571029961,0.00459905248135328,0.0036102463491261,0.00470847869291902,0.00477066449820995,0.00482056336477399,0.00436228327453136,0.0041573760099709,0.00353963277302682,0.00418973341584206,0.00395956356078386,0.00418216269463301,0.00502280192449689,0.00463478732854128,0.00437244074419141,0.00476450612768531,0.00418779952451587,0.0038493589963764,0.00365192326717079,0.00403379648923874,0.00440324796363711,0.00445590820163488,0.00409960327669978,0.00451149744912982,0.00493347272276878,0.0035326664801687,0.00423837779089808,0.00445011910051107,
1757.0,0.00449377903714776,0.0045364024117589,0.00418240064755082,0.00413135392591357,0.00356387789361179,0.00383354211226106,0.00406253756955266,0.00435610534623265,0.00412080902606249,0.00462264753878117,0.00402669049799442,0.00418920302763581,0.00454713171347976,0.004783995449543,0.004444042686373,0.00435565132647753,0.00415749195963144,0.00467546237632632,0.00470584351569414,0.00446866918355227,0.00373771251179278,0.00455486355349422,0.00357148377224803,0.00465981941670179,0.00472191115841269,0.00477794092148542,0.00431955326348543,0.00411458313465118,0.00350314262323081,0.00414530374109745,0.00391682190820575,0.00414261501282454,0.00497838715091348,0.00458690011873841,0.00432721525430679,0.00471793161705136,0.00414584903046489,0.00381327699869871,0.0036188515368849,0.0039961189031601,0.00435548415407538,0.00441142683848739,0.00406035268679261,0.00446620583534241,0.00488622765988112,0.00350087112747133,0.00419827830046415,0.0044068256393075,
1758.0,0.00444681756198406,0.00448693661019206,0.00414447719231248,0.00409613735973835,0.00352765340358019,0.00378692545928061,0.00402057962492108,0.0043048351071775,0.00406559137627482,0.00458164000883698,0.00398720102384686,0.00414754403755069,0.00449591502547264,0.00473148794844747,0.00440506916493177,0.0043103601783514,0.00412103021517396,0.00462906435132027,0.00466331792995334,0.00443140463903546,0.00370750040747225,0.00449646776542068,0.00353034562431276,0.00461283046752214,0.00466684577986598,0.00473538227379322,0.00426318822428584,0.00407080492004752,0.00347482343204319,0.00410071620717645,0.00388025655411184,0.00409509101882577,0.00493882317095995,0.00453890720382333,0.00427271705120802,0.00467016082257032,0.00410512741655111,0.00378942815586925,0.00358028477057815,0.00396764371544123,0.00430622417479753,0.00436468468979001,0.00402285996824503,0.00442875735461712,0.00483730435371399,0.00346365035511553,0.00415606889873743,0.00435605738312006,
1759.0,0.00439954176545143,0.00443802401423454,0.00409885449334979,0.00405316147953272,0.00348974438384175,0.00373967294581234,0.00397536577656865,0.00425447151064873,0.00401876913383603,0.00453452160581946,0.0039423736743629,0.00410261610522866,0.00444819964468479,0.00468226708471775,0.00435950513929129,0.00426721293479204,0.00407838309183717,0.00457797199487686,0.00461914017796516,0.00438616424798965,0.00366654084064066,0.00444173300638795,0.00349214836023748,0.00456204870715737,0.00461642444133759,0.00468985503539443,0.00421518785879016,0.00402677990496159,0.00343727273866534,0.0040538115426898,0.00384156382642686,0.00405135052278638,0.00488929403945804,0.00448657060042024,0.00422384636476636,0.00461614970117807,0.00406185444444418,0.00375408539548516,0.00353632238693535,0.00392338167876005,0.00425915140658617,0.00431645708158612,0.00398198375478387,0.00437931111082435,0.0047839148901403,0.00342745566740632,0.00411143573001027,0.00431176833808422,
1760.0,0.00434856023639441,0.00438620196655393,0.00405342411249876,0.00401340052485466,0.00345123209990561,0.00368972844444215,0.00392811791971326,0.0042046713642776,0.00397851457819343,0.00448524067178369,0.00389091041870415,0.00405622785910964,0.00440504774451256,0.00463771494105458,0.00432346807792783,0.00422398746013641,0.00403963541612029,0.00452771736308932,0.00458395108580589,0.00433923210948706,0.00362653424963355,0.00438286690041423,0.00346472021192312,0.00451416056603193,0.00457252282649279,0.00464483862742782,0.00417844951152802,0.00399290071800351,0.00339499255642295,0.00400895811617374,0.00380727602168918,0.0040143309161067,0.00483905291184783,0.00442785071209073,0.00417718570679426,0.00456166546791792,0.00402635568752885,0.00371990678831935,0.00349464756436646,0.00387969380244613,0.00422132387757301,0.00427323672920465,0.00394664332270622,0.00432217819616199,0.00473134918138385,0.00339665496721864,0.00405897293239832,0.00426745414733887,
1761.0,0.00429425342008471,0.00433221645653248,0.00399727188050747,0.00396165251731873,0.00340650044381619,0.00364009197801352,0.0038776695728302,0.00415238784626126,0.00392865994945169,0.00442743906751275,0.00383954052813351,0.00400627963244915,0.00435143662616611,0.00458541791886091,0.004272376652807,0.00417265528813004,0.00398452999070287,0.0044715111143887,0.00452943053096533,0.00428859237581491,0.00358272762969136,0.00432195933535695,0.00342536647804081,0.00446321209892631,0.00451362226158381,0.0045874435454607,0.00412886496633291,0.00394615903496742,0.00334817008115351,0.00395793979987502,0.00376264750957489,0.0039696404710412,0.00477759912610054,0.0043694325722754,0.00412985496222973,0.0045063616707921,0.00397385936230421,0.00367539352737367,0.00344753102399409,0.00382743077352643,0.00416975049301982,0.00421973271295428,0.00389578798785806,0.00426433468237519,0.00467027071863413,0.00335477292537689,0.00400725798681378,0.00421812618151307,
1762.0,0.00423984136432409,0.00427715666592121,0.00392746180295944,0.00389275560155511,0.00335763860493898,0.00358691718429327,0.00382078369148076,0.00409794645383954,0.00387415033765137,0.00435969419777393,0.00378734176047146,0.00395182939246297,0.00429783994331956,0.0045308992266655,0.00420149695128202,0.00411891797557473,0.00391369313001633,0.00440419465303421,0.00446141744032502,0.00423273770138621,0.00353032373823226,0.00425685383379459,0.00338013120926917,0.00440876465290785,0.00444837240502238,0.0045192469842732,0.00407507130876184,0.00388908921740949,0.00329261785373092,0.00390026299282908,0.00371097680181265,0.00392225477844477,0.00469962507486343,0.00430799135938287,0.00408919295296073,0.00444384338334203,0.00390512542799115,0.00361866061575711,0.00338591635227203,0.00375193008221686,0.00410852860659361,0.00415632780641317,0.0038294205442071,0.00419682543724775,0.00459771975874901,0.00330558093264699,0.00395808788016438,0.00417428091168404,
1763.0,0.00418230053037405,0.0042213904671371,0.00387196708470583,0.00383886671625078,0.00330967013724148,0.00353765697218478,0.00376724218949676,0.00404153298586607,0.00381876924075186,0.00429600477218628,0.00373071478679776,0.00389776658266783,0.00423674564808607,0.0044734044931829,0.004144670907408,0.00405980413779616,0.00385294063016772,0.00434424635022879,0.00439798459410667,0.00417478289455175,0.00347774545662105,0.00419478444382548,0.00333161046728492,0.00435024732723832,0.00438036397099495,0.00445897458121181,0.00401717983186245,0.00383432838134468,0.00324591668322682,0.00384429050609469,0.00366161135025322,0.00386775378137827,0.00463316729292274,0.00424641743302345,0.00403507053852081,0.00437850784510374,0.00384614104405046,0.0035657559055835,0.00333565869368613,0.00369759812019765,0.00405418826267123,0.00409693690016866,0.00377267901785672,0.00413329759612679,0.00453225197270513,0.00325585249811411,0.00389857427217066,0.00411608628928661,
1764.0,0.00411716662347317,0.00416385661810637,0.00381418829783797,0.00378736900165677,0.0032534277997911,0.00349098676815629,0.00371030764654279,0.00397837953642011,0.00375749822705984,0.00422360934317112,0.00366587843745947,0.00383927649818361,0.00415928708389401,0.0044071045704186,0.00408810051158071,0.00398518145084381,0.00378138106316328,0.00428476836532354,0.00432035699486732,0.00411008764058352,0.00342615926638246,0.00413149269297719,0.00327264075167477,0.00428944872692227,0.00429501757025719,0.00438950164243579,0.00394519791007042,0.00377484178170562,0.00320066628046334,0.00378374033607543,0.00360526656731963,0.00380608951672912,0.00456279516220093,0.00418019574135542,0.00397114502266049,0.00431030802428722,0.0037791810464114,0.00350857549346983,0.00329156755469739,0.00365435378625989,0.00399402249604464,0.00403340393677354,0.00371166039258242,0.00407083798199892,0.00446394085884094,0.00319643085822463,0.00382394529879093,0.00403853692114353,
1765.0,0.00405979109928012,0.00410616677254438,0.00376324192620814,0.00373575021512806,0.00320783024653792,0.00344180455431342,0.00365953054279089,0.00392381753772497,0.0037046680226922,0.00416705617681146,0.00361131643876433,0.00378264929167926,0.00410029385238886,0.0043477900326252,0.00403017411008477,0.00392931373789907,0.00372292520478368,0.00422660587355495,0.00425622938200831,0.00405713496729732,0.00337927276268601,0.00407460052520037,0.00321993255056441,0.00422948738560081,0.00423261662945151,0.00433097081258893,0.00389155349694192,0.00372208864428103,0.00315336440689862,0.0037314654327929,0.00355489389039576,0.00374961295165122,0.00450315000489354,0.00412184372544289,0.00391341187059879,0.00425000861287117,0.00372274499386549,0.0034557725302875,0.00324141792953014,0.0036029601469636,0.00393739156424999,0.00397866731509566,0.0036585854832083,0.00401149317622185,0.00440185237675905,0.00314719881862402,0.00376909854821861,0.00397789850831032,
1766.0,0.00400188937783241,0.0040421774610877,0.00372216035611928,0.00369002856314182,0.00317035708576441,0.00339174433611333,0.00361466873437166,0.00386866787448525,0.00365231093019247,0.00411783345043659,0.00355675909668207,0.00372442649677396,0.00404060911387205,0.00428897980600595,0.00397354364395142,0.00387720507569611,0.00367373344488442,0.00417180312797427,0.00419707596302032,0.00400880025699735,0.00332201062701643,0.00402169022709131,0.0031636762432754,0.00415877159684896,0.00417857430875301,0.00428558466956019,0.00384294078685343,0.00367263751104474,0.0031086509115994,0.00368002755567431,0.00350909540429711,0.00368343899026513,0.00445338431745768,0.00406652875244617,0.00384319992735982,0.0041839755140245,0.00367476814426482,0.0034005488269031,0.00318546360358596,0.00355420797131956,0.00388563331216574,0.00392302917316556,0.00360980094410479,0.00394689943641424,0.00434513343498111,0.00309732928872108,0.00371728045865893,0.00391787709668279,
1767.0,0.003948372323066,0.00399151584133506,0.00367651763372123,0.00364393065683544,0.00312490342184901,0.00334416795521975,0.00356963742524385,0.00381968752481043,0.00360883725807071,0.00406812038272619,0.00351033778861165,0.00367317884229124,0.00399280432611704,0.00423413934186101,0.00392506783828139,0.00382795068435371,0.00362702365964651,0.00411662319675088,0.00414541875943542,0.00395717704668641,0.00327730714343488,0.00396941509097815,0.00311824935488403,0.00410569692030549,0.00412898790091276,0.00423405831679702,0.00379659864120185,0.0036205246578902,0.00306416000239551,0.00363578554242849,0.00346321449615061,0.003636370645836,0.00439943978562951,0.00401630904525518,0.00379172107204795,0.00413371250033379,0.00363209843635559,0.00335283181630075,0.00314555829390883,0.00350652914494276,0.00383341126143932,0.00387894175946712,0.0035677554551512,0.00389655958861113,0.00428816815838218,0.00305911665782332,0.00367081584408879,0.00386685226112604,
1768.0,0.0039048760663718,0.00395138002932072,0.00363590591587126,0.00359636452049017,0.00307854567654431,0.00329602742567658,0.00353104062378407,0.00378474243916571,0.00357856461778283,0.00403402280062437,0.00347508885897696,0.00362702645361423,0.00396613730117679,0.00418515456840396,0.00388065492734313,0.003794199321419,0.00359118054620922,0.004060925450176,0.00410583429038525,0.00391371548175812,0.00325035932473838,0.00392111949622631,0.00308150611817837,0.00406798627227545,0.00409620767459273,0.00418233452364802,0.00376836606301367,0.00357048842124641,0.00301996152848005,0.00360323302447796,0.0034197976347059,0.00360515993088484,0.00435083126649261,0.00397532200440764,0.00375734316185117,0.00410630879923701,0.00359650631435215,0.00331335351802409,0.0031136607285589,0.00345506565645337,0.00378082343377173,0.00385025911964476,0.00353532028384507,0.00386082800105214,0.00423545390367508,0.00303669576533139,0.00364501890726388,0.00383068830706179,
1769.0,0.00384665234014392,0.00389870931394398,0.0035871344152838,0.0035451203584671,0.00303310574963689,0.00324845663271844,0.00348395574837923,0.00373596930876374,0.00352983293123543,0.00397960841655731,0.00343217654153705,0.00357613153755665,0.00391826499253511,0.00413301913067698,0.00382972066290677,0.00374596728943288,0.00354434712789953,0.00400683702901006,0.00405281642451882,0.0038589749019593,0.00320392777211964,0.00386658147908747,0.00304226903244853,0.00401150248944759,0.00404384126886725,0.0041270605288446,0.0037166872061789,0.0035178754478693,0.0029723709449172,0.00355587457306683,0.0033741754014045,0.00355885969474912,0.00429379474371672,0.00392238656058908,0.00371057773008943,0.00405444391071796,0.00355104962363839,0.00326867192052305,0.00307679153047502,0.00340786785818636,0.0037292696069926,0.00380251952446997,0.00348994834348559,0.00381503324024379,0.00417679827660322,0.00300095533020794,0.00359392655082047,0.00378270074725151,
1770.0,0.00378438900224864,0.00385451852343977,0.00354038248769939,0.00350188254378736,0.0029863310046494,0.00320738623850048,0.00343529041856527,0.0036865952424705,0.0034822344314307,0.00391890620812774,0.00339491735212505,0.00353319733403623,0.00387574825435877,0.00409077666699886,0.00379452295601368,0.00369807379320264,0.0035016112960875,0.00395931489765644,0.00400714296847582,0.00379751366563141,0.00315721589140594,0.00381786981597543,0.0030155130662024,0.00395851628854871,0.00399162108078599,0.00407329201698303,0.00365705625154078,0.00346207758411765,0.00292804464697838,0.00351296993903816,0.00333443330600858,0.00352259981445968,0.00423871818929911,0.00387205020524561,0.00367454392835498,0.00400269217789173,0.00351533736102283,0.0032334157731384,0.00305642350576818,0.00337390881031752,0.00368764391168952,0.00376119581051171,0.0034522672649473,0.00377993169240654,0.00412451894953847,0.00297222239896655,0.0035325272474438,0.00373797514475882,
1771.0,0.00372055289335549,0.00378688191995025,0.00348073290660977,0.00343622989021242,0.00294386805035174,0.00315255671739578,0.00337892887182534,0.00362981576472521,0.00342205981723964,0.00384960346855223,0.00333567894995213,0.00347449211403728,0.00380672118626535,0.00402029976248741,0.00372192775830626,0.00363980536349118,0.00344014237634838,0.00390381319448352,0.0039424505084753,0.00372812175191939,0.0031014138367027,0.00374934053979814,0.00296837906353176,0.00389565620571375,0.00390886422246695,0.00400207936763763,0.00359319150447845,0.00340413535013795,0.00287268357351422,0.00344963790848851,0.00328010646626353,0.00346247642301023,0.00416752882301807,0.00380004080943763,0.00361541192978621,0.00392500776797533,0.00344908447004855,0.00318078091368079,0.00300448504276574,0.00331674469634891,0.00363092799670994,0.00368798477575183,0.00340324314311147,0.00372789450921118,0.00405650772154331,0.00291266990825534,0.00347484741359949,0.00367495091632009,
1772.0,0.00365117960609496,0.00370686827227473,0.00340664153918624,0.0033675495069474,0.00289847585372627,0.0030972701497376,0.003308757673949,0.00355629762634635,0.00334587134420872,0.00377023173496127,0.00327582377940416,0.00340855307877064,0.00372068490833044,0.00394257577136159,0.00363939465023577,0.00356487464159727,0.00337111158296466,0.00383666949346662,0.00386655330657959,0.00365640665404499,0.00303433719091117,0.00367416720837355,0.00291031436063349,0.00381978880614042,0.00383173068985343,0.00393564440310001,0.00351390847936273,0.00335008348338306,0.00281498348340392,0.00337296654470265,0.0032137231901288,0.0033896123059094,0.0040860753506422,0.00372765050269663,0.00354187400080264,0.00383562315255404,0.00337671069428325,0.00311175384558737,0.00293752597644925,0.00324749085120857,0.00355713907629251,0.00361033715307713,0.00332952360622585,0.00365162710659206,0.00397158740088344,0.00284805800765753,0.00340735376812518,0.00360436248593032,
1773.0,0.00357142300345004,0.00360971526242793,0.00331720570102334,0.0032826045062393,0.00282750348560512,0.00302457506768405,0.00322307390160859,0.0034566018730402,0.0032597160898149,0.00368107343092561,0.00319348135963082,0.00332007952965796,0.00361928646452725,0.00383828952908516,0.00355008943006396,0.00346967414952815,0.00329027767293155,0.00374541338533163,0.00377620477229357,0.0035605002194643,0.00295278150588274,0.00358189758844674,0.00283825933001935,0.00374011392705143,0.0037405239418149,0.00384307256899774,0.00342103303410113,0.0032796380110085,0.00274121109396219,0.00327377021312714,0.0031333900988102,0.0033045457676053,0.003985864110291,0.00363447167910635,0.00345010589808226,0.00373616558499634,0.00328814331442118,0.00303370552137494,0.00286058988422155,0.00315835769288242,0.00346605246886611,0.00352202239446342,0.00324260233901441,0.00355702126398683,0.00387723022140563,0.00277673592790961,0.00332264229655266,0.00350748421624303,
1774.0,0.00348720862530172,0.00351135898381472,0.00322483410127461,0.00319721503183246,0.00274143693968654,0.00294434605166316,0.00313866673968732,0.0033607145305723,0.0031683670822531,0.00358275882899761,0.00309995794668794,0.00322268903255463,0.00351832807064056,0.00372264417819679,0.00344972498714924,0.00337361521087587,0.00319927767850459,0.00364907644689083,0.00367529201321304,0.00345946056768298,0.00286988378502429,0.00347423017956316,0.00274996785447001,0.00364743964746594,0.00363966054283082,0.0037452238611877,0.00332307326607406,0.00319890095852315,0.00266565592028201,0.00317836832255125,0.00304269301705062,0.00320639554411173,0.00387879158370197,0.00353324506431818,0.00335350772365928,0.00363224558532238,0.00319073139689863,0.00295017566531897,0.00277914106845856,0.00305895647034049,0.00337458238936961,0.00342613784596324,0.00315270549617708,0.00345604587346315,0.00377074209973216,0.00269556697458029,0.0032325740903616,0.0034050801768899,
1775.0,0.00338605861179531,0.00340948347002268,0.00314321648329496,0.00310821388848126,0.00265260832384229,0.00285850442014635,0.00304539292119443,0.00325614493340254,0.00307394401170313,0.00347906700335443,0.00300603732466698,0.00313275679945946,0.00341160222887993,0.00361733743920922,0.00334779848344624,0.00327439187094569,0.00310089904814959,0.00353740574792027,0.00357082765549421,0.00336073245853186,0.00278311991132796,0.00337099167518318,0.00265319948084652,0.00352850835770369,0.00353930704295635,0.00364226172678173,0.00322267157025635,0.00311050773598254,0.0025875314604491,0.00309255416505039,0.00294739776290953,0.00310049601830542,0.00376425730064511,0.00342793809249997,0.00325555191375315,0.00352979847230017,0.00309283379465342,0.00286115263588727,0.0026895422488451,0.00296697509475052,0.00327528757043183,0.00332086184062064,0.00304800947196782,0.00334123661741614,0.00366429379209876,0.00261674146167934,0.00313715473748744,0.00330596044659615,
1776.0,0.00328222126699984,0.00331306760199368,0.0030554176773876,0.00300973141565919,0.00256935344077647,0.00276876497082412,0.0029562006238848,0.00315301772207022,0.00298460689373314,0.00337245594710112,0.00290809036232531,0.00303797773085535,0.00330244423821568,0.0035116143990308,0.00324743171222508,0.00317998719401658,0.00300654885359108,0.00342289521358907,0.00346327060833573,0.00326286908239126,0.00269858888350427,0.00328742130659521,0.00256586098112166,0.00342176854610443,0.00343494699336588,0.00352615630254149,0.0031326194293797,0.00301451375707984,0.00249851401895285,0.00300278747454286,0.0028549034614116,0.00300755654461682,0.00364917889237404,0.00332532520405948,0.00315761007368565,0.00342504237778485,0.00300715654157102,0.00277604861184955,0.00260718609206378,0.002886374713853,0.00317825912497938,0.00321301724761724,0.00294977496378124,0.00323445233516395,0.00356453889980912,0.00254318816587329,0.00303680752404034,0.00320597225800157,
1777.0,0.00319812819361687,0.00322421034798026,0.00296896416693926,0.00292582507245243,0.00250489334575832,0.00269865174777806,0.00288069946691394,0.00306879682466388,0.00290483608841896,0.00327419070526958,0.00282132346183062,0.00295149022713304,0.00320791499689221,0.00341692962683737,0.00315319770015776,0.00310621410608292,0.00292714475654066,0.00332818925380707,0.00336549081839621,0.00318001722916961,0.00263377814553678,0.00320975249633193,0.00248919986188412,0.00333085656166077,0.00333693437278271,0.0034218356013298,0.0030479128472507,0.00292003294453025,0.00242830975912511,0.0029219591524452,0.00277391215786338,0.00292462552897632,0.00354783516377211,0.00324591412208974,0.00306863873265684,0.00333218206651509,0.00293230637907982,0.00270755495876074,0.00253350962884724,0.00281714997254312,0.00309517630375922,0.00312579097226262,0.00286748306825757,0.00314696412533522,0.00347254634834826,0.00247337017208338,0.00295455171726644,0.0031208791770041,
1778.0,0.00312371435575187,0.00313675426878035,0.00289295287802815,0.00284517160616815,0.00244971667416394,0.0026312624104321,0.00280352681875229,0.00298403948545456,0.00283671566285193,0.00319368182681501,0.0027468535117805,0.00287738745100796,0.00311485095880926,0.00333146750926971,0.00306092295795679,0.00303021562285721,0.00285218236967921,0.00323284533806145,0.00328071624971926,0.00310528744012117,0.0025641976390034,0.00313257565721869,0.00242435606196523,0.00323905795812607,0.00324636558070779,0.00332964141853154,0.00296507263556123,0.00284127052873373,0.00237042852677405,0.00285041960887611,0.00270354724489152,0.00284941936843097,0.00345498090609908,0.00317066954448819,0.00298377312719822,0.00325133977457881,0.00286383950151503,0.00263904989697039,0.00245930510573089,0.00275168218649924,0.00301119592040777,0.0030462967697531,0.0027853730134666,0.00306062772870064,0.00338598410598934,0.00240973732434213,0.00289217988029122,0.00304580200463533,
1779.0,0.0030551846139133,0.00305906822904944,0.00281685078516603,0.00276348530314863,0.00239769858308136,0.00256500556133688,0.00272471527568996,0.00291060260497034,0.00277315941639245,0.00312715489417315,0.00268583255819976,0.00281279231421649,0.00304451445117593,0.00325112696737051,0.00298565905541182,0.00295946467667818,0.00278463750146329,0.00314791779965162,0.00320313707925379,0.00303478771820664,0.00249953521415591,0.0030641236808151,0.00238565495237708,0.00317019992507994,0.00316936755552888,0.00325316563248634,0.0029060305096209,0.00277353054843843,0.00231769331730902,0.00278208288364112,0.00264264200814068,0.00279313395731151,0.00338078569620848,0.00309960637241602,0.0029117118101567,0.00316966511309147,0.00280680693686008,0.00257813232019544,0.00240311026573181,0.00269024958834052,0.00293936883099377,0.00299263023771346,0.00272364798001945,0.00299005350098014,0.00331148435361683,0.0023546926677227,0.00283912988379598,0.0029739981982857,
1780.0,0.00299085350707173,0.0029816625174135,0.00274268863722682,0.00269683450460434,0.00233940756879747,0.0025036409497261,0.00265679438598454,0.00284515018574893,0.00270941946655512,0.00306337862275541,0.00263360794633627,0.00274914037436247,0.00298894406296313,0.00317532639019191,0.00292808399535716,0.00288919871672988,0.00272002653218806,0.0030811014585197,0.00312852161005139,0.00296823913231492,0.00243506068363786,0.00299190357327461,0.00234382157213986,0.00310205132700503,0.00310015515424311,0.0031817180570215,0.00283951824530959,0.00270599429495633,0.00227787019684911,0.00271413661539555,0.00258538103662431,0.00273110601119697,0.00331185199320316,0.00303060072474182,0.00284179416485131,0.00310196308419108,0.00273764552548528,0.00252378755249083,0.00235647615045309,0.00263083726167679,0.00288367480970919,0.00294703524559736,0.00267120683565736,0.00292638433165848,0.0032452056184411,0.00230686878785491,0.00278336182236671,0.00291061960160732,
1781.0,0.00292417942546308,0.00291559309698641,0.00268442998640239,0.00264619686640799,0.00227538426406682,0.00243808841332793,0.002602071268484,0.00278600491583347,0.00265697739087045,0.00300390785560012,0.0025821712333709,0.00269211176782846,0.00292984349653125,0.00310922157950699,0.00287542236037552,0.0028243656270206,0.00265960581600666,0.00301589258015156,0.00306925526820123,0.00290855998173356,0.00236836401745677,0.00293481000699103,0.00228991615585983,0.00303340470418334,0.00303514814004302,0.00311889941804111,0.00277572916820645,0.00265235570259392,0.00223277695477009,0.00266064796596766,0.00253251916728914,0.00267146737314761,0.00324204401113093,0.00295820622704923,0.00278269755654037,0.00304355984553695,0.00267776637338102,0.00245522544719279,0.00230865948833525,0.00257109780795872,0.00283003901131451,0.00288459775038064,0.00261607486754656,0.00285856588743627,0.00317765702493489,0.0022666493896395,0.00272791483439505,0.00285471836104989,
1782.0,0.00285764853470027,0.00286144413985312,0.00262978160753846,0.00259344442747533,0.00222674151882529,0.00237641995772719,0.00254773953929544,0.00273401965387166,0.00260180095210671,0.00294132041744888,0.0025327573530376,0.00264489976689219,0.00287687079980969,0.00304787885397673,0.00281998817808926,0.00276841409504414,0.00260361912660301,0.00295922998338938,0.00301179708912969,0.00284956418909132,0.00232343142852187,0.00288080843165517,0.002245734911412,0.00297961453907192,0.00297257420606911,0.00306356861256063,0.00273224897682667,0.00259464839473367,0.00217445939779282,0.00261030276305974,0.00248090131208301,0.00262056384235621,0.00317408074624836,0.00288271741010249,0.00273067667149007,0.00297296559438109,0.00262570637278259,0.0023963782005012,0.0022646018769592,0.00251088547520339,0.00277265184558928,0.00282225641421974,0.00256734271533787,0.00279918545857072,0.00311153428629041,0.00222737924195826,0.00267004827037454,0.00279564410448074,
1783.0,0.00280241295695305,0.00280974851921201,0.00257346103899181,0.00254484312608838,0.00218523619696498,0.00232568196952343,0.00250654923729599,0.00268118199892342,0.00254220725037158,0.00288011459633708,0.00247640023007989,0.00258831679821014,0.00281292875297368,0.00298816058784723,0.00276238075457513,0.00271820742636919,0.00255808397196233,0.00290970550850034,0.00294339004904032,0.0027922447770834,0.00228220224380493,0.00282299635000527,0.00219624815508723,0.00291795236989856,0.00290662865154445,0.00300245545804501,0.00267275422811508,0.00253727775998414,0.00212188740260899,0.00255210697650909,0.00243023922666907,0.00255974219180644,0.00310205202549696,0.00281443726271391,0.00267596496269107,0.00289915967732668,0.00256347190588713,0.0023504791315645,0.00222236895933747,0.00245245941914618,0.00271278363652527,0.00275273877196014,0.00252505438402295,0.00275038159452379,0.00303436582908034,0.00219602836295962,0.00260178139433265,0.00273441430181265,
1784.0,0.00274031888693571,0.00275260675698519,0.00252151885069907,0.0024968022480607,0.00213789218105376,0.00228483602404594,0.00246627232991159,0.00262062391266227,0.0024848070461303,0.00281922495923936,0.00241744890809059,0.00253167748451233,0.00273983972147107,0.00292419735342264,0.00270374189130962,0.00267513049766421,0.0025171609595418,0.00284962449222803,0.0028820235747844,0.00273573910817504,0.00223892345093191,0.00276684248819947,0.00214065983891487,0.00285351159982383,0.0028426197823137,0.00294110295362771,0.00261126970872283,0.00249273586086929,0.00206947093829513,0.00250233872793615,0.00238652317784727,0.00249964115209877,0.00303067546337843,0.00275008147582412,0.00262178317643702,0.0028358434792608,0.00251357536762953,0.00229798653163016,0.00217676861211658,0.00239662104286253,0.00264533096924424,0.00268227397464216,0.0024742039386183,0.00269855093210936,0.00295218545943499,0.0021536941640079,0.00254419655539095,0.00267340755090117,
1785.0,0.0026682810857892,0.00269271852448583,0.00247166445478797,0.00244053639471531,0.00210055825300515,0.00224922550842166,0.00240688608027995,0.00255879573523998,0.00242031738162041,0.00275765242986381,0.00236516795121133,0.00247974577359855,0.00268136081285775,0.00285616470500827,0.0026409630663693,0.00262032216414809,0.00246438640169799,0.00279458193108439,0.00282378657720983,0.00267372792586684,0.00219492055475712,0.00269434577785432,0.00209991447627544,0.00279480079188943,0.00278548384085298,0.00287875696085393,0.00256429589353502,0.00244232569821179,0.0020260657183826,0.00245202030055225,0.00234753941185772,0.00244793156161904,0.00296976347453892,0.00268157734535635,0.00256298366002738,0.00277971685864031,0.00246227905154228,0.00225213845260441,0.00213307538069785,0.00234735500998795,0.00258444645442069,0.00261685135774314,0.00242004543542862,0.00264409743249416,0.00288858590647578,0.00209585600532591,0.00249610678292811,0.0026131528429687,
1786.0,0.0026035055052489,0.00263355439528823,0.00242136814631522,0.00237807258963585,0.00205322774127126,0.00220612064003944,0.00234847469255328,0.00250538904219866,0.00236231228336692,0.00270014209672809,0.00230583408847451,0.0024210277479142,0.00261805625632405,0.00279409228824079,0.00257941684685647,0.00255997735075653,0.00240561203099787,0.00273488601669669,0.00275752460584044,0.00260808994062245,0.00214033084921539,0.00262059597298503,0.00205214926972985,0.00271984445862472,0.00272764009423554,0.00281240232288837,0.00250922841951251,0.00238466588780284,0.00199503637850285,0.00239135418087244,0.00229628197848797,0.00238667707890272,0.0029051995370537,0.00262353965081275,0.00250559952110052,0.00272021442651749,0.00240725534968078,0.00220435601659119,0.00208767154254019,0.00230046105571091,0.00252988818101585,0.00255752052180469,0.00236623897217214,0.00259440299123526,0.00282950699329376,0.00203958875499666,0.00243771891109645,0.00255593680776656,
1787.0,0.00254074041731656,0.00256891804747283,0.00235852692276239,0.0023168905172497,0.0019927506800741,0.00215813121758401,0.00229916116222739,0.00245592673309147,0.00230820523574948,0.0026367160025984,0.00225248979404569,0.00236712722107768,0.00255108950659633,0.00273098214529455,0.00252659129910171,0.00249785440973938,0.00234295264817774,0.00267215515486896,0.00269587454386055,0.00254393601790071,0.00209046038798988,0.00254857167601585,0.00199335999786854,0.00264916801825166,0.00267245643772185,0.00274673104286194,0.00245023984462023,0.00232495600357652,0.00194588850717992,0.00233465246856213,0.0022367516066879,0.00233139935880899,0.00283659575507045,0.00256917509250343,0.0024488924536854,0.00266830110922456,0.00236241822130978,0.00214900518767536,0.00203307461924851,0.00225586863234639,0.00247577880509198,0.00250352988950908,0.00229575228877366,0.00254057208076119,0.00277072354219854,0.00198105466552079,0.00237882509827614,0.00249974755570292,
1788.0,0.0024760807864368,0.00250175525434315,0.00228287861682475,0.00225398456677794,0.00194039975758642,0.00209521409124136,0.00223619746975601,0.00239830533973873,0.00223812717013061,0.00255955453030765,0.00219298317097127,0.00230304361321032,0.00248987856321037,0.00265920464880764,0.00246640667319298,0.00242131878621876,0.00227619847282767,0.00260638142935932,0.00262859021313488,0.00247173360548913,0.00204060110263526,0.00246650166809559,0.00193099270109087,0.00257739145308733,0.00260786502622068,0.00267375726252794,0.00239038886502385,0.00225730915553868,0.00188699376303703,0.00226947478950024,0.00217512156814337,0.00227640173397958,0.00275995885021985,0.00251112994737923,0.00239066430367529,0.0026023278478533,0.00229837838560343,0.00209496263414621,0.00197353749535978,0.00219701277092099,0.00241487286984921,0.00242875516414642,0.00221920548938215,0.00247080088593066,0.00270649883896112,0.00192166597116739,0.00231506070122123,0.00243020616471767,
1789.0,0.00241686217486858,0.00242209690622985,0.00220238487236202,0.00217540841549635,0.00188120733946562,0.00201553385704756,0.00217351783066988,0.00232029031030834,0.00217161211185157,0.00246476544998586,0.00211659260094166,0.00222268188372254,0.00240300549194217,0.00257129617966712,0.00238699489273131,0.00233955797739327,0.00220033037476242,0.0025122151710093,0.00254742614924908,0.00238898489624262,0.0019781265873462,0.00238601770251989,0.00185785535722971,0.00247924262657762,0.00251638051122427,0.00258750864304602,0.00230420450679958,0.00218716403469443,0.00182449806015939,0.00218868791125715,0.00209420896135271,0.00220048846676946,0.00265707517974079,0.00244026747532189,0.00232341117225587,0.00250655296258628,0.00221002334728837,0.00202672905288637,0.0019044749205932,0.00211744639091194,0.00233028293587267,0.00234893662855029,0.00213969475589693,0.00238504679873586,0.00261145085096359,0.00185500364750624,0.00223958236165345,0.00234085996635258,
1790.0,0.00233357446268201,0.00232518068514764,0.00210752710700035,0.00209020893089473,0.00181030388921499,0.00193022342864424,0.00210025277920067,0.00222182809375227,0.00209679454565048,0.00235935137607157,0.00203741597943008,0.00213818647898734,0.00230396445840597,0.00246423692442477,0.00229920446872711,0.00224887090735137,0.00211168639361858,0.0024103878531605,0.00245040957815945,0.00230397889390588,0.00190175382886082,0.00230215303599834,0.00178650196176022,0.00237802206538618,0.00241450616158545,0.00248176278546453,0.00220691738650203,0.00210459786467254,0.00174767349381,0.00210982328280807,0.00200859480537474,0.00212204037234187,0.00254583149217069,0.00234427326358855,0.00223395344801247,0.00240689190104604,0.00212072813883424,0.00193864665925503,0.0018304354744032,0.00203705113381147,0.00223658909089863,0.00226328917779028,0.00205972464755178,0.00228451634757221,0.0024964758194983,0.00178493023850024,0.00215313583612442,0.0022429449018091,
1791.0,0.0022103285882622,0.00221605622209609,0.00200186320580542,0.00199359864927828,0.00173530681058764,0.0018326771678403,0.00199055392295122,0.00211035180836916,0.00199884315952659,0.0022410664241761,0.00194381491746753,0.00202852860093117,0.0022024002391845,0.00233176024630666,0.00218771328218281,0.002138985786587,0.00200733635574579,0.0022909811232239,0.00232753972522914,0.00219750474207103,0.00179991393815726,0.00219922652468085,0.00171334634069353,0.00226904405280948,0.00230437144637108,0.00235303957015276,0.00210382300429046,0.00199926318600774,0.00166660326067358,0.00200708140619099,0.00191427709069103,0.00203363341279328,0.00242405664175749,0.00223114620894194,0.00212069880217314,0.00229261489585042,0.00201040552929044,0.00183850433677435,0.00174755824264139,0.00194346869830042,0.00213599461130798,0.00214432436041534,0.001973582431674,0.00216033169999719,0.00237612286582589,0.00169741187710315,0.0020556643139571,0.00213576364330947,
1792.0,0.00208581262268126,0.0020925123244524,0.0019039495382458,0.00188697059638798,0.00165058160200715,0.00174084084574133,0.00188194424845278,0.00199058977887034,0.00190506526269019,0.00211295625194907,0.00183971563819796,0.00191143457777798,0.00209082663059235,0.00219728564843535,0.002058349782601,0.00202745175920427,0.00188542297109962,0.00215884647332132,0.00219657993875444,0.00208038673736155,0.00169437378644943,0.0020885297562927,0.00162466859910637,0.00214886199682951,0.00217397860251367,0.00222383649088442,0.00198301416821778,0.00189004221465439,0.00158270751126111,0.00189059367403388,0.00180711771827191,0.00192774611059576,0.00229292805306613,0.00210236897692084,0.00199504429474473,0.00216230982914567,0.00189087737817317,0.00172233337070793,0.00165249092970043,0.00183838687371463,0.00202279211953282,0.00202939659357071,0.00186791084706783,0.00203205109573901,0.0022491046693176,0.00159568642266095,0.00194622064009309,0.00201478414237499,
1793.0,0.00195286201778799,0.00196033087559044,0.00179700483568013,0.00178304489236325,0.00154892343562096,0.00163996452465653,0.00176536908838898,0.00186516519170254,0.00179767655208707,0.00199287640862167,0.00172910641413182,0.00179728667717427,0.00197591888718307,0.00207595201209188,0.00193713919725269,0.00190251122694463,0.00175821105949581,0.00203449721448123,0.00205416465178132,0.00195749336853623,0.0015894160605967,0.00196276837959886,0.00153058918658644,0.00202507479116321,0.00204113312065601,0.00209339940920472,0.00186856230720878,0.00176649878267199,0.00148377066943794,0.00177938281558454,0.0016973129240796,0.00181478005833924,0.00216056848876178,0.00196380028501153,0.00186774122994393,0.00202750507742167,0.0017818083288148,0.00160453852731735,0.00155518564861268,0.00172650697641075,0.00190019037108868,0.00191338127478957,0.00175824831239879,0.00190986052621156,0.00211848621256649,0.00149557529948652,0.0018216532189399,0.00189558928832412,
1794.0,0.00181964610237628,0.0018371008336544,0.00168388779275119,0.00167916587088257,0.00144995388109237,0.00153148081153631,0.00165191502310336,0.00175014848355204,0.00167724338825792,0.00187042471952736,0.00162167777307332,0.00167905632406473,0.00185551901813596,0.00195400789380074,0.00181745504960418,0.00178064382635057,0.00164737470913678,0.00190310971811414,0.00191307149361819,0.00182457617484033,0.00148576602805406,0.00182593089994043,0.00143073103390634,0.00190005323383957,0.00191599898971617,0.00196027406491339,0.00175949500408024,0.00164968206081539,0.00138502381742001,0.00166144990362227,0.00158405781257898,0.00169663573615253,0.00202714349143207,0.00184481928590685,0.0017514469800517,0.00188654894009233,0.00166841456666589,0.00150101503822953,0.00145776593126357,0.0016167052090168,0.00178421137388796,0.00178468902595341,0.00164236163254827,0.00179141364060342,0.00198575016111135,0.0013947527622804,0.00170291028916836,0.00178218923974782,
1795.0,0.00170278444420546,0.00171621795743704,0.00157653796486557,0.00157249288167804,0.00135402707383037,0.00143676134757698,0.00155134790111333,0.00162620528135449,0.00156057346612215,0.00174165656790137,0.00150946970097721,0.0015699896030128,0.00172496598679572,0.00183701829519123,0.00168968038633466,0.00166704680304974,0.00153639365453273,0.00177269021514803,0.00178946112282574,0.00170062808319926,0.00138834805693477,0.00170180003624409,0.00132562452927232,0.00177167006768286,0.00178539904300123,0.00182722345925868,0.00163781212177128,0.00155054393690079,0.00129062635824084,0.00155080028343946,0.00147495104465634,0.00157140381634235,0.00188818364404142,0.00172694923821837,0.00163974007591605,0.00174973823595792,0.00156229780986905,0.00139393273275346,0.00136162689886987,0.00151297030970454,0.00166724598966539,0.00166691385675222,0.00151940621435642,0.00167179841082543,0.00184438528958708,0.00130705733317882,0.00158464070409536,0.00165936641860753,
1796.0,0.00158338679466397,0.00159698503557593,0.00145938491914421,0.0014685319038108,0.001256835879758,0.00132571335416287,0.00143584574107081,0.00150190945714712,0.00144570926204324,0.00162649690173566,0.00139650504570454,0.00146665039937943,0.00159351341426373,0.00171798164956272,0.00156780309043825,0.00154282420407981,0.00143182324245572,0.00165113632101566,0.00166596879716963,0.0015814786311239,0.00128596764989197,0.00157676241360605,0.00124263565521687,0.00164382613729686,0.00166326633188874,0.00169461406767368,0.00151181500405073,0.00144344149157405,0.00119453947991133,0.00144546397496015,0.00137347285635769,0.00145249802153558,0.00175117026083171,0.00159741542302072,0.0015286635607481,0.00162668607663363,0.001466941437684,0.00130108650773764,0.00127141317352653,0.00139711331576109,0.00154275516979396,0.00154835812281817,0.0014115507947281,0.00155460357200354,0.00171087530907243,0.00122583948541433,0.00146238424349576,0.00154835812281817,
1797.0,0.00146200845483691,0.00148408964741975,0.00134436739608645,0.00136270897928625,0.0011710625840351,0.0012121848994866,0.00131904473528266,0.0013959847856313,0.00133634940721095,0.0015056268312037,0.0012909002834931,0.00136796222068369,0.00146969640627503,0.00158812711015344,0.00144863862078637,0.00142847909592092,0.00133969658054411,0.00153356406372041,0.00154620793182403,0.00146644050255418,0.00119345751591027,0.00145572063047439,0.00115726992953569,0.0015259567881003,0.0015449415659532,0.00156595243606716,0.00139318977016956,0.00133877387270331,0.00110955571290106,0.0013442849740386,0.00127594172954559,0.00135038536973298,0.00162173458375037,0.00148752913810313,0.00142143131233752,0.0015066514024511,0.00136693136300892,0.00122037343680859,0.00118219456635416,0.00129239587113261,0.00143356039188802,0.00143078260589391,0.00131406798027456,0.00145002244971693,0.00158939464017749,0.00114774249959737,0.00134746718686074,0.00143898336682469,
1798.0,0.00134129368234426,0.00136160885449499,0.00123774842359126,0.00125879631377757,0.00108450057450682,0.00112296221777797,0.00120675121434033,0.00128564017359167,0.00123286119196564,0.00137986289337277,0.00118509749881923,0.00126835377886891,0.00134731945581734,0.00145900365896523,0.00132807670161128,0.00131445250008255,0.00123112706933171,0.00142277695704252,0.00142841436900198,0.00136072316672653,0.0011020879028365,0.00135491346009076,0.00106639484874904,0.00141456013079733,0.00142292643431574,0.00144391704816371,0.00128108344506472,0.00123685575090349,0.00102705101016909,0.00124188594054431,0.0011815297184512,0.00124960578978062,0.001488056499511,0.00137097493279725,0.00130425847601146,0.0013943281956017,0.00125982542522252,0.00113232270814478,0.00108566007111222,0.00119423726573586,0.00132824433967471,0.00131810980383307,0.00121281435713172,0.00134190986864269,0.0014708423987031,0.00106687436345965,0.00124109128955752,0.00131913914810866,
1799.0,0.00122290523722768,0.00122476345859468,0.00113124493509531,0.00115046033170074,0.000985777121968567,0.00102024781517684,0.00110036227852106,0.0011782351648435,0.00113098323345184,0.00126075593288988,0.00109219737350941,0.001159647712484,0.00123380799777806,0.0013271716888994,0.00122888735495508,0.00120443501509726,0.00113089673686773,0.00130881706718355,0.00130481843370944,0.001245197490789,0.00101267092395574,0.00124249013606459,0.000969760003499687,0.00128626020159572,0.00129768345504999,0.00133581913542002,0.00117862119805068,0.00112052343320102,0.000939092307817191,0.00112446618732065,0.00108388310763985,0.00114946719259024,0.00136451632715762,0.00124804559163749,0.00117618322838098,0.00127567094750702,0.00114734505768865,0.00103778124321252,0.000993678811937571,0.00107572053093463,0.00121080479584634,0.00121267139911652,0.00111032126005739,0.00123415992129594,0.0013458807952702,0.000968203647062182,0.00113312632311136,0.0012008611811325,
1800.0,0.00110764428973198,0.00110823626164347,0.00103053916245699,0.0010449883993715,0.000892095849849284,0.000925289874430746,0.00100084964651614,0.001072614104487,0.00102476903703064,0.00114497693721205,0.000996781745925546,0.00105021696072072,0.00111846183426678,0.00120273069478571,0.00111930479761213,0.00109775655437261,0.00102904881350696,0.00119190814439207,0.00118032516911626,0.00112808530684561,0.000921006489079446,0.00113302853424102,0.000878765189554542,0.00116616010200232,0.00117583875544369,0.00122014770749956,0.00107919971924275,0.00101607234682888,0.000857602804899216,0.00102139485534281,0.000989373656921089,0.00104450550861657,0.00123650743626058,0.00113433657679707,0.00106228201184422,0.00116164621431381,0.00104182388167828,0.000944532977882773,0.000903257518075407,0.000974070862866938,0.00109975633677095,0.00110846117604524,0.00101167417597026,0.00112367526162416,0.00122180499602109,0.00088035553926602,0.00103208865039051,0.00108943530358374,
1801.0,0.000931282178498805,0.000938922225032002,0.000866718066390604,0.000872782256919891,0.000741823168937117,0.000782213872298598,0.000831822748295963,0.000906863308046013,0.000839822110719979,0.000960099219810218,0.000841317465528846,0.000875987694598734,0.000954584160353988,0.00100567017216235,0.000916904595214874,0.000917528290301561,0.000867749564349651,0.00097337766783312,0.000989897176623344,0.000942010781727731,0.000798075634520501,0.000962922524195164,0.000740553194191307,0.000994253205135465,0.000984900281764567,0.000992736779153347,0.000894028635229915,0.000858854094985873,0.000709805928636342,0.000847748247906566,0.000813137332443148,0.000879423401784152,0.00103131122887135,0.000965746061410755,0.000914456264581531,0.000980879180133343,0.000857150240335613,0.000797174870967865,0.000753647764213383,0.000816480664070696,0.000916539749596268,0.000918768171686679,0.000860542524605989,0.000957634998485446,0.00103078735992312,0.000760741415433586,0.000873267301358283,0.000926616310607642,
1802.0,0.000846182811073959,0.000852201250381768,0.000787746859714389,0.000794913386926055,0.000675175746437162,0.000711868400685489,0.000754883512854576,0.000828329531941563,0.000762312731239945,0.000873285462148488,0.000770137645304203,0.00079347554128617,0.000873666198458523,0.00091773911844939,0.000828582153189927,0.000834343838505447,0.000790828664321452,0.000881766725797206,0.00090372038539499,0.000857550126966089,0.00072714319685474,0.000877118960488588,0.000674889713991433,0.000904527143575251,0.000896525220014155,0.000901451450772583,0.00081535306526348,0.000779700581915677,0.000646464701276273,0.000775281921960413,0.000738881062716246,0.000804719515144825,0.000937526288907975,0.000877411221154034,0.000836657651234418,0.000892589159775525,0.000787350290920585,0.000723357952665538,0.000683108519297093,0.000746379431802779,0.000836061895824969,0.000839066517073661,0.000786930264439434,0.000872475910000503,0.000934133830014616,0.000693259935360402,0.000792062317486852,0.000842524168547243,
1803.0,0.000781320908572525,0.000776249158661813,0.000718203838914633,0.000728438550140709,0.000612248433753848,0.000648989342153072,0.000692949630320072,0.000766875164117664,0.000702332763466984,0.00079291797010228,0.000711795117240399,0.000714519468601793,0.000803789356723428,0.000842771027237177,0.00075057684443891,0.000764975498896092,0.000722974946256727,0.000799111847300082,0.000831318669952452,0.000786115531809628,0.000661616562865675,0.000798528839368373,0.000616589677520096,0.000823027105070651,0.000822646950837225,0.00082228728570044,0.000758222886361182,0.000704359088558704,0.000591492978855968,0.000720009906217456,0.000678780605085194,0.000735987210646272,0.000852605619002134,0.000794502033386379,0.000767283840104938,0.000815951498225331,0.00073237792821601,0.000660674413666129,0.000622066436335444,0.000686265761032701,0.000766798562835902,0.000781512586399913,0.00073087023338303,0.000800645793788135,0.000852865108754486,0.000628225796390325,0.000717437302228063,0.000767029472626746,
1804.0,0.000720991694834083,0.000712449429556727,0.000659626792185009,0.000662786304019392,0.00056167971342802,0.00059850892284885,0.000635900825727731,0.000706974475178868,0.000646502303425223,0.000726598256733269,0.000657421362120658,0.000652486574836075,0.00073998310836032,0.000778111862018704,0.000685547827742994,0.000702857389114797,0.000664852792397141,0.000733414373826236,0.000763000803999603,0.000721273594535887,0.000610729621257633,0.000729575695004314,0.00056693865917623,0.000752841297071427,0.000755058601498604,0.000758843205403537,0.000699186814017594,0.00064659072086215,0.000543733360245824,0.000666825217194855,0.000625951739493757,0.000679680670145899,0.000785525538958609,0.000730022846255451,0.00070536759449169,0.000748650170862675,0.000682725454680622,0.00060413108440116,0.000575129233766347,0.000634509313385934,0.000706748163793236,0.000723064877092838,0.000675223185680807,0.000735459558200091,0.000782861781772226,0.000576349732000381,0.000657828815747052,0.000704142381437123,
1805.0,0.000677575182635337,0.000666789885144681,0.000615035882219672,0.000598568934947252,0.000524363946169615,0.000563151435926557,0.000590709154494107,0.000665266707073897,0.000601283216383308,0.000676734023727477,0.000615642871707678,0.000602961925324053,0.000692648289259523,0.000733356457203627,0.000639060221146792,0.000653373717796057,0.000622236228082329,0.000686211860738695,0.000704577658325434,0.000669813889544457,0.000579623272642493,0.000670615641865879,0.000530913821421564,0.000695133174303919,0.000697485520504415,0.000717478164006025,0.000649896799586713,0.000604215892963111,0.000512262806296349,0.000635195407085121,0.000588125141803175,0.00064426934113726,0.000741691270377487,0.000686666171532124,0.000661790545564145,0.000697132258210331,0.000653467664960772,0.000559209496714175,0.000546756840776652,0.000593354227021337,0.000662978331092745,0.000682081037666649,0.000625889108050615,0.000673389236908406,0.000728708342649043,0.000530460732989013,0.000611512688919902,0.000653233961202204,
1806.0,0.000625541491899639,0.000615738099440932,0.000569549389183521,0.000547432224266231,0.000482904200907797,0.0005192537792027,0.000545171613339335,0.000611992611084133,0.000555049336981028,0.00062471249839291,0.000569552998058498,0.000556960410904139,0.000638974364846945,0.00067655072780326,0.0005907699232921,0.00060362444492057,0.000576443504542112,0.000635095057077706,0.00064909370848909,0.000616393052041531,0.000535776955075562,0.000616160104982555,0.000491866783704609,0.000637101242318749,0.000641280668787658,0.000666432722937316,0.00060218432918191,0.000560472311917692,0.000476271321531385,0.000590580108109862,0.000543269328773022,0.000600310158915818,0.000689369335304946,0.00063439947552979,0.000611528696026653,0.000643115548882633,0.000607552588917315,0.000514573359396309,0.000507589022163302,0.000552463228814304,0.000614484713878483,0.000632021925412118,0.000576949736569077,0.000618962221778929,0.000670320412609726,0.000490353617351502,0.00056125846458599,0.000599550374317914,
1807.0,0.000580333289690316,0.000574590871110559,0.000537241226993501,0.000510633806698024,0.000452242878964171,0.000485146534629166,0.000511701044160873,0.000557631545234472,0.000520214205607772,0.000586746726185083,0.000527977652382106,0.000530714984051883,0.000587165413890034,0.000626917753834277,0.000554186466615647,0.000566285685636103,0.000542768451850861,0.000602446205448359,0.000606963818427175,0.000571370939724147,0.000499508576467633,0.000576107006054372,0.000462363270344213,0.000590989307966083,0.000600239785853773,0.000633373390883207,0.00056566612329334,0.000535471132025123,0.000447813770733774,0.000547916919458658,0.000509207951836288,0.000563820125535131,0.000652040238492191,0.000595191959291697,0.000563073495868593,0.00060079141985625,0.000562080123927444,0.000478511734399945,0.000479683425510302,0.000527236668858677,0.000576923543121666,0.000584860565140843,0.000536237959749997,0.000583011482376605,0.000626257969997823,0.00046669237781316,0.000523596885614097,0.00055993435671553,
1808.0,0.000534162973053753,0.000530351360794157,0.000497941044159234,0.000465971068479121,0.000413126574130729,0.00044545964919962,0.000470552884507924,0.000507138844113797,0.000480932998470962,0.000539081054739654,0.000486258853925392,0.000490992213599384,0.000538741645868868,0.000573313445784152,0.000514334125909954,0.000523105205502361,0.000498739420436323,0.000557198422029614,0.000555924896616489,0.000525204231962562,0.000458776892628521,0.000527406693436205,0.000426118058385327,0.000540192588232458,0.000550314085558057,0.000584742985665798,0.000521136214956641,0.000496369611937553,0.000412070367019624,0.000500965863466263,0.000467410456622019,0.000520290632266551,0.000603738299105316,0.000548358715604991,0.00051600206643343,0.000551739183720201,0.000516312837135047,0.000440086529124528,0.000442700315034017,0.000489334517624229,0.000531715108081698,0.000536270788870752,0.000493935425765812,0.000538098043762147,0.000576251186430454,0.000434162793681026,0.000481720839161426,0.000512949423864484,
1809.0,0.000480190326925367,0.000483483425341547,0.000457974383607507,0.000426500599132851,0.000361251295544207,0.000393536931369454,0.000426288053859025,0.000448952108854428,0.000437661772593856,0.000488084857352078,0.000443255994468927,0.000449514511274174,0.000491835933644325,0.000506286218296736,0.000478693516924977,0.000478541624033824,0.000447628175606951,0.000501713249832392,0.000502534734550864,0.000478514237329364,0.000404748891014606,0.000475986074889079,0.000386143568903208,0.000485120166558772,0.000492657476570457,0.00052099529420957,0.000473023130325601,0.000449280691100284,0.000373343151295558,0.000443562254076824,0.000411230721510947,0.000474731728900224,0.000549899530597031,0.000491875747684389,0.000469269143650308,0.000497285043820739,0.00045881507685408,0.000403351354179904,0.000390728033380583,0.00044578843517229,0.000477483146823943,0.000483748270198703,0.000450052233645692,0.000491919636260718,0.000518002605531365,0.00040435601840727,0.000433488487033173,0.000457502086646855,
1810.0,0.000434855843195692,0.000440338510088623,0.000417960371123627,0.000386908417567611,0.000323968182783574,0.000352598406607285,0.000385765364626423,0.000403047888539732,0.0003990110126324,0.000439566152635962,0.000403903919504955,0.000408960564527661,0.000446861929958686,0.000453823799034581,0.000440131931100041,0.000436575995991006,0.000403631362132728,0.000455142580904067,0.000452914217021316,0.000434870773460716,0.000362211954779923,0.000431160093285143,0.00035012123407796,0.000437838374637067,0.000445010198745877,0.000467150588519871,0.000430375628639013,0.000408240739488974,0.000338019512128085,0.000398032949306071,0.000369408226106316,0.000429346226155758,0.000497893197461963,0.000444237666670233,0.000427035964094102,0.000450328050646931,0.000412076216889545,0.000367277971236035,0.000351805414538831,0.000405721511924639,0.000433727458585054,0.000435769790783525,0.000409730680985376,0.000447614584118128,0.000468290119897574,0.000370790337910876,0.000391749897971749,0.000409454019973055,
1811.0,0.000398657051846385,0.000399183423724025,0.000376925832824782,0.000342009094310924,0.000285728689050302,0.000316814199322835,0.000342897605150938,0.000367861997801811,0.000363835482858121,0.000386320898542181,0.000369159650290385,0.000360804697265849,0.00040382580482401,0.000410889653721824,0.000400162272853777,0.000395591603592038,0.00035722678876482,0.00041329936357215,0.00040241566603072,0.0003943300107494,0.000327822985127568,0.000389995548175648,0.000315144890919328,0.000393704714952037,0.000400991644710302,0.000411889282986522,0.000385871069738641,0.000368151813745499,0.000302526284940541,0.000352982751792297,0.000333944946760312,0.000378782133338973,0.000442041404312477,0.000400779856136069,0.00038925462285988,0.000405314407544211,0.000367962784366682,0.000332102732500061,0.0003132575948257,0.000361380749382079,0.000395139126339927,0.000387888285331428,0.000371929665561765,0.000405245431466028,0.000424648722400889,0.00033233844442293,0.000354197400156409,0.000360874808393419,
1812.0,0.000360645819455385,0.000360826990799978,0.000333572854287922,0.000296429527224973,0.000261290726484731,0.000283721805317327,0.000301063788356259,0.000331437477143481,0.000330628507072106,0.000335507356794551,0.000330732378643006,0.000316686346195638,0.000364631530828774,0.000365762389265001,0.000359730882337317,0.000352992006810382,0.000311610318021849,0.000365383515600115,0.000346269545843825,0.0003539438766893,0.000290838594082743,0.000339225953212008,0.000276308943284675,0.000351176742697135,0.000354794436134398,0.00035806733649224,0.000345399748766795,0.000323071290040389,0.000260191183770075,0.000312181568006054,0.000300319923553616,0.000327599904267117,0.000385361519875005,0.000355020951246843,0.000347724359016865,0.000360938312951475,0.000333413656335324,0.000295417208690196,0.000287805771222338,0.000317250553052872,0.00035430520074442,0.000341874867444858,0.000336454628268257,0.000357598619302735,0.000380753714125603,0.000294331810437143,0.000319954182486981,0.000318908714689314,
1813.0,0.000323100743116811,0.000323606072925031,0.000296585174510255,0.000263117806753144,0.000237524494878016,0.000253839301876724,0.000269149633822963,0.000297939666779712,0.000293926161248237,0.000294974306598306,0.000297778256935999,0.000282168592093512,0.000326274981489405,0.000326309556839988,0.000323616550303996,0.00031593645690009,0.000277769664535299,0.000324577966239303,0.000304792920360342,0.00031637103529647,0.000259101943811402,0.000304076325846836,0.000243955742917024,0.000314733042614535,0.000318113976391032,0.00031396365375258,0.000305502966511995,0.000284674257272854,0.000229102108278312,0.000280054897302762,0.000268697447609156,0.000288420327706262,0.000341382634360343,0.000318599137244746,0.000311850919388235,0.000321313389576972,0.000298086262773722,0.000264101574430242,0.000258302228758112,0.000281138229183853,0.000316029443638399,0.000304342829622328,0.000302276574075222,0.00031828839564696,0.000341331702657044,0.000261198147200048,0.000287279137410223,0.000285581831121817,
1814.0,0.000284075853414834,0.00028477527666837,0.000257896987022832,0.000237975997151807,0.000226558971917257,0.000226931922952645,0.000242171561694704,0.000268865056568757,0.000253272359259427,0.000256375002209097,0.000266208138782531,0.000252787402132526,0.000284107285551727,0.000290612486423925,0.00028493971331045,0.000279460306046531,0.000254233367741108,0.000285697547951713,0.000269301643129438,0.000277807150268927,0.000231557554798201,0.000281848799204454,0.000211115562706254,0.000281619490124285,0.000290728203253821,0.000274129823083058,0.000265262118773535,0.000247877294896171,0.000202556228032336,0.000259082298725843,0.000243458707700484,0.000251252989983186,0.000297843071166426,0.000286657450487837,0.000279818283161148,0.000284465437289327,0.000263501016888767,0.000231705897022039,0.000230584846576676,0.000248039432335645,0.000282015796983615,0.000269877549726516,0.000266679358901456,0.000278045888990164,0.000302435073535889,0.000221577836782672,0.000253709469689056,0.000256929197348654,
1815.0,0.000252665515290573,0.000254319718806073,0.000228811986744404,0.000213172301300801,0.000207372679142281,0.000203784948098473,0.000219710796955042,0.000241958696278743,0.000222457965719514,0.000228853692533448,0.000239423068705946,0.000225958036025986,0.000254954007687047,0.000261602603131905,0.000255321647273377,0.000248441036092117,0.000228975317440927,0.000254801823757589,0.000241045258007944,0.000248812168138102,0.000204849682631902,0.000253228732617572,0.000188486286788248,0.000255405087955296,0.000261435809079558,0.00024342532560695,0.00023725834034849,0.000218410423258319,0.000181238443474285,0.000235539875575341,0.000217618566239253,0.000221904381760396,0.000266404153080657,0.000258371059317142,0.000249245000304654,0.000256282422924414,0.000236032516113482,0.000208456011023372,0.000208040888537653,0.000221554597374052,0.000250189448706806,0.000242032139794901,0.000237267726333812,0.000247824267717078,0.000271160766715184,0.00019819759472739,0.000226270960411057,0.000233723389101215,
1816.0,0.00022059072216507,0.00022860751778353,0.000204689742531627,0.000193374638911337,0.000184811258804984,0.000182974690687843,0.000205667209229432,0.000212269878829829,0.000188302379683591,0.000211811056942679,0.000215091669815592,0.000206604265258648,0.000233505677897483,0.000237648258917034,0.000232354999752715,0.000219131048652343,0.000208029334316961,0.00022798751888331,0.000221333160880022,0.000224165516556241,0.000177249879925512,0.000223890441702679,0.000174521876033396,0.000236779160331935,0.000233595143072307,0.000221903217607178,0.000211289006983861,0.000192393592442386,0.000165641147759743,0.000215254549402744,0.000188131249160506,0.000199855872779153,0.000253597274422646,0.000236070758546703,0.000218034081626683,0.000231014462769963,0.000210126338060945,0.000192012696061283,0.000188553298357874,0.000201706978259608,0.000212259605177678,0.000221656577195972,0.000207641118322499,0.000225797877646983,0.000245608418481424,0.000188934747711755,0.000203681003767997,0.000225839161430486,
1817.0,0.000197155532077886,0.000204198891879059,0.000185906523256563,0.00017620409198571,0.000167562844580971,0.00016674904327374,0.000190079023013823,0.000193421132280491,0.000165666802786291,0.000196229142602533,0.000194833512068726,0.000187059296877123,0.000212410144740716,0.00021532473328989,0.000209651669138111,0.000197987421415746,0.000189943151781335,0.000204162002773955,0.000203585848794319,0.000202430572244339,0.000158038543304428,0.000202278519282117,0.000157333444803953,0.000217414373764768,0.000209945297683589,0.000201228482183069,0.000191726197954267,0.000169319129781798,0.000151043699588627,0.000197149493033066,0.000168071797816083,0.000184455420821905,0.000229958372074179,0.0002154190588044,0.000193766361917369,0.000211367805604823,0.000192049206816591,0.000175950422999449,0.000169677019584924,0.000181625597178936,0.00018835965602193,0.000204682990442961,0.000187704441486858,0.000204142255824991,0.000221774404053576,0.000172692074556835,0.000182720890734345,0.00020793458679691,
1818.0,0.000182139614480548,0.000184819189598784,0.000177392619661987,0.000162392068887129,0.000152199747390114,0.000158950220793486,0.000180201954208314,0.000186110322829336,0.000155688001541421,0.000193681989912875,0.000178077549207956,0.000168717699125409,0.000201891612960026,0.000198967260075733,0.000191324797924608,0.000187445912160911,0.000173246357007883,0.000187242272659205,0.000196056513232179,0.00018841604469344,0.000141525466460735,0.000181658208020963,0.000144469842780381,0.00020565239537973,0.000187912824912928,0.000188960912055336,0.000190255232155323,0.000148815670399927,0.000142978882649913,0.000180139701114967,0.000155249683302827,0.000180064729647711,0.000204858733923174,0.000198796202312224,0.00017372690490447,0.000207407123525627,0.000186268895049579,0.000166648387676105,0.000155956993694417,0.000164368844707496,0.000176812493009493,0.000195614629774354,0.000177968351636082,0.000186510354978964,0.00020475682686083,0.000159749033628032,0.000163214528583921,0.000185488868737593,
1819.0,0.000168487269547768,0.000166403173352592,0.000165847464813851,0.000150084990309551,0.000137473252834752,0.000146788865095004,0.00016676340601407,0.000174001877894625,0.000143930446938612,0.000183876196388155,0.000163879492902197,0.000153637898620218,0.00018680130597204,0.000184504009666853,0.000173898879438639,0.000171817955560982,0.00015984961646609,0.000172758547705598,0.000183424534043297,0.000174406712176278,0.000130732994875871,0.000164056138601154,0.000134087720653042,0.000190425591426902,0.000170672516105697,0.000175506196683273,0.000178586502443068,0.000136977934744209,0.000132483473862521,0.000167601887369528,0.000142096905619837,0.000171541396412067,0.000185720564331859,0.000183506534085609,0.000156962822075002,0.000193569372640923,0.000175761771970429,0.000155732923303731,0.000142594988574274,0.000151832442497835,0.000163471908308566,0.000183341442607343,0.000165381366969086,0.000172076761373319,0.000186323857633397,0.000150016683619469,0.000149171537486836,0.000170140454429202,
1820.0,0.000160251467605121,0.000150354026118293,0.000158099879627116,0.000142567791044712,0.000124792961287312,0.000136472619487904,0.000150908395880833,0.000164328623213805,0.000137009759782813,0.000174229775439017,0.000155011774040759,0.000142151286127046,0.000172681073308922,0.000175018009031191,0.000157835325808264,0.000160140218213201,0.0001542908285046,0.000165893958183005,0.000172169791767374,0.000163299235282466,0.000129205189296044,0.000153309243614785,0.000125565653434023,0.000173985186847858,0.000159546776558273,0.000166053825523704,0.000161076459335163,0.000136062910314649,0.000121785575174727,0.000163162447279319,0.00013594632036984,0.000168067272170447,0.000168049562489614,0.000173101347172633,0.000148272476508282,0.000175196822965518,0.000169753300724551,0.000144453064422123,0.000131899156258442,0.000141759941470809,0.000157490547280759,0.000175002787727863,0.000155609828652814,0.00016208179295063,0.000167474165209569,0.000145359328598715,0.00013729820784647,0.000159186776727438,
1821.0,0.000155237023136579,0.000134843736304902,0.000148667226312682,0.000135023510665633,0.000114752794615924,0.000124708167277277,0.000139052150188945,0.000158273964188993,0.000131850465550087,0.000166223879205063,0.00014825293328613,0.000131931665237062,0.000153970060637221,0.000161226416821592,0.000143850076710805,0.000146747988765128,0.000147432685480453,0.000151074098539539,0.000162747746799141,0.000151591782923788,0.000131002394482493,0.000146471764310263,0.00011301565245958,0.000158187656779774,0.000148871709825471,0.00015389928012155,0.000152364606037736,0.000129751264466904,0.000113675159809645,0.000154304769239388,0.00012682493252214,0.000166371362865902,0.000149978586705402,0.000160234572831541,0.00013465502706822,0.000163945136591792,0.000163788688951172,0.000137305702082813,0.000115551592898555,0.000136822462081909,0.000151324304169975,0.00016591785242781,0.000151966494740918,0.000151122629176825,0.000152602267917246,0.000130773900309578,0.000132981193019077,0.000142712859087624,
1822.0,0.000144847814226523,0.0001195002332679,0.00014095101505518,0.000126750121125951,0.000105007253296208,0.000114600945380516,0.000127739374875091,0.000147842030855827,0.000124656260595657,0.000152047388837673,0.000135107387905009,0.000124072699691169,0.000138657007482834,0.000148682447616011,0.000130993299535476,0.000134106681798585,0.000133097186335362,0.000137461291160434,0.000145815400173888,0.000141373369842768,0.000122989411465824,0.000134045316372067,0.000105240404081997,0.000142323289765045,0.000137595648993738,0.00014134991215542,0.000138493473059498,0.000119362543046009,0.00010326350457035,0.000142774661071599,0.000115073089546058,0.000159155082656071,0.000132279164972715,0.00014912398182787,0.000126298487884924,0.00014760997146368,0.000150102845509537,0.000125738719361834,0.00010502063378226,0.000128197629237548,0.000138414805405773,0.000154709545313381,0.000143851080792956,0.00014260110037867,0.000138858013087884,0.000119717311463319,0.000126183367683552,0.000128944346215576,
1823.0,0.00013711785140913,0.000105489358247723,0.000134647954837419,0.000118568925245199,9.72445632214658e-05,0.000102801088360138,0.000114042370114475,0.000134161484311335,0.000121027784189209,0.00012990266259294,0.000121430450235493,0.000120482400234323,0.000122890356578864,0.000142081757076085,0.000121191464131698,0.000120259916002396,0.000114711940113921,0.000128548388602212,0.000124011989100836,0.000135479553136975,0.000114507514808793,0.00012137337034801,0.000104887505585793,0.000127099599922076,0.000130518063087948,0.000129206338897347,0.000121882651001215,0.000113208407128695,9.32675757212564e-05,0.000132129454868846,0.000102567850262858,0.00014883850235492,0.000118328956887126,0.000141604468808509,0.00012294773478061,0.000126223734696396,0.000128230240079574,0.000114946262328885,9.79630276560783e-05,0.000124084996059537,0.00012246698315721,0.000141012424137443,0.000135488968226127,0.000141075986903161,0.000126459068269469,0.000114447298983578,0.000125809863675386,0.000121013261377811,
1824.0,0.000124123514979146,9.53044655034319e-05,0.000124031328596175,0.000110919027065393,8.6431646195706e-05,9.40214158617891e-05,0.000105245228041895,0.000121215874969494,0.00011054944479838,0.000116313902253751,0.000107446816400625,0.000112397457996849,0.000108663291030098,0.000126705577713437,0.000107938722067047,0.00010633745114319,0.000100347722764127,0.00011338060721755,0.000105930579593405,0.000123512058053166,0.000104861261206679,0.000107318519440014,9.86082086456008e-05,0.000111108733108267,0.000116348077426665,0.000118139701953623,0.000107454383396544,0.000104389480839018,8.29383352538571e-05,0.000118978321552277,9.06323111848906e-05,0.000137422466650605,0.000107022642623633,0.000127137449453585,0.000114508293336257,0.000110269684228115,0.000115404916869011,0.000101001831353642,9.08283982425928e-05,0.000116306175186764,0.000106985011370853,0.000129664957057685,0.000123193152830936,0.000133356807054952,0.000115861359518021,0.000104569066024851,0.000116302988317329,0.000108100182842463,
1825.0,0.000104748964076862,8.73027602210641e-05,0.000115106282464694,0.000106283965578768,7.33384003979154e-05,9.10388043848798e-05,0.000104378974356223,0.00010839323658729,9.78495008894242e-05,0.000105195904325228,8.7527310824953e-05,0.00010688355541788,9.53501366893761e-05,0.000102297177363653,9.56242656684481e-05,9.47191510931589e-05,8.05044692242518e-05,9.04092084965669e-05,8.09553966973908e-05,0.000108286869362928,8.63977984408848e-05,8.77248530741781e-05,9.18419755180366e-05,9.28611480048858e-05,9.80212716967799e-05,0.000107502164610196,9.13707408471964e-05,8.68469142005779e-05,7.10503372829407e-05,9.93796420516446e-05,7.26829603081569e-05,0.000124491474707611,9.52663540374488e-05,0.00010985390690621,0.000108918393380009,9.64880455285311e-05,0.00010214500798611,7.764022302581e-05,8.69603754836135e-05,0.000106103972939309,8.5831547039561e-05,0.000119765936688054,0.000111035042209551,0.000124925616546534,0.000111679823021404,9.01883977348916e-05,0.000103483682323713,9.13440744625404e-05,
1826.0,8.92123352969065e-05,7.70730766816996e-05,0.000102889942354523,9.59169265115634e-05,6.47155757178552e-05,8.20534842205234e-05,9.55916912062094e-05,9.49461755226366e-05,8.3326936874073e-05,9.11303941393271e-05,7.37608497729525e-05,9.66981242527254e-05,8.35995742818341e-05,8.71821539476514e-05,8.09017510619015e-05,7.96281165094115e-05,6.57683631288819e-05,7.49099781387486e-05,6.52986054774374e-05,9.7299758635927e-05,7.42299307603389e-05,7.53436906961724e-05,8.14637023722753e-05,7.68708559917286e-05,8.29462514957413e-05,9.49004606809467e-05,7.84688090789132e-05,7.42990523576736e-05,5.99501618125942e-05,8.6026921053417e-05,6.39048885204829e-05,0.000110988468804862,8.3540660853032e-05,9.40493191592395e-05,9.86720842774957e-05,8.1548081652727e-05,8.99877268238924e-05,6.71544330543838e-05,7.88138422649354e-05,9.36600044951774e-05,6.99953961884603e-05,0.0001074276806321,9.51730908127502e-05,0.000112695299321786,9.86604791251011e-05,7.701622962486e-05,8.95871053216979e-05,7.61432675062679e-05,
1827.0,6.76391209708527e-05,6.90938031766564e-05,8.28581542009488e-05,8.38502601254731e-05,5.71437085454818e-05,6.99119627824984e-05,8.48787458380684e-05,7.70733313402161e-05,5.70718584640417e-05,7.98543405835517e-05,6.19026977801695e-05,8.13839578768238e-05,7.35566645744257e-05,7.37921654945239e-05,6.00432540522888e-05,5.40251276106574e-05,5.45487309864257e-05,5.82735337957274e-05,5.50543336430565e-05,8.51228905958124e-05,6.63073515170254e-05,6.64231338305399e-05,6.55099429422989e-05,5.9432459238451e-05,6.30696158623323e-05,8.09592238510959e-05,6.65103943902068e-05,6.81059391354211e-05,4.74500920972787e-05,7.54849388613366e-05,6.07506299274974e-05,9.03689069673419e-05,7.95268206275068e-05,7.33562919776887e-05,8.29800046631135e-05,6.61138838040642e-05,8.36577673908323e-05,6.35780452284962e-05,6.95499547873624e-05,7.94681982370093e-05,5.31042642251123e-05,9.39620877034031e-05,6.81775418343022e-05,9.49564564507455e-05,8.08162585599348e-05,6.21093640802428e-05,6.8627719883807e-05,6.00225794187281e-05,
1828.0,5.54147845832631e-05,6.12964868196286e-05,6.83746620779857e-05,7.03173500369303e-05,4.86911740154028e-05,5.90386262047105e-05,7.4431263783481e-05,6.56236443319358e-05,4.36511327279732e-05,6.69488726998679e-05,5.32851481693797e-05,6.81796009303071e-05,6.37670455034822e-05,6.04230954195373e-05,4.71896055387333e-05,4.17424707848113e-05,4.7495006583631e-05,4.76092645840254e-05,4.49583894805983e-05,7.43156488169916e-05,5.61557062610518e-05,5.52035744476598e-05,5.571216752287e-05,4.76792338304222e-05,5.04355557495728e-05,7.00497621437535e-05,5.73162142245565e-05,5.90262206969783e-05,3.85402781830635e-05,6.44054598524235e-05,5.55229635210708e-05,7.72391867940314e-05,7.03019468346611e-05,5.69980584259611e-05,6.97015348123387e-05,5.40895453013945e-05,7.40698233130388e-05,5.56718405277934e-05,6.27315530437045e-05,6.71848029014654e-05,4.29190113209188e-05,8.04730079835281e-05,5.3658372053178e-05,8.13503065728582e-05,6.7244611273054e-05,5.08333796460647e-05,5.46358714927919e-05,4.73125910502858e-05,
1829.0,4.93577099405229e-05,5.02273833262734e-05,5.08445991727058e-05,4.74656480946578e-05,4.3082436604891e-05,4.08097766921856e-05,5.75215344724711e-05,5.90421514061745e-05,3.54819057974964e-05,4.68519428977743e-05,4.76954846817534e-05,4.84884949401021e-05,5.37834785063751e-05,4.82400027976837e-05,3.48160538123921e-05,3.5520271921996e-05,4.35607871622778e-05,4.29185529355891e-05,3.84088489226997e-05,6.36056502116844e-05,4.39639661635738e-05,4.24700010626111e-05,4.45472542196512e-05,3.76561329176184e-05,4.1752886318136e-05,5.68329160159919e-05,5.24113238498103e-05,4.34288631367963e-05,2.96262969641248e-05,5.14589810336474e-05,5.38796448381618e-05,6.52170710964128e-05,5.02419752592687e-05,3.77234573534224e-05,4.97711953357793e-05,4.03512385673821e-05,5.88453949603718e-05,5.3593310440192e-05,5.28820128238294e-05,4.71852326882072e-05,3.77086362277623e-05,6.11959694651887e-05,4.23944111389574e-05,6.21725484961644e-05,4.62443167634774e-05,3.60965932486579e-05,3.98630982090253e-05,3.091647522524e-05,
1830.0,4.28742168878671e-05,4.19026437157299e-05,4.04472993977834e-05,3.30025213770568e-05,3.79980665456969e-05,3.13736491079908e-05,4.59482180303894e-05,4.95215681439731e-05,2.73464011115721e-05,3.34478208969813e-05,4.16508082707878e-05,3.7494937714655e-05,4.60789779026527e-05,3.98898591811303e-05,2.63004985754378e-05,3.04158875223948e-05,3.83059596060775e-05,3.6228073440725e-05,3.38422469212674e-05,5.68801006011199e-05,3.5977969673695e-05,3.70339294022415e-05,3.49457295669708e-05,3.21302759402897e-05,3.37966048391536e-05,4.65456032543443e-05,4.6420464059338e-05,3.34943069901783e-05,2.40775880229194e-05,4.29783540312201e-05,5.18295564688742e-05,5.72016033402178e-05,3.97105359297711e-05,2.83792887785239e-05,3.86623287340626e-05,3.15126271743793e-05,4.88857622258365e-05,4.92423532705288e-05,4.55312729172874e-05,3.65447194781154e-05,3.20304170600139e-05,4.9551574193174e-05,3.27549787471071e-05,5.21169131388888e-05,3.43497922585811e-05,2.75310158031061e-05,2.99799594358774e-05,2.12236755032791e-05,
1831.0,3.62324390152935e-05,3.62084647349548e-05,3.17387130053248e-05,1.82786297955317e-05,3.29185895679984e-05,2.72747365670512e-05,3.4805041650543e-05,3.6254117731005e-05,2.0964984287275e-05,2.33024020417361e-05,3.52240276697557e-05,2.91739124804735e-05,4.0574243030278e-05,3.42729726980906e-05,2.41886864387197e-05,3.21626102959272e-05,3.7656838685507e-05,3.1844054319663e-05,3.33908792526927e-05,5.2662111556856e-05,2.79837495327229e-05,3.2388332328992e-05,2.68741532636341e-05,3.62859718734398e-05,2.88544506474864e-05,4.12821427744348e-05,4.01938559662085e-05,2.92502099910052e-05,2.54142578341998e-05,3.7016758142272e-05,5.05819152749609e-05,5.4528281907551e-05,3.57935459760483e-05,2.68142812274164e-05,3.13575510517694e-05,2.57585306826513e-05,3.965948781115e-05,3.73784605471883e-05,4.41671509179287e-05,3.40371479978785e-05,2.72506822511787e-05,4.09094864153303e-05,2.8754724553437e-05,5.08562443428673e-05,2.99166513286764e-05,2.29137731366791e-05,2.44188340730034e-05,1.79924336407566e-05,
1832.0,4.42759155703243e-05,3.13774762616958e-05,3.28295645886101e-05,1.04048549474101e-05,2.23926163016586e-05,2.48812575591728e-05,3.01062464131974e-05,3.28481146425474e-05,2.58288564509712e-05,1.35824884637259e-05,3.76402058464009e-05,2.57321316894377e-05,3.24263201036956e-05,2.44835973717272e-05,2.18963123188587e-05,3.85726780223195e-05,3.54923176928423e-05,2.72389861493139e-05,2.8141716029495e-05,4.9441910960013e-05,2.46412528213114e-05,3.12955198751297e-05,2.56431194429751e-05,3.21664956572931e-05,2.53953421633923e-05,3.44375112035777e-05,3.42986822943203e-05,2.16621901927283e-05,2.13289677049033e-05,3.22169362334535e-05,4.78902984468732e-05,5.44291215192061e-05,3.00262308883248e-05,2.48728701990331e-05,2.79478717857273e-05,2.52908921538619e-05,3.44268155458849e-05,2.95889421977336e-05,3.51766138919629e-05,3.04431068798294e-05,3.07778100250289e-05,3.45693370036315e-05,2.80906951957149e-05,4.65476696263067e-05,2.66016741079511e-05,2.60430988419103e-05,2.03380150196608e-05,1.39754174597329e-05,
1833.0,4.19249809056055e-05,2.88483752228785e-05,3.16245277645066e-05,6.84463611833053e-06,1.85286517080385e-05,2.28161552513484e-05,2.41283923969604e-05,2.89094296022085e-05,2.51447909249691e-05,9.34141462494154e-06,3.4167602279922e-05,2.42085989157204e-05,2.9187793188612e-05,2.08512756216805e-05,2.05869746423559e-05,3.66745844075922e-05,3.31189039570745e-05,2.66223814833211e-05,2.7200880140299e-05,4.51532650913578e-05,2.05841060960665e-05,3.14190219796728e-05,2.35223105846671e-05,3.1174611649476e-05,2.28343797061825e-05,2.96230919047957e-05,3.29298636643216e-05,1.63963541126577e-05,1.94108324649278e-05,2.88722803816199e-05,4.19945099565666e-05,5.23405979038216e-05,2.52196459769038e-05,2.15516665775795e-05,2.50114189839223e-05,2.3830330974306e-05,3.27372363244649e-05,2.80025433312403e-05,3.28251881001052e-05,2.75012371275807e-05,3.08905473502819e-05,3.1102874345379e-05,2.48580327024683e-05,4.40246985817794e-05,2.4012137146201e-05,2.57369756582193e-05,1.9062907085754e-05,1.44386813190067e-05,
1834.0,3.54008516296744e-05,2.87258772004861e-05,3.74624651158229e-05,1.15883340185974e-05,1.85084900294896e-05,2.80702661257237e-05,1.78922527993564e-05,2.27730051847175e-05,2.33335431403248e-05,1.02979111034074e-05,2.67113209702075e-05,3.24941356666386e-05,3.13753625960089e-05,2.62245775957126e-05,2.09943682420999e-05,2.89633026113734e-05,2.86567501461832e-05,2.79968771792483e-05,3.17075755447149e-05,4.60354967799503e-05,1.741990854498e-05,4.20036667492241e-05,2.21104128286242e-05,3.26914705510717e-05,2.3186026737676e-05,2.58940999628976e-05,3.38874524459243e-05,1.17777690320509e-05,1.88450176210608e-05,3.02375810861122e-05,3.47164605045691e-05,5.30139768670779e-05,2.44413877226179e-05,2.39006531046471e-05,3.00670908472966e-05,2.56090570474043e-05,3.69884546671528e-05,3.38709214702249e-05,3.22124978993088e-05,3.06804249703418e-05,3.03687320410972e-05,3.49671026924625e-05,1.94272106455173e-05,4.57856549473945e-05,2.70094296865864e-05,2.50980756391073e-05,2.33639621001203e-05,2.19608355109813e-05,
1835.0,3.11188014165964e-05,2.5896242732415e-05,3.70002671843395e-05,1.2988012713322e-05,1.94042586372234e-05,2.6165165763814e-05,1.73369498952525e-05,2.1390782421804e-05,2.08225337701151e-05,1.05073258964694e-05,2.56004150287481e-05,3.20603940053843e-05,2.89918007183587e-05,2.27862419706071e-05,2.19071280298522e-05,2.6503639674047e-05,2.38004649872892e-05,2.83015360764693e-05,2.86846716335276e-05,4.05976606998593e-05,1.6665309885866e-05,4.08170926675666e-05,2.1799600290251e-05,3.23411368299276e-05,2.1778703739983e-05,2.16334865399404e-05,3.36538068950176e-05,8.34140973893227e-06,1.83016272785608e-05,2.97334900096757e-05,2.88873143290402e-05,5.04708768858109e-05,2.19220000872156e-05,2.29758243222022e-05,2.93555549433222e-05,2.56018865911756e-05,3.82059952244163e-05,3.39550933858845e-05,3.15502329613082e-05,2.7571366445045e-05,3.02545740851201e-05,3.43334722856525e-05,1.78271930053597e-05,4.53419743280392e-05,2.44422772084363e-05,2.74807625828544e-05,2.40367098740535e-05,2.43941667577019e-05,
1836.0,2.46387189690722e-05,2.33322334679542e-05,3.29454633174464e-05,1.91685794561636e-05,2.51729925366817e-05,1.9872628399753e-05,2.11163951462368e-05,2.77730614470784e-05,1.80263050424401e-05,1.55572924995795e-05,2.74268477369333e-05,2.95733898383332e-05,2.41701145569095e-05,1.44102305057459e-05,2.57460360444384e-05,2.37483218370471e-05,1.78189657162875e-05,3.42710955010261e-05,2.1646006644005e-05,2.76078262686497e-05,1.75549630512251e-05,3.05395878967829e-05,2.49635195359588e-05,3.0441238777712e-05,1.97273257072084e-05,1.83659285539761e-05,3.75747076759581e-05,4.67248491986538e-06,1.76709017978283e-05,2.7674052034854e-05,1.55886318680132e-05,4.51610649179202e-05,1.70376970345387e-05,1.6460722690681e-05,2.59646585618611e-05,2.6183204681729e-05,4.37263770436402e-05,3.80293640773743e-05,3.56027994712349e-05,1.84756263479358e-05,3.21397310472094e-05,3.42797648045234e-05,1.76831144926837e-05,4.48113860329613e-05,1.73010575963417e-05,3.4608459827723e-05,2.69648462563055e-05,2.8784199457732e-05,
1837.0,2.14926058106357e-05,2.25430667342152e-05,3.18751008308027e-05,2.06109125429066e-05,2.5446483050473e-05,1.70005732798018e-05,2.34486433328129e-05,3.01644668070367e-05,1.66112786246231e-05,1.74152464751387e-05,2.69725896941964e-05,2.73373952950351e-05,2.52071004069876e-05,1.23447152873268e-05,2.68924486590549e-05,2.07376797334291e-05,1.59288883878617e-05,3.50685259036254e-05,1.87701571121579e-05,2.20653055293951e-05,1.88144094863674e-05,2.89078107016394e-05,2.612205571495e-05,3.01446671073791e-05,1.91731014638208e-05,1.72330073837657e-05,3.95781280531082e-05,5.19643253937829e-06,1.82530184247298e-05,2.87243947241222e-05,1.15459679363994e-05,4.22546290792525e-05,1.55702455231221e-05,1.47306755025056e-05,2.32079946727026e-05,2.50083903665654e-05,4.43409044237342e-05,3.70315465261228e-05,3.58175457222387e-05,1.63723943842342e-05,3.26164590660483e-05,3.31319461110979e-05,1.87718760571443e-05,4.3235755583737e-05,1.68007827596739e-05,3.59196637873538e-05,2.68553794740001e-05,3.07411319226958e-05,
1838.0,2.09515419555828e-05,1.93377163668629e-05,3.09656170429662e-05,1.85517437785165e-05,2.39615055761533e-05,1.10192413558252e-05,3.22003907058388e-05,3.32383388013113e-05,1.4798233678448e-05,1.66897189046722e-05,2.97569004032994e-05,1.92723800864769e-05,2.75932288786862e-05,8.51112872624071e-06,2.9977996746311e-05,1.94269850908313e-05,1.23198369692545e-05,3.15945835609455e-05,1.08815502244397e-05,1.63510485435836e-05,2.54685310210334e-05,2.84687866951572e-05,2.68772364506731e-05,2.97765545838047e-05,1.79590188054135e-05,1.79818889591843e-05,3.97140720451716e-05,1.0335767910874e-05,2.02263236133149e-05,3.44641448464245e-05,1.6764628526289e-05,4.07483785238583e-05,1.55982834257884e-05,1.85240442078793e-05,1.70159382832935e-05,2.11406677408377e-05,3.94614762626588e-05,2.92728018393973e-05,3.52299357473385e-05,1.50028945427039e-05,3.23061176459305e-05,2.94371347990818e-05,2.26253123400966e-05,4.11737819376867e-05,1.7110080079874e-05,3.75526797142811e-05,2.20147085201461e-05,2.92054883175297e-05,
1839.0,2.06242784770438e-05,1.91905164683703e-05,3.11001822410617e-05,1.94006970559713e-05,2.33955070143566e-05,9.84571397566469e-06,3.61279235221446e-05,3.55390329787042e-05,1.3671782653546e-05,1.84497057489352e-05,3.08950693579391e-05,1.71251977008069e-05,2.93619650619803e-05,8.96816163731273e-06,2.89267118205316e-05,1.83743868547026e-05,1.159803923656e-05,2.89956224150956e-05,1.02471849459107e-05,1.46169686559006e-05,2.73692294285866e-05,2.8565242246259e-05,2.62353714788333e-05,3.14926219289191e-05,1.84100063052028e-05,1.60745039465837e-05,4.04500060540158e-05,1.34370302475872e-05,2.09415484277997e-05,3.49379115505144e-05,1.73911721503828e-05,3.67937900591642e-05,1.64766006491845e-05,1.9063736544922e-05,1.61692059919005e-05,2.06924560188781e-05,3.85711064154748e-05,2.60236811300274e-05,3.31244373228401e-05,1.38837340273312e-05,3.19442078762222e-05,2.804231189657e-05,2.70566360995872e-05,3.9478785765823e-05,1.90649170690449e-05,3.88071202905849e-05,2.22595263039693e-05,2.86197555396939e-05,
1840.0,2.42749483732041e-05,2.31203212024411e-05,3.40811311616562e-05,2.06382610485889e-05,2.19501635001507e-05,1.44489031299599e-05,3.97237672586925e-05,4.13499583373778e-05,1.22018673209823e-05,1.98367106349906e-05,3.0768755095778e-05,2.15840318560367e-05,3.58333563781343e-05,1.58002840180416e-05,2.26265328819864e-05,1.6730069546611e-05,1.79601502168225e-05,2.49691984208766e-05,1.5822341083549e-05,1.80298175109783e-05,2.64765694737434e-05,3.28957066813018e-05,2.54658207268221e-05,3.84902996302117e-05,1.94298772839829e-05,1.56638325279346e-05,4.43737626483198e-05,1.82270869117929e-05,2.4205361114582e-05,3.40611550200265e-05,1.84675627679098e-05,3.21907718898728e-05,1.93553605640773e-05,1.92202423932031e-05,1.65366454893956e-05,1.90095161087811e-05,3.77157666662242e-05,2.19267749343999e-05,2.92709701170679e-05,1.67578145919833e-05,3.37504752678797e-05,2.74302674370119e-05,3.82637190341484e-05,3.37143683282193e-05,2.71693188551581e-05,3.61251586582512e-05,2.20331694436027e-05,2.78158731816802e-05,
1841.0,2.37240383285098e-05,2.83139070234029e-05,3.56335840479005e-05,2.30369823839283e-05,1.71808587765554e-05,1.62864544108743e-05,3.78864533558954e-05,3.91208450309932e-05,1.53422915900592e-05,2.5526067474857e-05,2.83958088402869e-05,2.02581613848452e-05,4.25694997829851e-05,2.21812260861043e-05,1.83873798960121e-05,1.47434702739702e-05,2.09148747671861e-05,2.16836251638597e-05,2.33902501349803e-05,2.30938294407679e-05,2.57415213127388e-05,3.76387542928569e-05,2.52057852776488e-05,3.79534794774372e-05,2.66326969722286e-05,1.24729285744252e-05,4.41409538325388e-05,2.4137802029145e-05,2.24221730604768e-05,3.38724130415358e-05,2.05384858418256e-05,2.66528459178517e-05,2.26669581024908e-05,1.58406037371606e-05,2.22443068196299e-05,2.40073895838577e-05,3.86432730010711e-05,2.04126317839837e-05,2.44467773882207e-05,1.99201876966981e-05,3.16884470521472e-05,2.65855796897085e-05,3.99156888306607e-05,3.3740059734555e-05,3.39411599270534e-05,3.26744229823817e-05,2.5691146220197e-05,2.78795650956454e-05,
1842.0,2.04289572138805e-05,3.15237921313383e-05,3.76391908503138e-05,2.20545607589884e-05,1.30885173348361e-05,1.4739701327926e-05,3.38416139129549e-05,3.59332443622407e-05,1.8263774109073e-05,2.83229328488233e-05,2.79950381809613e-05,1.68812930496642e-05,3.76930220227223e-05,2.72732668236131e-05,1.82946951099439e-05,1.29053660202771e-05,2.10117359529249e-05,2.05457163247047e-05,2.68411131401081e-05,2.33197897614446e-05,2.54005608439911e-05,3.9966769691091e-05,2.19178018596722e-05,3.70577909052372e-05,2.60745437117293e-05,9.64801620284561e-06,3.87979307561181e-05,2.5435159841436e-05,1.6338528439519e-05,2.87964739982272e-05,2.2077943867771e-05,2.37194544752128e-05,2.1947582354187e-05,1.73046410054667e-05,2.34384642681107e-05,2.57572282862384e-05,4.18954077758826e-05,2.25051717279712e-05,2.04984735319158e-05,1.78986756509403e-05,2.5706967790029e-05,2.62534194916952e-05,3.58446086465847e-05,3.69904737453908e-05,3.80776618840173e-05,3.74680712411646e-05,3.44331056112424e-05,2.65191902144579e-05,
1843.0,1.99790138140088e-05,2.95238660328323e-05,3.34979995386675e-05,2.01382626983104e-05,2.00847061933018e-05,1.39253379529691e-05,3.1233506888384e-05,2.98141821986064e-05,2.06753138627391e-05,3.37459568982013e-05,2.86626873275964e-05,1.70053754118271e-05,3.67740722140297e-05,3.1109360861592e-05,1.38378272822592e-05,1.30340131363482e-05,2.57031024375465e-05,1.53617238538573e-05,2.89539548248285e-05,2.29260713240365e-05,2.69763186224736e-05,3.61542333848774e-05,1.75595323526068e-05,3.30801558448002e-05,2.23760962398956e-05,4.4854814404971e-06,3.66384883818682e-05,2.01967868633801e-05,1.46973716255161e-05,2.65420658251969e-05,2.11075712286402e-05,2.1210296836216e-05,2.71199023700319e-05,2.0950623365934e-05,2.3737706214888e-05,2.72011220658896e-05,4.27085687988438e-05,2.92353761324193e-05,1.62590404215734e-05,2.01207276404602e-05,2.11058941204101e-05,2.9236938644317e-05,3.49008332705125e-05,3.92375259252731e-05,3.44974178005941e-05,3.96598916267976e-05,3.69949666492175e-05,2.31540816457709e-05,
1844.0,1.89901256817393e-05,2.74168814939912e-05,2.80193125945516e-05,1.8944030671264e-05,2.13839266507421e-05,1.52068087118096e-05,2.71084954874823e-05,2.74057401838945e-05,2.40075623878511e-05,3.42960811394732e-05,2.90270727418829e-05,1.66184563568095e-05,3.61085367330816e-05,3.18003185384441e-05,1.23541249195114e-05,1.52726552187232e-05,2.48341621045256e-05,1.55624748003902e-05,3.03909946524072e-05,2.23625029320829e-05,2.62198609561892e-05,3.32405252265744e-05,1.66250174515881e-05,3.17431731673423e-05,2.17125070776092e-05,4.7496214392595e-06,3.42062703566626e-05,2.08338660740992e-05,1.24108355521457e-05,2.44277543970384e-05,2.37849362747511e-05,2.13310213439399e-05,2.83378285530489e-05,2.27296968660085e-05,2.58241434494266e-05,2.72976812993875e-05,4.07026636821684e-05,3.11818876070902e-05,1.38291316034156e-05,2.00779522856465e-05,1.92452444025548e-05,3.16444929922e-05,3.21902953146491e-05,4.18410636484623e-05,3.08076523651835e-05,3.85345811082516e-05,3.87184954888653e-05,2.05926953640301e-05,
1845.0,1.57996419147821e-05,2.24003579205601e-05,1.66545960382791e-05,1.27651255752426e-05,2.11413080251077e-05,1.53739529196173e-05,1.89109268831089e-05,2.62232733803103e-05,3.43931642419193e-05,3.10406503558625e-05,2.89309300569585e-05,1.33475432448904e-05,3.44809923262801e-05,2.8909846150782e-05,1.47070568345953e-05,1.97104509425117e-05,1.92794959730236e-05,2.01558814296732e-05,3.00306473945966e-05,1.71142219187459e-05,2.60864035226405e-05,2.62569228652865e-05,1.70062394317938e-05,2.70493710559094e-05,1.7700929674902e-05,1.02075655377121e-05,2.84116249531507e-05,2.08727433346212e-05,6.59910938338726e-06,2.27443870244315e-05,3.00707688438706e-05,2.70303353318013e-05,2.55837094300659e-05,2.82136916212039e-05,2.66686038230546e-05,2.51071105594747e-05,3.46419838024303e-05,3.58989309461322e-05,1.49188244904508e-05,1.82717230927665e-05,1.65631809068145e-05,3.58093420800287e-05,2.12070899578976e-05,4.75531996926293e-05,2.01035745703848e-05,3.51611342921387e-05,3.959193782066e-05,1.41759182952228e-05,
1846.0,1.61500665853964e-05,1.83559186552884e-05,1.27151270135073e-05,1.28590472741053e-05,2.32929960475303e-05,1.59904029715108e-05,1.55370216816664e-05,2.27560358325718e-05,3.3821754186647e-05,2.93325138045475e-05,2.94313085760223e-05,1.27956500364235e-05,3.15937504637986e-05,2.87376569758635e-05,1.39633320941357e-05,2.136862349289e-05,2.00332178792451e-05,2.20126094063744e-05,2.76795035460964e-05,1.55376019392861e-05,2.35966817854205e-05,2.47248353844043e-05,1.88703725143569e-05,2.67764080490451e-05,1.67244415933965e-05,1.28569836306269e-05,2.73627556452993e-05,2.34303461184027e-05,6.40907137494651e-06,2.14466635952704e-05,3.39433754561469e-05,2.97625865641749e-05,2.55286104220431e-05,2.86334379779873e-05,2.52274749072967e-05,2.24592222366482e-05,3.18974598485511e-05,3.41809973178897e-05,1.2749317647831e-05,1.8664433810045e-05,1.73759672179585e-05,3.76069729099981e-05,2.06672048079781e-05,4.80629278172273e-05,1.81607174454257e-05,3.43113933922723e-05,3.704649861902e-05,1.49008783409954e-05,
1847.0,1.89847251022002e-05,1.02026915556053e-05,8.10598703537835e-06,1.96282471733866e-05,2.71653534582583e-05,2.18455897993408e-05,1.36259332066402e-05,1.90543414646527e-05,2.43292124650907e-05,2.49776276177727e-05,3.15152065013535e-05,1.74837332451716e-05,2.84567759081256e-05,2.71909902949119e-05,9.21977425605292e-06,2.52347126661334e-05,2.07379307539668e-05,2.7849840989802e-05,2.15040454349946e-05,1.69586728588911e-05,1.5231802535709e-05,2.27972814172972e-05,2.6371506464784e-05,3.20978979289066e-05,2.38577540585538e-05,1.77694910235005e-05,3.11216099362355e-05,3.56630953319836e-05,1.33522189571522e-05,1.97068166016834e-05,4.07653024012689e-05,3.41126833518501e-05,2.75588135991711e-05,2.50498451350722e-05,2.40605204453459e-05,1.71547526406357e-05,2.7001751732314e-05,2.38096818065969e-05,6.45663612885983e-06,2.05694468604634e-05,2.34293074754532e-05,4.16814800701104e-05,2.73336954705883e-05,4.42989257862791e-05,1.88064859685255e-05,3.25408473145217e-05,2.89226190943737e-05,2.14118244912243e-05,
1848.0,2.06353233807022e-05,9.40822155826027e-06,5.81011090616812e-06,2.11975548154442e-05,2.79102841886925e-05,2.31808899116004e-05,1.16929295472801e-05,1.76261692104163e-05,2.14546234929003e-05,2.23514380195411e-05,3.18631791742519e-05,1.78113859874429e-05,2.64046775555471e-05,2.60003525909269e-05,9.94899528450333e-06,2.8163347451482e-05,2.14645169762662e-05,2.78668103419477e-05,2.01650582312141e-05,1.75313398358412e-05,1.37091619762941e-05,2.45840819843579e-05,2.72674351435853e-05,3.38699537678622e-05,2.25594048970379e-05,2.10466132557485e-05,3.14554636133835e-05,3.6205499782227e-05,1.40514021040872e-05,1.9575785699999e-05,4.14970745623577e-05,3.56434793502558e-05,2.72405141004128e-05,2.31302346946904e-05,2.47722327912925e-05,1.63127806445118e-05,2.52477202593582e-05,1.96230703295441e-05,5.82311849939288e-06,2.04763910005568e-05,2.64934351434931e-05,4.03998856199905e-05,2.92307358904509e-05,4.50964907940943e-05,1.80224251380423e-05,2.87644579657353e-05,2.6731602702057e-05,2.38910506595857e-05,
1849.0,2.20411839109147e-05,1.07983314592275e-05,8.74488705449039e-06,2.20915771933505e-05,2.94850015052361e-05,2.14146075450117e-05,1.00803990790155e-05,1.47276286952547e-05,1.74050073837861e-05,1.98529505723855e-05,2.97830338240601e-05,1.26333288790192e-05,2.15699747059261e-05,2.77244234894169e-05,1.19647020255798e-05,3.09474162349943e-05,2.63348920270801e-05,2.36860887525836e-05,2.0892228349112e-05,1.66777044796618e-05,1.29711797853815e-05,3.14770877594128e-05,2.62585454038344e-05,3.5945817216998e-05,1.60005856741918e-05,2.5099485355895e-05,3.07546288240701e-05,3.34025644406211e-05,1.43537172334618e-05,1.94685217138613e-05,3.77596006728709e-05,3.7232293834677e-05,2.33797381952172e-05,2.2392023311113e-05,2.47453226620564e-05,1.67250454978785e-05,2.677245902305e-05,1.34911033455865e-05,6.81457277096342e-06,1.97908211703179e-05,3.13250930048525e-05,3.60645462933462e-05,3.29597714880947e-05,4.85296004626434e-05,2.14725205296418e-05,2.47232637775596e-05,2.36650575970998e-05,2.89442687062547e-05,
1850.0,2.69629181275377e-05,1.61265106726205e-05,1.05980661828653e-05,2.37560616369592e-05,2.93244247586699e-05,1.79703583853552e-05,1.16611663543154e-05,1.20927534226212e-05,1.13603582576616e-05,1.83312131412094e-05,3.18827987939585e-05,1.35223863253486e-05,2.05563137569698e-05,2.49958538915962e-05,1.73118241946213e-05,2.8032345653628e-05,3.07832488033455e-05,1.88884005183354e-05,1.5642419384676e-05,1.9531580619514e-05,1.79651797225233e-05,4.15355461882427e-05,2.25506264541764e-05,3.42812672897708e-05,1.03642705653328e-05,2.48686519626062e-05,3.29279428115115e-05,2.44759448833065e-05,1.24613115985994e-05,2.41641137108672e-05,3.58583638444543e-05,3.43734609487001e-05,2.70269501925213e-05,1.47114324136055e-05,2.15269064938184e-05,1.6087793483166e-05,2.79740470432444e-05,1.35327036332455e-05,7.99395729700336e-06,2.19212979573058e-05,3.34205797116738e-05,2.7280735594104e-05,3.73739421775099e-05,4.68344114779029e-05,2.261322515551e-05,2.10000107472297e-05,2.27491509576794e-05,3.22421255987138e-05,
1851.0,2.78265088127228e-05,2.31999601965072e-05,9.62319063546602e-06,2.07420252991142e-05,2.23616316361586e-05,1.79309026862029e-05,1.52561970025999e-05,1.48019553307677e-05,1.25344395200955e-05,1.87724526767852e-05,3.34519791067578e-05,1.9853147023241e-05,2.202543146268e-05,2.27887830988038e-05,2.45187657128554e-05,3.09278439090122e-05,2.74818376055919e-05,1.7559979824e-05,1.76767480297713e-05,2.17866490856977e-05,2.17358337977203e-05,3.93477494071703e-05,2.25138628593413e-05,3.38558711518999e-05,9.49760760704521e-06,2.40537519857753e-05,3.40786864398979e-05,1.67671223607613e-05,9.49127297644736e-06,2.38792817981448e-05,3.05026860587532e-05,3.34945507347584e-05,2.99595958495047e-05,1.30251564769424e-05,2.15790059883147e-05,2.00166905415244e-05,2.63114161498379e-05,1.43114493766916e-05,1.29711506815511e-05,1.90329701581504e-05,3.03175474982709e-05,2.24714258365566e-05,3.22628729918506e-05,4.56441848655231e-05,1.87352743523661e-05,1.87394234671956e-05,3.14065437123645e-05,3.13755081151612e-05,
1852.0,2.86590129690012e-05,2.4123261027853e-05,9.38618904910982e-06,1.65006767929299e-05,2.01639322767733e-05,1.58417151396861e-05,1.62084907060489e-05,1.64235443662619e-05,1.78590962605085e-05,2.27072632696945e-05,2.89393756247591e-05,2.02315459318925e-05,3.06343863485381e-05,2.18326622416498e-05,2.82700075331377e-05,3.06172005366534e-05,2.89173494820716e-05,1.43735533129075e-05,2.10060588869965e-05,2.2996837287792e-05,2.34272993111517e-05,2.95335612463532e-05,2.35137540585129e-05,3.42033345077652e-05,3.23967105941847e-06,1.77405818249099e-05,3.4212051104987e-05,1.10109131128411e-05,6.05307195655769e-06,2.63102137978422e-05,2.44190887315199e-05,2.61279528785963e-05,2.88758947135648e-05,1.46870070238947e-05,2.48766573349712e-05,2.5391756935278e-05,2.25597104872577e-05,1.41806967803859e-05,1.95199190784479e-05,1.1992886356893e-05,2.9001263101236e-05,1.95536104001803e-05,2.77190829365281e-05,4.50661027571186e-05,1.56566275109071e-05,2.11482965823961e-05,3.15177458105609e-05,3.10203613480553e-05,
1853.0,2.79259293165524e-05,2.49797067226609e-05,1.2441828403098e-05,1.78036189026898e-05,1.76537287188694e-05,1.62320684466977e-05,1.60853433044394e-05,2.09712943615159e-05,2.02792889467673e-05,2.80205640592612e-05,2.64882655756082e-05,2.32179718295811e-05,2.93330249405699e-05,1.98305388039444e-05,3.00097763101803e-05,2.30153800657718e-05,3.46970773534849e-05,1.34889496621327e-05,1.69611703313421e-05,2.57575065916171e-05,2.55344730248908e-05,2.35439310927177e-05,2.73864206974395e-05,3.00125884677982e-05,2.5236170131393e-06,1.39028070407221e-05,2.8876125725219e-05,1.24081161629874e-05,5.65268419450149e-06,2.5939956685761e-05,2.46339059231104e-05,2.7913112717215e-05,2.54736551141832e-05,1.07680725704995e-05,2.2879961761646e-05,2.76144146482693e-05,2.34829440159956e-05,1.63468466780614e-05,2.3488160877605e-05,1.37614315462997e-05,2.53375928878086e-05,1.93477171706036e-05,2.60786782746436e-05,3.8890830182936e-05,1.65152014233172e-05,2.91306714643724e-05,2.85360820271308e-05,3.15930410579313e-05,
1854.0,2.57271021837369e-05,2.1675377865904e-05,1.62362757691881e-05,1.5719240764156e-05,1.62943451869069e-05,1.68534588738112e-05,1.79842536454089e-05,2.3428774511558e-05,2.2876576622366e-05,2.53794623858994e-05,2.25200074055465e-05,2.69792708422756e-05,2.52637473749928e-05,2.04856332857162e-05,2.95702320727287e-05,1.7864800611278e-05,3.52934548573103e-05,1.52610882651061e-05,1.89861420949455e-05,2.53728940151632e-05,2.5101644496317e-05,1.72526688402286e-05,3.35696022375487e-05,2.72235065494897e-05,8.78851551533444e-06,1.12948764581233e-05,2.71866665570997e-05,1.79816615855088e-05,6.76638683216879e-06,2.21691152546555e-05,2.80889526038663e-05,3.11815565510187e-05,2.33341725106584e-05,1.6588272046647e-05,1.98379548237426e-05,3.12388910970185e-05,2.5079354600166e-05,1.59880091814557e-05,2.64173631876474e-05,1.97912468138384e-05,2.10677662835224e-05,2.5729334083735e-05,2.40419885813026e-05,3.55406336893793e-05,1.98967009055195e-05,4.20856231357902e-05,2.69994761765702e-05,2.67088962573325e-05,
1855.0,2.49939894274576e-05,2.01832845050376e-05,1.97210538317449e-05,1.4766998901905e-05,1.56081405293662e-05,1.73327480297303e-05,1.77146812347928e-05,2.46040544880088e-05,2.18299446714809e-05,2.20838210225338e-05,2.02934170374647e-05,2.88192604784854e-05,2.39595683524385e-05,1.93657651834656e-05,2.80132808256894e-05,1.66774552781135e-05,3.39170292136259e-05,1.89052952919155e-05,1.93026298802579e-05,2.64643404079834e-05,2.53431771852775e-05,1.61696934810607e-05,3.518351513776e-05,2.46327781496802e-05,1.18167417895165e-05,1.11957842818811e-05,2.70241325779352e-05,1.85041299118893e-05,8.70647818373982e-06,2.25497351493686e-05,2.91861852019792e-05,3.28623791574501e-05,2.33858954743482e-05,1.92905717995018e-05,1.90450973605039e-05,3.16272780764848e-05,2.40853150899056e-05,1.39580988616217e-05,2.86147824226646e-05,2.01206021301914e-05,2.03004001377849e-05,2.77093076874735e-05,2.31756403081818e-05,3.32107156282291e-05,2.21945610974217e-05,4.53177890449297e-05,2.59772623394383e-05,2.46461277129129e-05,
1856.0,2.44765160459792e-05,1.73733824340161e-05,2.91480409941869e-05,1.41461659950437e-05,1.68691658473108e-05,1.98403467948083e-05,1.21357461466687e-05,2.76943737844704e-05,1.66906338563422e-05,1.23548652481986e-05,1.66041572811082e-05,2.70580276264809e-05,1.83077772817342e-05,1.57480208144989e-05,2.19552221096819e-05,1.62986198120052e-05,3.00612064165762e-05,2.68164967565099e-05,2.10084090213059e-05,2.86538361251587e-05,2.67430659732781e-05,2.66002189164283e-05,3.31873161485419e-05,1.90856462722877e-05,1.49527031680918e-05,1.71283027157187e-05,2.50819575740024e-05,1.68441911228001e-05,1.24881980809732e-05,2.50750963459723e-05,3.40974656865001e-05,3.99752243538387e-05,2.27555119636236e-05,2.13880048249848e-05,2.20769270526944e-05,3.00404590234393e-05,2.58137279161019e-05,1.02626627267455e-05,3.10645409626886e-05,1.96724904526491e-05,2.36003925238037e-05,3.00745996355545e-05,2.82405362668214e-05,3.42256462317891e-05,2.73322784778429e-05,4.30810541729443e-05,2.28960307140369e-05,2.076820419461e-05,
1857.0,2.35221632465255e-05,1.77214496943634e-05,2.99000475934008e-05,1.57175782078411e-05,1.79463058884721e-05,2.01399980142014e-05,1.32745744849672e-05,2.76497030426981e-05,1.55290781549411e-05,9.64436276262859e-06,1.76777557499008e-05,2.82482305919984e-05,1.64527682500193e-05,1.53382443386363e-05,2.1306757844286e-05,1.65375950018642e-05,2.80399235634832e-05,2.87141047010664e-05,2.17942088056589e-05,2.95894478767877e-05,2.73890163953183e-05,2.82924975181231e-05,3.11080621031579e-05,1.75206187122967e-05,1.70116363733541e-05,1.9013959899894e-05,2.34336148423608e-05,1.58297316374956e-05,1.54257559188409e-05,2.5173674657708e-05,3.37390956701711e-05,4.08993255405221e-05,2.27230430027703e-05,2.20653819269501e-05,2.06632539629936e-05,2.69853044301271e-05,2.49456734309206e-05,9.60925444815075e-06,3.16969781124499e-05,2.31772155530052e-05,2.44587299675914e-05,3.00188603432616e-05,2.68165731540648e-05,3.22307823807932e-05,2.85970909317257e-05,4.10373140766751e-05,2.19493631448131e-05,1.85278295248281e-05,
1858.0,2.08730943995761e-05,2.04640837182524e-05,2.45509854721604e-05,1.94143194676144e-05,2.02292412723182e-05,1.75961231434485e-05,1.93848809431074e-05,2.06515833269805e-05,1.32817149278708e-05,6.71813722874504e-06,2.43494996539084e-05,3.09245187963825e-05,1.82279927685158e-05,1.66632908076281e-05,2.32916681852657e-05,2.18111908907304e-05,2.29953730013222e-05,3.09031165670604e-05,2.01812508748844e-05,2.94989731628448e-05,2.64844384219032e-05,2.60907272604527e-05,2.60500837612199e-05,1.95311076822691e-05,1.84397977136541e-05,2.18882996705361e-05,2.78032075584633e-05,1.20501081255497e-05,1.95827233255841e-05,2.69763513642829e-05,2.87392267637188e-05,3.63555518561043e-05,2.66293682216201e-05,2.43661961576436e-05,1.59543433255749e-05,1.96282344404608e-05,1.57015529111959e-05,5.31620753463358e-06,3.03720298688859e-05,2.66599527094513e-05,2.75140591838863e-05,2.74668582278537e-05,1.82545390998712e-05,2.94563087663846e-05,2.65892904280918e-05,3.12731717713177e-05,2.29180132009787e-05,1.78220925590722e-05,
1859.0,2.16203843592666e-05,2.11973056138959e-05,2.07028842851287e-05,2.10512735066004e-05,2.01935381483054e-05,1.77618167072069e-05,2.08792898774846e-05,1.86669531103689e-05,1.20749018606148e-05,6.31234888714971e-06,2.59715561696794e-05,3.24499742418993e-05,2.09404042834649e-05,1.72693708009319e-05,2.321834108443e-05,2.58748841588385e-05,1.98305206140503e-05,3.19175924232695e-05,2.03437484742608e-05,3.03035831166198e-05,2.664110979822e-05,2.57002029684372e-05,2.42625119426521e-05,1.98502038983861e-05,2.09285608434584e-05,2.14422034332529e-05,2.83195658994373e-05,1.10612618300365e-05,2.28157878154889e-05,2.7715341275325e-05,2.53518101089867e-05,3.40816295647528e-05,2.73886598733952e-05,2.42656169575639e-05,1.50864616443869e-05,1.63236527441768e-05,1.38231143864687e-05,6.03507442065165e-06,2.9481250749086e-05,2.65751314145746e-05,2.66146216745256e-05,2.65316703007557e-05,1.60158651851816e-05,2.68033072643448e-05,2.67009945673635e-05,2.67799478024244e-05,2.38879692915361e-05,1.90721893886803e-05,
1860.0,2.40427289099898e-05,2.06851000257302e-05,1.3699702321901e-05,2.46577783400426e-05,1.78777245309902e-05,2.0678504370153e-05,2.33884875342483e-05,1.72001855389681e-05,1.16553874249803e-05,1.16836354209227e-05,2.63237743638456e-05,3.63544204446953e-05,2.68135700025596e-05,1.84343261935283e-05,2.74141457339283e-05,3.08998969558161e-05,1.85966455319431e-05,2.93829252768774e-05,2.19072480831528e-05,3.17451558657922e-05,2.90930584014859e-05,2.56574876402738e-05,2.14427618629998e-05,2.11868955375394e-05,2.29152992687887e-05,1.71322935784701e-05,2.20763377001276e-05,1.14117510747747e-05,2.73498299065977e-05,2.69108950305963e-05,1.80199913302204e-05,2.99467392324004e-05,2.55653485510265e-05,2.03111339942552e-05,1.65956535056466e-05,1.18978487080312e-05,1.49590014189016e-05,1.31651513584075e-05,2.67873820121167e-05,2.6944911951432e-05,2.22422768274555e-05,2.3110102119972e-05,1.31045699163224e-05,2.18497098103398e-05,2.35720326600131e-05,2.29323268285953e-05,2.56128787441412e-05,2.29304059757851e-05,
1861.0,2.65803118963959e-05,2.58075178862782e-05,3.54658982359979e-06,2.4991670215968e-05,2.070324626402e-05,1.67498928931309e-05,2.492249768693e-05,1.80915976670804e-05,1.51945341713144e-05,1.45864969454124e-05,2.90776497422485e-05,3.41680133715272e-05,2.88815226667793e-05,2.14833362406353e-05,2.39265009440714e-05,3.21903316944372e-05,1.87290606845636e-05,2.32078182307305e-05,2.30168807320297e-05,3.12414231302682e-05,2.81110660580453e-05,2.16847856790992e-05,2.13108614843804e-05,2.24367868213449e-05,2.51744313572999e-05,1.26227523651323e-05,2.38949360209517e-05,1.25563592519029e-05,2.86234717350453e-05,2.53354337473866e-05,1.66081263159867e-05,2.46546442213003e-05,2.34438120969571e-05,2.0811918147956e-05,1.18419620775967e-05,1.16845121738152e-05,1.69334507518215e-05,1.7867942005978e-05,2.49407512455946e-05,3.20027393172495e-05,1.91383751371177e-05,2.29106572078308e-05,1.48906410686322e-05,1.87139448826201e-05,2.74629837804241e-05,2.40075569308829e-05,2.51054934778949e-05,2.27995587920304e-05,
1862.0,2.8591304726433e-05,2.65123908320675e-05,8.9418290372123e-07,2.58973686868558e-05,2.09446352528175e-05,1.7219337678398e-05,2.10273465199862e-05,1.87788700714009e-05,2.2621636162512e-05,1.21134480650653e-05,2.99690236715833e-05,3.08042144752108e-05,3.11065923597198e-05,2.19602479774039e-05,1.85454864549683e-05,3.40123879141174e-05,1.54377667058725e-05,2.11300866794772e-05,2.10470134334173e-05,3.30185175698716e-05,2.67906816588948e-05,1.90230475709541e-05,2.45701448875479e-05,2.2254336727201e-05,2.79121959465556e-05,1.36690150611685e-05,2.89732706733048e-05,1.22364008348086e-05,2.68064177362248e-05,2.54644219239708e-05,1.8154732970288e-05,2.89077033812646e-05,2.27099917537998e-05,1.75127352122217e-05,1.18965208457666e-05,1.56020741997054e-05,2.50198918365641e-05,2.02091559913242e-05,2.93361663352698e-05,3.06495167023968e-05,1.65741657838225e-05,3.05955545627512e-05,1.70988114405191e-05,2.26470328925643e-05,3.2333980925614e-05,2.0476423742366e-05,2.60700016951887e-05,2.50112916546641e-05,
1863.0,3.66514686902519e-05,2.23759961954784e-05,4.20382002630504e-06,2.48648084379965e-05,2.22525213757763e-05,2.29547604249092e-05,1.88518715731334e-05,2.4047223632806e-05,2.40074386965716e-05,1.33819330585538e-05,2.69704723905306e-05,3.09911047224887e-05,3.18223064823542e-05,2.32155416597379e-05,1.47314167406876e-05,3.11961921397597e-05,1.44809528137557e-05,2.27376076509245e-05,2.55242484854534e-05,3.08493617922068e-05,2.43680879066233e-05,1.93988726095995e-05,2.56553485087352e-05,2.51545970968436e-05,2.92648819595343e-05,1.59970441018231e-05,2.54657788900658e-05,1.44198284033337e-05,2.83227473119041e-05,2.46104282268789e-05,1.56757450895384e-05,3.22100495395716e-05,2.79120649793185e-05,1.78582849912345e-05,1.37512506626081e-05,1.59412593347952e-05,3.44618638337124e-05,2.01162019948242e-05,3.0000155675225e-05,2.54202514042845e-05,1.46310303534847e-05,3.20000945066568e-05,2.2932907086215e-05,2.71407279797131e-05,3.21113147947472e-05,2.27778145927005e-05,2.95612335321493e-05,2.50581051659537e-05,
1864.0,3.79662851628382e-05,2.17205233639106e-05,3.45777721122431e-06,2.22324688365916e-05,2.18250152101973e-05,2.3606771719642e-05,1.65798264788464e-05,2.77571289188927e-05,2.39769633481046e-05,1.48264516610652e-05,2.61412224062951e-05,2.96266825898783e-05,3.02593143715058e-05,2.39398796111345e-05,1.3272516298457e-05,2.95940662908833e-05,1.56440873979591e-05,2.25428284466034e-05,2.66243096120888e-05,2.9840008210158e-05,2.31254871323472e-05,1.90056925930548e-05,2.72211709670955e-05,2.4078952264972e-05,3.03268734569428e-05,1.8177184756496e-05,2.2927295503905e-05,1.80048227775842e-05,2.42396308749449e-05,2.30238711083075e-05,1.48323324538069e-05,3.22890991810709e-05,2.78732022707118e-05,1.93171144928783e-05,1.6194278941839e-05,1.62596097652568e-05,3.79178345610853e-05,1.97562512767036e-05,2.86219365079887e-05,2.34283561439952e-05,1.39116891659796e-05,3.32480558427051e-05,2.69601005129516e-05,2.79061605397146e-05,3.24804605043028e-05,2.26080137508688e-05,2.98247286991682e-05,2.79026171483565e-05,
1865.0,3.50850641552825e-05,2.3098842575564e-05,4.46448348156991e-06,1.56244150275597e-05,2.11521164601436e-05,2.24494797294028e-05,1.33340909087565e-05,3.39194666594267e-05,2.54550523095531e-05,1.60806030180538e-05,2.58761792792939e-05,2.79137111647287e-05,2.44582661252934e-05,2.47694060817594e-05,1.37903089125757e-05,2.49366476055002e-05,1.89619549928466e-05,2.22041471715784e-05,2.5495894078631e-05,2.92062977678142e-05,2.07744215003913e-05,1.78782756847795e-05,2.89201198029332e-05,2.02849168999819e-05,2.90425487037282e-05,2.62852427113103e-05,1.91398794413544e-05,2.52771005762042e-05,1.2570826584124e-05,2.01286766241537e-05,1.35813215820235e-05,3.57687385985628e-05,2.61097811744548e-05,2.24651375901885e-05,1.93447685887804e-05,1.55216239363654e-05,4.2649611714296e-05,1.49629004226881e-05,2.76839618891245e-05,2.61721725109965e-05,1.68747974385042e-05,3.71419628208969e-05,3.12824085995089e-05,3.16639598167967e-05,3.01419167954009e-05,1.98544130398659e-05,2.85796068055788e-05,3.25788823829498e-05,
1866.0,3.41339109581895e-05,2.02806932065869e-05,4.41555357610923e-06,1.79000107891625e-05,1.9822748072329e-05,2.25717194552999e-05,1.15091734187445e-05,3.50250811607111e-05,2.575127655291e-05,1.75233253685292e-05,2.68290477833943e-05,2.51242381636985e-05,2.00714093807619e-05,2.37028034462128e-05,1.39543890327332e-05,2.13081457332009e-05,2.07179782591993e-05,2.01042239496019e-05,2.45324317802442e-05,2.71642711595632e-05,2.1216530512902e-05,1.92713177966652e-05,3.03874785458902e-05,1.90714908967493e-05,2.85558580799261e-05,2.80176627711626e-05,1.61914740601787e-05,2.69526462943759e-05,8.4096036516712e-06,1.89446909644175e-05,1.57198865053942e-05,3.527814624249e-05,2.59857770288363e-05,2.3107744709705e-05,2.27941472985549e-05,1.69919003383257e-05,4.21165605075657e-05,1.47371947605279e-05,2.65043108811369e-05,2.35555471590487e-05,1.69162558449898e-05,3.73749826394487e-05,3.22267733281478e-05,3.12779084197246e-05,3.08884482365102e-05,2.01196744455956e-05,2.65925937128486e-05,3.42133243975695e-05,
1867.0,3.07600676023867e-05,1.33530575112673e-05,7.58184626192815e-07,2.33815044339281e-05,1.57640261022607e-05,2.15518921322655e-05,8.13912902231095e-06,3.33705793309491e-05,1.86536290129879e-05,2.20017664105399e-05,3.00913416140247e-05,2.00149770535063e-05,1.27349931062781e-05,2.03942236112198e-05,1.39952126119169e-05,1.74247470567934e-05,2.64678619714687e-05,1.71321480593178e-05,2.4495888283127e-05,2.3478127332055e-05,2.59054286289029e-05,2.37623062275816e-05,3.29736212734133e-05,1.6404721463914e-05,2.90240150206955e-05,2.68638323177584e-05,7.5463940447662e-06,2.76185182883637e-05,3.98433940063114e-06,1.66550380527042e-05,2.24478462769184e-05,2.43536542257061e-05,2.30826408369467e-05,2.63885631284211e-05,2.87262046185788e-05,1.90961745829554e-05,3.04549921565922e-05,1.63181121024536e-05,2.01515904336702e-05,1.40238716994645e-05,1.1880621968885e-05,3.27103189192712e-05,3.28646019625012e-05,2.26009597099619e-05,3.54152143700048e-05,2.31760132010095e-05,2.00377671717433e-05,3.78222430299502e-05,
1868.0,2.79343530564802e-05,1.2446939763322e-05,8.87833095930546e-07,2.55741324508563e-05,1.46951224451186e-05,1.96781256818213e-05,8.09258381195832e-06,3.31987648678478e-05,1.82292551471619e-05,2.20645542867715e-05,2.93667108053342e-05,1.73846310644876e-05,1.01532077678712e-05,1.92070783668896e-05,1.58189413923537e-05,1.63405074999901e-05,2.75205220532371e-05,1.46304619192961e-05,2.29916822718224e-05,2.17408978642197e-05,2.56962321145693e-05,2.43300964939408e-05,3.27996312989853e-05,1.47078853842686e-05,2.9020045985817e-05,2.44252005359158e-05,7.22871027392102e-06,2.76660612144042e-05,2.11779888559249e-06,1.58276743604802e-05,2.39910950767808e-05,2.33722294069594e-05,2.28696681006113e-05,2.61166132986546e-05,3.22404666803777e-05,2.17160704778507e-05,2.79214600595878e-05,1.88125104614301e-05,1.86086945177522e-05,1.16580249596154e-05,1.48536255437648e-05,2.98579416266875e-05,3.18861530104186e-05,2.06019303732319e-05,3.45154803653713e-05,2.4397701054113e-05,1.90945302165346e-05,3.8712994864909e-05,
1869.0,2.54805036092876e-05,1.2546102880151e-05,1.6386007928304e-06,3.73551411030348e-05,1.62653050210793e-05,1.82294643309433e-05,1.02320955193136e-05,3.00371957564494e-05,2.40918689087266e-05,1.59755581989884e-05,2.79350751952734e-05,1.497263838246e-05,6.83204507367918e-06,1.82200710696634e-05,1.8986293071066e-05,1.44275190905319e-05,2.46524232352385e-05,9.4069046099321e-06,1.87999994523125e-05,1.8167349480791e-05,2.04821808438282e-05,2.16403623198858e-05,3.27364905388094e-05,1.8067426935886e-05,2.84105972241377e-05,1.77341025846545e-05,1.3545297406381e-05,2.31921494560083e-05,6.0242741710681e-06,1.53141027112724e-05,2.5978833946283e-05,3.02041007671505e-05,2.74847279797541e-05,1.99935057025868e-05,3.67493666999508e-05,2.82139226328582e-05,2.90873304038541e-05,2.31680896831676e-05,2.11123951885384e-05,1.20507038445794e-05,2.70129639829975e-05,2.52167883445509e-05,2.53484467975795e-05,2.1794074200443e-05,3.34467622451484e-05,2.81747943517985e-05,2.08520505111665e-05,3.24146785715129e-05,
1870.0,2.32982147281291e-05,1.23286081361584e-05,4.48850050815963e-06,3.94447597500402e-05,1.73681764863431e-05,1.63259574037511e-05,1.428601990483e-05,2.83562894765055e-05,2.44532475335291e-05,1.60938088811236e-05,2.6513398552197e-05,1.23592653835658e-05,7.04480407875963e-06,1.77453439391684e-05,2.11195037991274e-05,1.3241123269836e-05,2.57070605584886e-05,7.44294902688125e-06,1.68610367836664e-05,1.74797987710917e-05,2.24766681640176e-05,2.15350592043251e-05,3.06254441966303e-05,1.70787770912284e-05,2.72166762442794e-05,1.48480967254727e-05,1.65346573339775e-05,1.94260410353309e-05,7.81470498623094e-06,1.82993644557428e-05,2.66043753072154e-05,3.00555020658067e-05,2.85452169919154e-05,1.91120034287451e-05,3.79608645744156e-05,3.03024753520731e-05,2.75289094133768e-05,2.6807008907781e-05,2.08338096854277e-05,1.21606826724019e-05,2.8313565053395e-05,2.37272834056057e-05,2.35029001487419e-05,2.21406226046383e-05,3.12469601340126e-05,2.89559975499287e-05,2.18343520828057e-05,3.05198300338816e-05,
1871.0,2.06461263587698e-05,1.38560371851781e-05,9.30833357415395e-06,3.29129106830806e-05,2.15009895327967e-05,1.146667455032e-05,2.28961180255283e-05,2.76019236480352e-05,2.31236008403357e-05,1.67591442732373e-05,1.94452895811992e-05,1.08296108010109e-05,1.22517767522368e-05,1.79257749550743e-05,2.53394027822651e-05,1.50780369949644e-05,2.86108297586907e-05,6.99017527949763e-06,1.46372822200647e-05,1.76870416908059e-05,2.8486112569226e-05,2.06902932404773e-05,2.44166021730052e-05,1.31957394842175e-05,2.56997900578426e-05,1.18607513286406e-05,2.0456076526898e-05,1.41870104926056e-05,1.10712098830845e-05,2.50961729761912e-05,2.29330635193037e-05,2.68898002104834e-05,2.82874188997084e-05,2.06705917662475e-05,3.74585433746688e-05,3.13971686409786e-05,2.73072964773746e-05,3.26543522533029e-05,1.89084184967214e-05,1.49172956298571e-05,2.52563968388131e-05,2.37335971178254e-05,2.29662327910773e-05,2.38200482272077e-05,2.41913148784079e-05,2.8565769753186e-05,2.48831893259194e-05,3.05282483168412e-05,
1872.0,1.95849988813279e-05,2.00092417799169e-05,1.71126612258377e-05,2.46553336182842e-05,1.98757898033364e-05,8.7674097812851e-06,3.16815821861383e-05,3.04877958114957e-05,2.3939417587826e-05,2.07850480364868e-05,1.65729743457632e-05,1.13595933726174e-05,1.85175704245921e-05,1.9165110643371e-05,3.02446260320721e-05,1.75203276739921e-05,2.51730834861519e-05,9.46157069847686e-06,1.45785834320122e-05,2.13792009162717e-05,2.90652569674421e-05,2.32017428061226e-05,1.93610048881965e-05,6.87506098984159e-06,2.41167344938731e-05,7.19942454452394e-06,3.03509059449425e-05,1.46774000313599e-05,9.99737312668003e-06,3.01367235806538e-05,1.82290586963063e-05,3.05440444208216e-05,2.79680334642762e-05,2.0940242393408e-05,3.44387481163722e-05,2.7673231670633e-05,2.89171603071736e-05,3.5242956073489e-05,1.98462093976559e-05,1.9320872524986e-05,2.92361582978629e-05,2.23539682338014e-05,2.47384632530157e-05,2.49295480898581e-05,1.5193892068055e-05,2.44502298301086e-05,3.13854288833681e-05,3.30215589201543e-05,
1873.0,1.90170158020919e-05,2.13170515053207e-05,2.43914073507767e-05,2.1091695089126e-05,1.41809478009236e-05,1.24563730423688e-05,3.17625599564053e-05,2.94814690278145e-05,1.81690920726396e-05,2.71690878435038e-05,2.02932824322488e-05,1.05049630292342e-05,2.30738205573289e-05,2.15490927075734e-05,2.8511580239865e-05,1.87144523806637e-05,2.69522661255905e-05,1.1162716873514e-05,1.56675068865297e-05,2.9217542760307e-05,3.53902069036849e-05,2.45207793341251e-05,1.84505661309231e-05,6.1804280448996e-06,2.2491332856589e-05,1.02462454378838e-05,3.12697884510271e-05,1.33434296003543e-05,8.79515482665738e-06,3.80364544980694e-05,1.69821469171438e-05,3.22129817504901e-05,2.8167467462481e-05,2.06310851353919e-05,3.31784576701466e-05,2.66348815785022e-05,2.8062424462405e-05,3.81770951207727e-05,1.91114359040512e-05,2.18053592107026e-05,2.46419385803165e-05,2.49336571869208e-05,2.46580366365379e-05,2.71099943347508e-05,1.58541752171004e-05,2.29407287406502e-05,2.93519260594621e-05,2.91110172838671e-05,
1874.0,1.71989886439405e-05,2.28816406888654e-05,3.11149560729973e-05,1.79200251295697e-05,1.38506829898688e-05,1.54482349898899e-05,2.78653042187216e-05,2.26876672968501e-05,1.57142712851055e-05,3.36539524141699e-05,2.67878604063299e-05,7.68473910284229e-06,2.88367082248442e-05,2.22792295971885e-05,2.84823145193513e-05,1.88149278983474e-05,2.6208663257421e-05,8.58043404150521e-06,1.69931845448446e-05,3.06732326862402e-05,3.84319937438704e-05,2.76137998298509e-05,1.46379761645221e-05,6.96370625519194e-06,2.15431882679695e-05,1.4703611668665e-05,2.83097306237323e-05,1.64308530656854e-05,1.29295085571357e-05,3.82596263079904e-05,1.82910407602321e-05,3.31883748003747e-05,2.52305326284841e-05,2.3008944481262e-05,2.62432622548658e-05,2.49940803769277e-05,2.2686603188049e-05,3.70318848581519e-05,2.21711543417769e-05,2.12481863854919e-05,2.01025814021705e-05,2.58840136666549e-05,2.56843140959973e-05,3.01445907098241e-05,1.35940363179543e-05,1.84751934284577e-05,2.60049364442239e-05,3.00360316032311e-05,
1875.0,1.87903988262406e-05,2.50744469667552e-05,3.19031605613418e-05,1.4885875316395e-05,1.49810075527057e-05,1.58092934725573e-05,2.74290541710798e-05,2.08168075914728e-05,1.47712144098477e-05,3.44839245371986e-05,2.78496008832008e-05,8.76478861755459e-06,3.18797974614426e-05,2.41252382693347e-05,2.88420142169343e-05,1.79664984898409e-05,2.73666282737395e-05,1.15242046376807e-05,1.85050666914321e-05,3.179224950145e-05,3.79519988200627e-05,2.86209124169545e-05,1.26310023915721e-05,8.7488433564431e-06,2.14707379200263e-05,1.63542863447219e-05,2.77178260148503e-05,1.79488943103934e-05,1.71938481798861e-05,3.54601033905055e-05,1.83221854967996e-05,3.32150557369459e-05,2.36102641792968e-05,2.17658925976139e-05,2.32766979024746e-05,2.32195252465317e-05,2.02982791961404e-05,3.63334256689996e-05,2.47306616074638e-05,2.42728001467185e-05,1.94736567209475e-05,2.76633254543412e-05,2.58860891335644e-05,3.26562330883462e-05,1.44981240737252e-05,1.57326285261661e-05,2.54888145718724e-05,2.72207144007552e-05,
1876.0,2.40634162764763e-05,2.97474889521254e-05,2.70576801995048e-05,1.27710909509915e-05,1.57523700181628e-05,1.75601635419298e-05,2.23720962821972e-05,1.8022044969257e-05,1.42429589686799e-05,2.97253409371478e-05,2.87890998151852e-05,1.25924043459236e-05,3.40983897331171e-05,2.82220116787357e-05,2.87794337054947e-05,1.57755403051851e-05,2.8568401830853e-05,1.79219823621679e-05,1.95165011973586e-05,3.3227293897653e-05,3.0265815439634e-05,2.74425710813375e-05,1.18602265501977e-05,1.78741865966003e-05,2.46636645897524e-05,1.91671788343228e-05,2.53099042311078e-05,2.24150444410043e-05,2.41553007072071e-05,2.58598920481745e-05,1.73090338648763e-05,3.46019260177854e-05,2.33865102927666e-05,1.47652917803498e-05,2.32671281992225e-05,2.36990636039991e-05,1.96311957552098e-05,3.32708295900375e-05,3.01141444651876e-05,3.20681283483282e-05,2.3454205802409e-05,3.03345404972788e-05,2.25604926527012e-05,3.77445212507155e-05,2.01455040951259e-05,1.16477813207894e-05,2.24706036533462e-05,1.82019102794584e-05,
1877.0,2.68422663793899e-05,3.00887550110929e-05,2.58174823102308e-05,1.17295321615529e-05,1.83812517207116e-05,1.89732381841168e-05,2.05191190616461e-05,1.94154563359916e-05,1.4718024431204e-05,2.84848538285587e-05,2.76069404208101e-05,1.73939915839583e-05,3.27771813317668e-05,3.01763830066193e-05,2.80167296295986e-05,1.72717318491777e-05,3.00467982015107e-05,2.02800874831155e-05,2.26680294872494e-05,3.28946516674478e-05,2.79854994005291e-05,2.75648435490439e-05,1.31969718495384e-05,1.92291590792593e-05,2.397173193458e-05,2.04974094231147e-05,2.36614341702079e-05,2.5205970814568e-05,2.77585440926487e-05,2.20111305679893e-05,1.79770850081695e-05,3.65916821465362e-05,2.19561461562989e-05,1.27891735246521e-05,2.20845176954754e-05,2.07040193345165e-05,1.83233405550709e-05,3.24213360727299e-05,3.07264708681032e-05,3.36054508807138e-05,2.58273466897663e-05,3.16586992994417e-05,2.42167716351105e-05,4.0063816413749e-05,2.34301151067484e-05,1.32616396513185e-05,2.3657481506234e-05,1.55718716996489e-05,
1878.0,3.25655091728549e-05,2.67372397502186e-05,2.13570456253365e-05,1.0127322639164e-05,2.67085779341869e-05,1.55741654452868e-05,2.35289589909371e-05,2.70640721282689e-05,1.70402436197037e-05,2.30780860874802e-05,1.94828753592446e-05,2.72072593361372e-05,2.85237474599853e-05,3.11005460389424e-05,2.80976528301835e-05,1.80128881765995e-05,3.5635082895169e-05,2.58839700109093e-05,2.95101399387931e-05,2.78129791695392e-05,2.85690621240065e-05,2.68122530542314e-05,1.64269222295843e-05,1.47923001350136e-05,2.07460907404311e-05,1.81733739736956e-05,2.27508498937823e-05,2.63352940237382e-05,3.28249043377582e-05,1.27384764709859e-05,1.96683467947878e-05,3.77939868485555e-05,1.76099165400956e-05,1.24727903312305e-05,1.85309072548989e-05,1.28086894619628e-05,1.56364130816655e-05,3.33941825374495e-05,2.93667544610798e-05,3.49784495483618e-05,2.89713025267702e-05,3.43968895322178e-05,3.09287279378623e-05,4.02542355004698e-05,2.64501522906357e-05,1.85870921995956e-05,2.88927276415052e-05,1.43828438012861e-05,
1879.0,3.41997983923648e-05,2.6601601348375e-05,1.96538767340826e-05,1.17195741040632e-05,3.01551008305978e-05,1.49716752275708e-05,2.44635757553624e-05,3.02703083434608e-05,1.84948985406663e-05,2.3205084289657e-05,1.78178888745606e-05,3.08778980979696e-05,2.59175976680126e-05,3.35602635459509e-05,2.67056584561942e-05,2.03373820113484e-05,3.57766693923622e-05,2.83105837297626e-05,3.31914270645939e-05,2.70550681307213e-05,2.57075371337123e-05,2.69552638201276e-05,1.70094735949533e-05,1.48277704283828e-05,1.96842611330794e-05,1.8427654140396e-05,2.31990743486676e-05,2.75558795692632e-05,3.51974595105276e-05,1.26440372696379e-05,2.11889509955654e-05,3.80195560865104e-05,1.79557373485295e-05,1.15498069135356e-05,1.97012923308648e-05,1.07925807242282e-05,1.56229907588568e-05,3.2509949960513e-05,2.86964041151805e-05,3.29881149809808e-05,3.04535424220376e-05,3.43983228958678e-05,3.21657462336589e-05,4.0118884498952e-05,2.9819066185155e-05,2.2564476239495e-05,3.15423931169789e-05,1.41639338835375e-05,
1880.0,3.44401814800221e-05,2.70103100774577e-05,2.17440519918455e-05,1.64913162734592e-05,3.1462808692595e-05,1.57332087837858e-05,2.2915584850125e-05,3.44718318956438e-05,2.11714996112278e-05,2.7152969778399e-05,1.70992789207958e-05,3.4247750591021e-05,1.84510099643376e-05,3.80573837901466e-05,2.17359574889997e-05,2.7731117370422e-05,3.28251953760628e-05,2.65797661995748e-05,3.83158439944964e-05,2.85571386484662e-05,2.01063376152888e-05,2.82959081232548e-05,1.66047484526644e-05,1.41999416882754e-05,1.7916785509442e-05,2.03502440854209e-05,2.52366735367104e-05,3.09086281049531e-05,3.44523250532802e-05,2.16563985304674e-05,2.26446954911808e-05,3.86586289096158e-05,2.09259123948868e-05,7.88634042692138e-06,2.45708197326167e-05,8.7931102825678e-06,1.65153232956072e-05,3.10829054797068e-05,2.62560170085635e-05,2.60906163020991e-05,3.26145527651533e-05,3.05559769913089e-05,3.2680753065506e-05,4.10338434448931e-05,3.56763157469686e-05,2.94114724965766e-05,3.56599048245698e-05,1.66139270731946e-05,
1881.0,2.96941780106863e-05,2.64540994976414e-05,1.97419885807903e-05,2.11336155189201e-05,3.34488904627506e-05,2.00835638679564e-05,2.32758047786774e-05,3.36353004968259e-05,2.19598132389365e-05,3.19081445923075e-05,2.08291567105334e-05,3.36303601216059e-05,1.68522237800062e-05,3.69438494089991e-05,2.14449246414006e-05,3.16507794195786e-05,2.89164709101897e-05,2.43279209826142e-05,3.89637134503573e-05,2.68371331912931e-05,1.73861353687244e-05,2.86267804767704e-05,2.02314804482739e-05,1.43997367558768e-05,1.61042516992893e-05,2.11023198062321e-05,2.39495384448674e-05,3.06309266306926e-05,3.34441028826404e-05,2.43527811107924e-05,2.51634755841224e-05,4.14580717915669e-05,2.04609605134465e-05,1.53256241901545e-05,2.5762694349396e-05,9.91981050901813e-06,1.82642961590318e-05,2.9577458917629e-05,2.33916744036833e-05,1.76276153069921e-05,3.59014193236362e-05,2.80042913800571e-05,3.47118075296748e-05,3.58182478521485e-05,3.63322033081204e-05,3.72005742974579e-05,3.94815833715256e-05,2.08770925382851e-05,
1882.0,2.62567391473567e-05,2.30797049880493e-05,1.99764817807591e-05,2.78140323644038e-05,3.53213690686971e-05,2.03194431378506e-05,2.60584238276351e-05,3.68020228052046e-05,1.91296821867581e-05,3.33152056555264e-05,2.70970394922188e-05,3.17249287036248e-05,2.24332907237113e-05,4.03627564082854e-05,2.2885222279001e-05,3.01321470033145e-05,2.50911125476705e-05,2.91362430289155e-05,4.03736339649186e-05,2.79221694654552e-05,1.38196119223721e-05,2.76115479209693e-05,2.31572885240894e-05,1.92364714166615e-05,1.83113133971347e-05,2.20833680941723e-05,2.37128333537839e-05,2.86196773231495e-05,3.61725942639168e-05,2.28387889364967e-05,3.22866435453761e-05,4.34061148553155e-05,2.61572531599086e-05,2.0951971237082e-05,2.87543425656622e-05,1.67330799740739e-05,2.15575946640456e-05,2.71825429081218e-05,2.2564381652046e-05,1.66303252626676e-05,3.38822101184633e-05,3.33835960191209e-05,3.09413626382593e-05,3.17737067234702e-05,3.39706348313484e-05,3.92700567317661e-05,3.48497051163577e-05,2.00455779122422e-05,
1883.0,2.38900847762125e-05,2.50935281655984e-05,2.10843245440628e-05,2.84882771666162e-05,3.2519172236789e-05,2.69523516180925e-05,2.43796021095477e-05,3.89879132853821e-05,2.47234493144788e-05,3.48651847161818e-05,3.37822712026536e-05,2.76641512755305e-05,2.53177349804901e-05,4.18394447478931e-05,2.62362391367788e-05,3.16859077429399e-05,2.3605365640833e-05,2.8707945602946e-05,3.76391981262714e-05,3.0984403565526e-05,1.14554668471101e-05,2.96751077257795e-05,2.71172866632696e-05,2.25998537644045e-05,2.14513202081434e-05,2.4145307179424e-05,2.72247507382417e-05,2.95723129966063e-05,3.4848832001444e-05,2.60714914475102e-05,3.58835422957782e-05,4.21498552896082e-05,3.37453529937193e-05,2.32685888477135e-05,3.16264267894439e-05,2.1112628019182e-05,2.35275401792023e-05,2.36530904658139e-05,2.74208996415837e-05,1.54369008669164e-05,2.96201687888242e-05,3.22362029692158e-05,2.39789060287876e-05,3.56763848685659e-05,3.10590512526687e-05,3.38570680469275e-05,3.45219377777539e-05,2.39013406826416e-05,
1884.0,2.16857897612499e-05,2.67659615929006e-05,2.0843177480856e-05,2.18593850149773e-05,2.68085586867528e-05,3.49169604305644e-05,2.27744385483675e-05,3.61469901690725e-05,2.73740606644424e-05,3.14011122100055e-05,3.46873166563455e-05,2.54291353485314e-05,3.24713837471791e-05,3.92822257708758e-05,2.83293666143436e-05,3.02501975966152e-05,2.59330554399639e-05,2.68359090114245e-05,3.25461442116648e-05,3.15791039611213e-05,1.7800117348088e-05,2.97414189844858e-05,3.41912091244012e-05,2.26824013225269e-05,2.62988432950806e-05,1.99433870875509e-05,2.88111259578727e-05,2.94518049486214e-05,3.16714613290969e-05,2.52241479756776e-05,3.61183228960726e-05,4.51006089861039e-05,3.94046110159252e-05,2.71593762590783e-05,3.30009315803181e-05,2.29099332500482e-05,2.51314086199272e-05,2.54998285527108e-05,3.16572004521731e-05,1.47768560054828e-05,2.75387392321136e-05,3.21742663800251e-05,2.21650079765823e-05,3.76093121303711e-05,2.26659522013506e-05,3.34337673848495e-05,3.43972969858442e-05,2.85016267298488e-05,
1885.0,2.0989933545934e-05,2.36563355429098e-05,2.60353190242313e-05,1.76498760993127e-05,2.18722852878273e-05,3.59318291884847e-05,2.07529901672388e-05,3.46747438015882e-05,2.9917082429165e-05,2.53657526627649e-05,3.4485634387238e-05,2.76173668680713e-05,3.88438529626001e-05,3.99470191041473e-05,2.9216203984106e-05,2.47661937464727e-05,3.00047522614477e-05,2.86698013951536e-05,3.3170435926877e-05,3.23247004416771e-05,2.32036618399434e-05,3.26649351336528e-05,3.59557307092473e-05,2.58137242781231e-05,3.27096713590436e-05,1.72573891177308e-05,3.11945477733389e-05,2.84478210232919e-05,2.90142543235561e-05,2.54210481216433e-05,3.90418972529005e-05,4.66938472527545e-05,4.38320712419227e-05,2.84299021586776e-05,3.5366876545595e-05,2.65612798102666e-05,2.61449731624452e-05,2.819750989147e-05,3.53755167452618e-05,1.81340710696531e-05,2.84706256934442e-05,3.74830233340617e-05,1.95590509974863e-05,3.89468950743321e-05,1.89520760613959e-05,3.11662079184316e-05,3.26702138409019e-05,2.92430122499354e-05,
1886.0,2.24996074393857e-05,2.37366039073095e-05,2.8254282369744e-05,1.55945690494264e-05,1.99357855308335e-05,3.81166246370412e-05,1.81104951479938e-05,3.41767445206642e-05,3.21877414535265e-05,2.36804789892631e-05,3.36418379447423e-05,3.03382130368846e-05,4.26392798544839e-05,3.98998126911465e-05,3.02715070574777e-05,2.41018205997534e-05,3.13949458359275e-05,3.03482411254663e-05,3.26687368215062e-05,3.19177561323158e-05,2.60892720689299e-05,3.49800720869098e-05,3.48920184478629e-05,2.66552779066842e-05,3.52646711689886e-05,1.52138136400026e-05,3.37698511430062e-05,2.87419425148983e-05,2.76457922154805e-05,2.67116774921305e-05,3.86118117603473e-05,4.5085351302987e-05,4.678077675635e-05,3.03517244901741e-05,3.54340918420348e-05,2.91047508653719e-05,2.73248133453308e-05,2.90871503239032e-05,3.7055437132949e-05,1.8902146621258e-05,2.86746599158505e-05,3.82364596589468e-05,1.75618479261175e-05,4.01178804168012e-05,1.88991471077316e-05,2.96511661872501e-05,3.21224761137273e-05,3.3086947951233e-05,
1887.0,2.48654541792348e-05,2.80778313026531e-05,2.93500179395778e-05,9.9502667580964e-06,1.84515192813706e-05,3.9233604184119e-05,1.32700752146775e-05,2.85890655504772e-05,3.64234947483055e-05,2.37991116591729e-05,2.6342153432779e-05,3.62247774319258e-05,4.65818848169874e-05,3.87794425478205e-05,2.79014839179581e-05,2.48287215072196e-05,3.14433309540618e-05,3.06250112771522e-05,3.02512671623845e-05,2.96285088552395e-05,3.11107542074751e-05,3.91137182305101e-05,2.77879826171556e-05,2.41681354964385e-05,3.69290755770635e-05,9.30697115109069e-06,3.63916296919342e-05,2.88098635792267e-05,2.53589496423956e-05,3.43379469995853e-05,3.27023808495142e-05,3.80234159820247e-05,4.84339980175719e-05,2.97467140626395e-05,3.45141634170432e-05,2.9479515433195e-05,2.91688375000376e-05,3.2081465178635e-05,3.77182259398978e-05,1.70516177604441e-05,3.06258698401507e-05,3.3752996387193e-05,1.68327205756214e-05,4.12600056733936e-05,2.39553301071282e-05,3.06173533317633e-05,3.54185940523166e-05,4.10779102821834e-05,
1888.0,2.7253627195023e-05,2.76067421509651e-05,2.97936931019649e-05,9.57959127845243e-06,1.8252167137689e-05,3.80054698325694e-05,1.4423981156142e-05,2.7999183657812e-05,3.59904952347279e-05,2.22082162508741e-05,2.383425271546e-05,3.80995006707963e-05,4.54730507044587e-05,3.71659189113416e-05,2.82168530247873e-05,2.55459326581331e-05,3.13491145789158e-05,3.20039653161075e-05,2.94319397653453e-05,2.86169943137793e-05,3.13196469505783e-05,4.14563364756759e-05,2.52376703429036e-05,2.54726819548523e-05,3.7106732634129e-05,9.49610330280848e-06,3.75046147382818e-05,2.90183415927459e-05,2.44958519033389e-05,3.42475832439959e-05,3.12227821268607e-05,3.54504918504972e-05,4.7144840209512e-05,3.12799384118989e-05,3.53799987351522e-05,3.10493887809571e-05,2.96733123832382e-05,3.12709198624361e-05,3.50701484421734e-05,1.70406037796056e-05,3.29054637404624e-05,3.46079104929231e-05,1.73305488715414e-05,4.06153449148405e-05,2.61527347902302e-05,3.0362474717549e-05,3.56213677150663e-05,4.31481457781047e-05,
1889.0,3.63745893992018e-05,2.40200788539369e-05,3.02829539577942e-05,1.66168429132085e-05,2.32969632634195e-05,3.56917080353014e-05,1.78182890522294e-05,3.352778730914e-05,3.1672232580604e-05,2.38440406974405e-05,2.54720162047306e-05,4.03660778829362e-05,3.73568400391378e-05,3.62105747626629e-05,3.20242434099782e-05,3.05642133753281e-05,3.13166856358293e-05,3.7283192796167e-05,3.05624198517762e-05,2.53829475695966e-05,2.52804511546856e-05,4.34534995292779e-05,2.0781330022146e-05,2.85281730612041e-05,3.37555575242732e-05,1.61375774041517e-05,4.11319015256595e-05,3.36253251589369e-05,2.57758056250168e-05,2.71027001872426e-05,3.15942124871071e-05,3.22011874231976e-05,4.40091862401459e-05,3.52133756678086e-05,3.54395597241819e-05,3.36109478666913e-05,2.96316247840878e-05,2.67182258539833e-05,2.83898061752552e-05,1.96060409507481e-05,3.54191943188198e-05,3.81177378585562e-05,1.7154596207547e-05,3.80412493541371e-05,3.2159652619157e-05,2.75251786661102e-05,3.33764364768285e-05,4.45478035544511e-05,
1890.0,3.75286072085146e-05,2.39676737692207e-05,2.92429886030732e-05,2.00117119675269e-05,2.36806663451716e-05,3.33383577526547e-05,1.97195204236778e-05,3.673665196402e-05,2.95335321425227e-05,2.22012095036916e-05,2.37180684052873e-05,4.04502316087019e-05,3.64684747182764e-05,3.57758581230883e-05,3.29127287841402e-05,3.19166101689916e-05,2.98155973723624e-05,3.86985884688329e-05,3.1819876312511e-05,2.52202225965448e-05,2.31295962294098e-05,4.38009992649313e-05,1.85530225280672e-05,2.93540906568524e-05,3.12922420562245e-05,1.71267856785562e-05,4.14008973166347e-05,3.2760864996817e-05,2.78161242022179e-05,2.662848419277e-05,2.92659697151976e-05,3.20288090733811e-05,4.2157629650319e-05,3.63170329364948e-05,3.38578938681167e-05,3.5881810617866e-05,2.81698357866844e-05,2.38755255850265e-05,2.59044045378687e-05,1.92377647181274e-05,3.55920055881143e-05,3.86300962418318e-05,1.95073698705528e-05,3.84166087314952e-05,3.29819376929663e-05,2.76028677035356e-05,3.15527468046639e-05,4.4935368350707e-05,
1891.0,3.21612278639805e-05,2.3188204067992e-05,2.53422786045121e-05,2.34002363868058e-05,2.17307479033479e-05,2.67322284344118e-05,2.5430963432882e-05,3.97914263885468e-05,2.72709457931342e-05,1.5221741705318e-05,2.01452912733657e-05,3.58769648300949e-05,3.56331838702317e-05,3.41677223332226e-05,3.19274076900911e-05,3.08744274661876e-05,2.68881049123593e-05,3.87677137041464e-05,3.41841987392399e-05,2.77551553153899e-05,2.11839706025785e-05,4.31095977546647e-05,1.88088561117183e-05,3.15314318868332e-05,2.80441436188994e-05,1.79357557499316e-05,3.84688246413134e-05,2.7940523068537e-05,3.20027502311859e-05,2.68977855739649e-05,2.5715671654325e-05,3.58914112439379e-05,3.74254159396514e-05,3.62511927960441e-05,3.23454805766232e-05,3.90780151064973e-05,2.41998423007317e-05,1.85347416845616e-05,2.1956466298434e-05,1.56641290232074e-05,3.64789448212832e-05,3.982548150816e-05,2.71043118118541e-05,4.06135732191615e-05,3.07854170387145e-05,3.09871866193134e-05,3.0643175705336e-05,4.2684689105954e-05,
1892.0,3.285066850367e-05,2.53388752753381e-05,2.37358181038871e-05,2.62245739577338e-05,1.88432550203288e-05,2.45505361817777e-05,2.83675872196909e-05,4.37469498137943e-05,2.2611584427068e-05,1.40157162604737e-05,1.94920066860504e-05,3.59860459866468e-05,3.49353176716249e-05,3.32519666699227e-05,3.3994216209976e-05,3.0334762413986e-05,2.62322300841333e-05,3.64717780030333e-05,3.57782701030374e-05,3.058671427425e-05,1.83522060979158e-05,4.14217502111569e-05,1.68434926308692e-05,3.40728729497641e-05,2.54914502875181e-05,1.84880191227421e-05,3.81648023903836e-05,2.64653099293355e-05,3.14772332785651e-05,2.78427614830434e-05,2.33999453485012e-05,3.67826360161416e-05,3.32503659592476e-05,3.6396668292582e-05,3.3581138268346e-05,4.04692109441385e-05,2.2121788788354e-05,1.57771228259662e-05,2.16367534449091e-05,1.68734313774621e-05,3.58535871782806e-05,3.98136289732065e-05,2.9754126444459e-05,3.99349519284442e-05,2.70304681180278e-05,2.95087866106769e-05,2.7547264835448e-05,3.82413309125695e-05,
1893.0,3.14564640575554e-05,2.92074855678948e-05,2.58562686212827e-05,2.93368029815611e-05,1.8649752746569e-05,2.6018842618214e-05,2.88722512777895e-05,4.42248419858515e-05,2.12672548514092e-05,1.63633067131741e-05,1.59859646373661e-05,3.37265519192442e-05,4.09001186199021e-05,3.52558308804873e-05,3.30721341015305e-05,3.25455075653736e-05,2.10134348890278e-05,3.1029929232318e-05,3.58683137164917e-05,2.67689592874376e-05,1.73763983184472e-05,3.91364301322028e-05,1.90240280062426e-05,2.7310034056427e-05,2.48233736783732e-05,1.69447066582507e-05,3.4606837289175e-05,2.13729381357552e-05,3.18915845127776e-05,3.43550527759362e-05,2.0754974684678e-05,3.8702961319359e-05,3.78984695998952e-05,3.38910176651552e-05,3.06585716316476e-05,3.8250789657468e-05,2.10500820685411e-05,1.97661956917727e-05,2.40823719650507e-05,1.57386075443355e-05,3.09094648400787e-05,3.62180617230479e-05,2.71047538262792e-05,3.91945141018368e-05,2.58263553405413e-05,2.9799697585986e-05,2.27605687541654e-05,3.47090863215271e-05,
1894.0,3.03480610455154e-05,2.92188306048047e-05,2.78470997727709e-05,2.96974776574643e-05,1.56302448885981e-05,2.25076710194116e-05,2.94662077067187e-05,4.00809512939304e-05,2.02485953195719e-05,1.29633699543774e-05,1.64344164659269e-05,3.08318994939327e-05,4.24497229687404e-05,3.60802841896657e-05,3.4009000955848e-05,3.39147118211258e-05,1.8138212908525e-05,2.80028052657144e-05,3.51231428794563e-05,2.94522542390041e-05,1.98930738406489e-05,3.8584359572269e-05,2.49630702455761e-05,2.16606895264704e-05,2.15247255255235e-05,1.82753283297643e-05,2.81502798316069e-05,1.45174481076538e-05,3.10074065055233e-05,3.69433000741992e-05,1.7961810954148e-05,3.81368372472934e-05,3.76091738871764e-05,3.19814243994188e-05,2.99437106150435e-05,3.47588611475658e-05,2.25040785153396e-05,2.32326765399193e-05,2.36429223150481e-05,1.29919753817376e-05,2.93256725854008e-05,3.47801578755025e-05,2.51476376433857e-05,3.83757687814068e-05,2.72790512099164e-05,2.84167672361946e-05,1.93895048141712e-05,3.01075815514196e-05,
1895.0,3.41302184097003e-05,3.30794173351023e-05,2.91462911263807e-05,3.05677167489193e-05,1.45585972859408e-05,2.08558576559881e-05,2.89617219095817e-05,3.48859357472975e-05,1.57224494614638e-05,1.55178186105331e-05,1.95628017536365e-05,3.11405456159264e-05,3.43325991707388e-05,3.78451077267528e-05,3.39080070261844e-05,3.41355516866315e-05,1.9571278244257e-05,2.51327637670329e-05,3.11533694912214e-05,3.00273331959033e-05,2.09637346415548e-05,3.81647878384683e-05,2.73099885816919e-05,1.77360416273586e-05,1.48221624840517e-05,1.83655647560954e-05,2.82772161881439e-05,1.49631896420033e-05,2.82783275906695e-05,3.46418892149813e-05,1.94871954590781e-05,3.81521058443468e-05,3.31129340338521e-05,2.97871229122393e-05,2.70521177299088e-05,3.09458300762344e-05,2.73707573796855e-05,2.8240317988093e-05,2.75669244729215e-05,1.78151876752963e-05,2.86789236270124e-05,2.82153941952856e-05,1.92462466657162e-05,3.35090626322199e-05,2.45782011916162e-05,2.20997535507195e-05,1.50538035086356e-05,2.59051212196937e-05,
1896.0,3.40312508342322e-05,3.30491347995121e-05,2.74332869594218e-05,2.97227925329935e-05,1.56613095896319e-05,1.9357072233106e-05,2.69250722340075e-05,2.80549866147339e-05,1.72513246070594e-05,1.94140102394158e-05,2.05107917281566e-05,2.8738024411723e-05,2.87599123112159e-05,3.46472370438278e-05,3.17324520437978e-05,3.23967833537608e-05,2.01814236788778e-05,2.25756612053374e-05,2.84431043837685e-05,2.45673618337605e-05,2.21091668208828e-05,3.68446890206542e-05,2.7543474061531e-05,1.41426917252829e-05,1.29154896058026e-05,1.57188878802117e-05,2.9430117137963e-05,1.32384921016637e-05,2.50802622758783e-05,3.51830385625362e-05,2.18734858208336e-05,4.03459162043873e-05,2.95494064630475e-05,2.38773955061333e-05,2.39014589169528e-05,2.55611175816739e-05,3.40001461154316e-05,3.5321954783285e-05,2.9478442229447e-05,1.79888629645575e-05,2.59280022874009e-05,2.45947812800296e-05,1.43761662911857e-05,2.9028493372607e-05,2.70294840447605e-05,2.14342471736018e-05,1.2238086128491e-05,2.36896503338357e-05,
1897.0,3.11079529637937e-05,3.31398368871305e-05,2.64599384536268e-05,2.78463721770095e-05,1.44945206557168e-05,1.90646715054754e-05,2.52361860475503e-05,2.44612583628623e-05,1.79685266630258e-05,1.91198960237671e-05,2.1484727767529e-05,2.67234499915503e-05,2.69856518571032e-05,3.16958394250833e-05,3.03774177154992e-05,2.9173432267271e-05,1.96317760128295e-05,2.2949125195737e-05,2.43547183345072e-05,2.28512617468368e-05,2.15453401324339e-05,3.35503173118923e-05,2.83677600236842e-05,1.36051748995669e-05,1.02644871731172e-05,1.27874918689486e-05,2.93256089207716e-05,1.12342777356389e-05,2.25854018935934e-05,3.45170083164703e-05,2.02120718313381e-05,3.90562090615276e-05,2.43352587858681e-05,2.08200217457488e-05,2.25655094254762e-05,2.28983062697807e-05,3.5222437873017e-05,3.75846175302286e-05,2.84363268292509e-05,1.78028622030979e-05,2.29477827815572e-05,2.25838230107911e-05,1.48151648318162e-05,2.59534554061247e-05,2.65176840912318e-05,1.91830786206992e-05,1.30689804791473e-05,2.19414941966534e-05,
1898.0,2.20673937292304e-05,3.46836277458351e-05,2.31141966651194e-05,2.42079604504397e-05,1.16341607281356e-05,2.05189244297799e-05,2.22944363486022e-05,2.36470386880683e-05,1.90139908227138e-05,1.60839172167471e-05,2.33601840591291e-05,2.6773554054671e-05,2.53813559538685e-05,2.68468993454007e-05,2.63561414612923e-05,1.87175992323319e-05,1.97339031728916e-05,3.16179139190353e-05,1.92146471817978e-05,2.43387275986606e-05,1.82263993337983e-05,2.71809458354255e-05,2.65251237578923e-05,2.03158033400541e-05,3.47670356859453e-06,3.60752233063977e-06,3.26345179928467e-05,7.3221413003921e-06,2.0824913008255e-05,3.18134116241708e-05,1.67276084539481e-05,3.57851640728768e-05,9.98682571662357e-06,1.88300855370471e-05,1.88302765309345e-05,2.46499439526815e-05,3.39511643687729e-05,3.51544003933668e-05,2.72751785814762e-05,1.88498306670226e-05,1.99889636860462e-05,2.03402705665212e-05,2.24193809117423e-05,2.25877702177968e-05,2.09887693927158e-05,1.56055375555297e-05,1.80079296114855e-05,2.25855492317351e-05,
1899.0,1.81381292350125e-05,3.37356541422196e-05,2.14623451029183e-05,2.06833356060088e-05,1.17754689199501e-05,1.95996253751218e-05,1.86171218956588e-05,2.20053498196648e-05,2.19208177441033e-05,1.62923170137219e-05,2.31327394430991e-05,2.53756861638976e-05,2.52944919338916e-05,2.30197074415628e-05,2.39633445744403e-05,1.65326509886654e-05,1.93217802006984e-05,3.04912464343943e-05,1.60087802214548e-05,2.26526153710438e-05,1.79518028744496e-05,2.30649784498382e-05,2.53373491432285e-05,2.24333907681284e-05,4.13465204474051e-06,2.13192106457427e-06,3.1485156796407e-05,8.18171611172147e-06,1.96588825929211e-05,3.07739392155781e-05,1.40793581522303e-05,3.49842994182836e-05,5.93507456869702e-06,1.79418311745394e-05,1.65514575201087e-05,2.33708105952246e-05,3.19879181915894e-05,3.46929518855177e-05,2.47488987952238e-05,1.82780622708378e-05,1.77012716449099e-05,1.73320349858841e-05,2.41913221543655e-05,2.20429865294136e-05,1.93249125004513e-05,1.42770322781871e-05,2.07154207600979e-05,2.14293140743393e-05,
1900.0,1.04898917925311e-05,2.78069946944015e-05,2.22804737859406e-05,1.56849546328885e-05,1.24230682558846e-05,1.86506877071224e-05,1.28338033391628e-05,2.13912608160172e-05,2.91174892481649e-05,1.41896407512832e-05,2.17201159102842e-05,2.10125363082625e-05,3.10915747832041e-05,1.64216489793034e-05,2.38874599745031e-05,1.77024194272235e-05,1.7050761016435e-05,2.27441869355971e-05,1.04398486655555e-05,1.95026386791142e-05,1.78120099008083e-05,1.75463883351767e-05,2.55359100265196e-05,2.31147259910358e-05,1.19077958515845e-05,5.20313733431976e-06,2.47668322117534e-05,1.10099781522877e-05,1.76307366928086e-05,3.07595801132265e-05,5.34651962880162e-06,3.32695235556457e-05,7.24051142242388e-06,1.74839642568259e-05,1.79570070031332e-05,2.06106487894431e-05,2.32027741731144e-05,3.32013769366313e-05,1.54467998072505e-05,1.3260519153846e-05,1.24735170174972e-05,1.66616591741331e-05,2.78054467344191e-05,2.34020371863153e-05,1.97651334019611e-05,1.40820957312826e-05,2.81008087767987e-05,2.03390063688857e-05,
1901.0,1.02758349385113e-05,2.65670496446546e-05,2.14590090763522e-05,1.24586458696285e-05,1.28790461531025e-05,1.79949711309746e-05,1.20181921374751e-05,2.05274336622097e-05,3.04849399981322e-05,1.32707937154919e-05,2.10319376492407e-05,1.96250475710258e-05,3.1703406421002e-05,1.52380744111724e-05,2.32297752518207e-05,1.87040805030847e-05,1.55196084961062e-05,2.02645423996728e-05,7.91781076259213e-06,1.79441885848064e-05,1.84604941750877e-05,1.42833141580923e-05,2.52502195507986e-05,2.24095383600798e-05,1.47945720527787e-05,7.25511381460819e-06,2.22104208660312e-05,1.37185143103125e-05,1.75188197317766e-05,3.06127622025087e-05,3.22951336784172e-06,3.07375594275072e-05,7.97921256889822e-06,1.85609587788349e-05,1.858091854956e-05,1.96478722500615e-05,2.12420582101913e-05,3.08123453578446e-05,1.31253400468268e-05,1.2610740668606e-05,1.07154783108854e-05,1.57522736117244e-05,2.89026465907227e-05,2.44355051108869e-05,1.93334763025632e-05,1.35328291435144e-05,3.03853066725424e-05,1.92529296327848e-05,
1902.0,1.69650393218035e-05,2.69878019025782e-05,2.1098578145029e-05,9.09864229470259e-06,1.63700606208295e-05,1.41869641083758e-05,1.17070858323132e-05,1.87843979801983e-05,3.06752808683086e-05,1.52401253217249e-05,1.93297819350846e-05,2.05196247407002e-05,2.99582243314944e-05,1.78187892743154e-05,2.19030134758214e-05,2.42960559262428e-05,1.70631738001248e-05,1.65542915055994e-05,8.69832911121193e-06,1.62140513566555e-05,2.07773700822145e-05,1.22555711641326e-05,2.43395988945849e-05,2.07872380997287e-05,1.8730072042672e-05,1.27940675156424e-05,2.04037551156944e-05,1.92333245649934e-05,2.01849707082147e-05,3.27289235428907e-05,2.82209521174082e-06,2.79228606814286e-05,1.20871045510285e-05,2.30320238188142e-05,1.69641189131653e-05,1.98267844098154e-05,2.11977276194375e-05,2.6518095182837e-05,1.53288547153352e-05,1.42386779771186e-05,1.16739702207269e-05,1.15437205749913e-05,2.5766863473109e-05,2.78889765468193e-05,1.82477269845549e-05,1.44343784995726e-05,3.00581850751769e-05,1.81240957317641e-05,
1903.0,2.34686995099764e-05,2.65324670181144e-05,1.40683468998759e-05,6.2399103626376e-06,1.58048314915504e-05,1.24078833323438e-05,1.30367898236727e-05,1.95196262211539e-05,2.91259621008066e-05,1.64851680892752e-05,1.75893128471216e-05,1.86191955435788e-05,2.65870203293161e-05,1.82314634002978e-05,2.26148149522487e-05,2.67256327788346e-05,1.53673190652626e-05,1.27508310470148e-05,1.01230771178962e-05,1.52266220538877e-05,2.43654467340093e-05,1.35473028421984e-05,1.98670059035067e-05,1.89262736967066e-05,2.41276375163579e-05,1.68067290360341e-05,1.94779840967385e-05,2.60962879110593e-05,2.25012972805416e-05,2.99153361993376e-05,9.12474752112757e-06,2.98101203952683e-05,1.77356851054356e-05,2.25846597459167e-05,1.92972001968883e-05,1.80509105121018e-05,2.42358873947524e-05,2.59949829342077e-05,1.43385150295217e-05,1.47938844747841e-05,1.25607248264714e-05,1.45534158946248e-05,2.56013208854711e-05,3.1912699341774e-05,2.14668452827027e-05,1.50618807310821e-05,2.73232471954543e-05,1.54277349793119e-05,
1904.0,2.47615935222711e-05,2.53340549534187e-05,1.11080671558739e-05,5.63370304007549e-06,1.35952896016533e-05,1.77525798790157e-05,2.10418220376596e-05,2.01897655642824e-05,2.75495931418845e-05,1.25736296467949e-05,1.88786707440158e-05,1.84314285434084e-05,2.53872531175148e-05,2.08576075237943e-05,2.42271635215729e-05,2.54777023656061e-05,6.99325846653664e-06,1.13256228360115e-05,1.02079020507517e-05,1.35270965984091e-05,2.75210495601641e-05,1.37456436277716e-05,1.78838217834709e-05,1.42314565891866e-05,2.37380045291502e-05,1.73932166944724e-05,1.82893418241292e-05,3.0312887247419e-05,2.08790370379575e-05,2.53717516898178e-05,1.61655625561252e-05,2.75403417617781e-05,1.94711246876977e-05,2.3061182218953e-05,2.2985352188698e-05,1.74245888047153e-05,3.08129965560511e-05,2.39568707911531e-05,1.50368650793098e-05,1.72309610206867e-05,1.43136921906262e-05,1.76470202859491e-05,2.62760368059389e-05,2.95896988973254e-05,2.42769856413361e-05,1.41326663651853e-05,2.54665010288591e-05,1.62288906722097e-05,
1905.0,3.19018945447169e-05,2.52860718319425e-05,1.25477090477943e-05,6.3015713749337e-06,1.19397564048995e-05,2.01875045604538e-05,2.46027539105853e-05,1.93040632439079e-05,2.54764599958435e-05,1.28647388919489e-05,1.91099788935389e-05,1.67420766956639e-05,2.83029130514478e-05,2.22084308916237e-05,2.03648614842677e-05,2.58557029155781e-05,2.86381327896379e-06,1.31375272758305e-05,8.48862691782415e-06,1.43353690873482e-05,2.88919582089875e-05,1.59146275109379e-05,1.87169262062525e-05,1.46212587424088e-05,1.80445967998821e-05,1.95548927877098e-05,1.91684393939795e-05,3.0551938834833e-05,2.03425151994452e-05,2.18513396248454e-05,2.06275835807901e-05,2.44826933339937e-05,2.50754183070967e-05,2.74895755865145e-05,2.52889403782319e-05,1.54985591507284e-05,3.04717486869777e-05,2.09411464311415e-05,1.38172827064409e-05,1.60993986355606e-05,1.6713955119485e-05,1.89401071111206e-05,2.31480244110571e-05,2.89241088466952e-05,2.81125267065363e-05,1.54252902575536e-05,2.02020037249895e-05,1.2649730706471e-05,
1906.0,3.33448006131221e-05,2.59069274761714e-05,1.25213764476939e-05,6.43441444481141e-06,1.15849406938651e-05,2.12526774703292e-05,2.005400165217e-05,1.80870902113384e-05,2.33064165513497e-05,1.41780155900051e-05,2.1864265363547e-05,1.33368748720386e-05,2.80750518868444e-05,1.82807652890915e-05,1.50728128573974e-05,2.63581296167104e-05,-7.85847191764333e-07,1.40304437081795e-05,6.22723064225283e-06,1.76890407601604e-05,2.98309532809071e-05,1.72188665601425e-05,1.89937036338961e-05,1.51470931086806e-05,1.63134372996865e-05,2.43564445554512e-05,1.91300368896918e-05,3.33044808940031e-05,1.74656361195957e-05,1.68077676789835e-05,2.34621456911555e-05,3.14555654767901e-05,2.89592571789399e-05,2.2139129214338e-05,2.43005124502815e-05,1.31012857309543e-05,2.59146909229457e-05,2.02481605811045e-05,1.1445482414274e-05,1.49897832670831e-05,1.81835330295144e-05,2.30232617468573e-05,2.16357530007372e-05,3.03094402624993e-05,2.85745973087614e-05,1.67380585480714e-05,1.61790685524466e-05,1.37938841362484e-05,
1907.0,2.93107823381433e-05,2.34528124565259e-05,1.32773247969453e-05,1.09706297735102e-05,1.42674280141364e-05,2.10161051654723e-05,1.6512149159098e-05,1.27437924675178e-05,2.46309391513933e-05,1.12329335024697e-05,2.73825207841583e-05,1.37736687975121e-05,2.90753614535788e-05,1.26064460346242e-05,1.75929890247062e-05,2.7107096684631e-05,-1.67459211297682e-06,1.22180090329493e-05,4.48616128778667e-06,2.08355777431279e-05,3.02484113490209e-05,1.58127004397102e-05,1.76635658135638e-05,1.1939077921852e-05,1.40109041240066e-05,2.46937761403387e-05,1.57492668222403e-05,3.53190953319427e-05,1.39327812576084e-05,1.37156812343164e-05,2.18510504055303e-05,3.5168352042092e-05,2.27786422328791e-05,1.60627932928037e-05,1.9156474081683e-05,1.15828352136305e-05,2.442805453029e-05,1.74695924215484e-05,1.20092136057792e-05,1.86339093488641e-05,1.94500207726378e-05,2.60812739725225e-05,2.06497588806087e-05,2.51439050771296e-05,2.86396079900442e-05,1.80225561052794e-05,1.39812309498666e-05,1.83063893928193e-05,
1908.0,2.90446350845741e-05,2.31532085308572e-05,1.54243061842863e-05,1.46760075949715e-05,1.48769613588229e-05,1.93659525393741e-05,1.49877623698558e-05,1.15467910291045e-05,2.28384124056902e-05,1.05109811556758e-05,2.91805754386587e-05,1.47837199619971e-05,2.75895072263666e-05,1.14128915811307e-05,1.96675173356198e-05,2.6828374757315e-05,-7.81666471993958e-07,1.45670910569606e-05,3.35057802658412e-06,2.41453453782015e-05,2.93209159281105e-05,1.91510280274088e-05,1.70912262547063e-05,1.20001441246131e-05,1.45381500260555e-05,2.33791652135551e-05,1.62370488396846e-05,3.54376243194565e-05,1.08687208921765e-05,1.25494352687383e-05,2.16313055716455e-05,3.5424716770649e-05,1.92216848518001e-05,1.31211909319973e-05,1.77347355929669e-05,1.37789056680049e-05,2.44433285843115e-05,1.7778391338652e-05,1.30231564980932e-05,1.78498994500842e-05,2.16578137042234e-05,2.7803742341348e-05,1.89164366020123e-05,2.41827256104443e-05,2.95788868243108e-05,1.74794604390627e-05,1.42490343932877e-05,1.96349992620526e-05,
1909.0,3.02130265481537e-05,2.66559654846787e-05,1.91337330761598e-05,1.93789492186625e-05,1.66546305990778e-05,1.24335992950364e-05,9.67717096500564e-06,1.12048874143511e-05,1.63730910571758e-05,1.24944135677652e-05,2.93037192022894e-05,1.76588127942523e-05,2.14765750570223e-05,1.02489766504732e-05,2.36903324548621e-05,2.78712486760924e-05,4.75984506920213e-06,2.25413459702395e-05,2.44277839556162e-06,3.12248084810562e-05,2.47460411628708e-05,2.54723345278762e-05,1.58385228132829e-05,1.29292766359868e-05,1.95276934391586e-05,1.91908129636431e-05,1.9264956790721e-05,3.57808858097997e-05,4.86367525809328e-06,1.5138970411499e-05,1.99771584448172e-05,3.43627943948377e-05,1.04048722278094e-05,5.75832154936506e-06,1.59179617185146e-05,2.06537497433601e-05,2.58377349382499e-05,2.04938114620745e-05,1.73342996276915e-05,1.43354372994509e-05,2.51549554377561e-05,3.02242842735723e-05,1.47728333104169e-05,2.74830690614181e-05,2.92175882350421e-05,1.37868919409811e-05,1.747160058585e-05,2.22687685891287e-05,
1910.0,2.99220537272049e-05,2.72825163847301e-05,2.00441463675816e-05,2.17059532587882e-05,1.65019773703534e-05,1.12216530396836e-05,1.01809828265687e-05,1.18479501907132e-05,1.39406693051569e-05,1.30406197058619e-05,2.79500709439162e-05,1.93001669686055e-05,2.09319478017278e-05,1.30728558360715e-05,2.65138460235903e-05,2.74865797109669e-05,7.43123518986977e-06,2.54627066169633e-05,4.26369570050156e-06,3.21511979564093e-05,2.23059505515266e-05,2.94934779958567e-05,1.68696551554604e-05,1.5203434486466e-05,2.27476284635486e-05,1.76678568095667e-05,2.3082511688699e-05,3.44544896506704e-05,3.83096812583972e-06,1.5184419680736e-05,2.05354863282992e-05,3.43988067470491e-05,9.66289644566132e-06,4.56819179817103e-06,1.44660480145831e-05,2.37319945881609e-05,2.71414046437712e-05,2.16271218960173e-05,1.81648247234989e-05,1.52640495798551e-05,2.75713555311086e-05,3.05679786833934e-05,1.44554442158551e-05,2.77915441984078e-05,2.86086506093852e-05,1.40171787279542e-05,1.95745815290138e-05,2.3293832782656e-05,
1911.0,2.87259426841047e-05,2.59977059613448e-05,2.14638930629008e-05,2.47385723923799e-05,1.19210262710112e-05,1.23562840599334e-05,1.8700660803006e-05,1.64417269843398e-05,1.34865558720776e-05,1.13805635919562e-05,2.32741367653944e-05,2.25016719923588e-05,2.17630913539324e-05,2.33951377595076e-05,3.11180665448774e-05,2.41244251810713e-05,8.51857566885883e-06,2.94040655717254e-05,7.46090518077835e-06,2.75207203230821e-05,2.05946398637025e-05,3.7286587030394e-05,2.04559946723748e-05,2.1061841835035e-05,2.72673714789562e-05,1.3699174814974e-05,3.14555582008325e-05,2.80531385214999e-05,6.40153939457377e-06,1.42152621265268e-05,2.06786553462734e-05,3.14762837660965e-05,1.22183000712539e-05,1.05527506093495e-05,1.38846871777787e-05,2.85578553302912e-05,3.08425478579011e-05,2.46906256506918e-05,1.77787005668506e-05,1.44339410326211e-05,3.17544581776019e-05,2.67509658442577e-05,1.65414730872726e-05,2.57285173574928e-05,2.8492891942733e-05,1.48787721627741e-05,2.40661684074439e-05,1.99502283066977e-05,
1912.0,2.94834062515292e-05,2.54662772931624e-05,2.36041432799539e-05,2.44123766606208e-05,1.32768200273858e-05,1.25747928905184e-05,2.01465900317999e-05,1.97306726477109e-05,1.22956462291768e-05,1.22155843200744e-05,2.02014416572638e-05,2.41908855969086e-05,2.21801492443774e-05,2.75962065643398e-05,3.2603376894258e-05,2.19782923522871e-05,1.26034265122144e-05,3.0596274882555e-05,9.44883231568383e-06,2.75209840765456e-05,1.9656226868392e-05,4.07123734476045e-05,2.28171393246157e-05,2.31923677347368e-05,2.97716815111926e-05,1.4022381947143e-05,3.44321961165406e-05,2.57204210356576e-05,7.09217920302763e-06,1.50406867760466e-05,2.2942165742279e-05,2.98560589726549e-05,1.72896870935801e-05,1.39724625114468e-05,1.52168349814019e-05,3.17040939989965e-05,3.16899895551614e-05,2.68336334556807e-05,1.86536999535747e-05,1.52210050146095e-05,3.25099535984918e-05,2.67723607976222e-05,1.74656379385851e-05,2.75265683740145e-05,2.8380691219354e-05,1.70600978890434e-05,2.6849515052163e-05,2.11294936889317e-05,
1913.0,3.19620230584405e-05,2.40882854996016e-05,2.62273806583835e-05,2.08392775675748e-05,1.66910140251275e-05,1.43635297717992e-05,1.91216367966263e-05,2.42253681790316e-05,9.95407572190743e-06,1.53103737829952e-05,1.39053054226679e-05,2.43562117248075e-05,2.41583147726487e-05,3.23536769428756e-05,3.19665305141825e-05,2.09827830985887e-05,1.8861015632865e-05,2.80957774521085e-05,1.32872773974668e-05,2.80123913398711e-05,1.6522795704077e-05,4.22145130869467e-05,2.61333025264321e-05,2.35253064602148e-05,3.13155142066535e-05,1.83623433258617e-05,3.71994719898794e-05,2.43149370362516e-05,7.95440882939147e-06,1.62165451911278e-05,2.67637897195527e-05,2.9995477234479e-05,2.94232359010493e-05,1.79285761987558e-05,1.5767187505844e-05,3.23751846735831e-05,3.15344441332854e-05,2.66184943029657e-05,1.91574563359609e-05,1.98515663214494e-05,3.07850241370033e-05,2.78704956144793e-05,1.85034223250113e-05,3.18033125950024e-05,2.62570374616189e-05,2.25817857426591e-05,2.78962561424123e-05,2.52481058851117e-05,
1914.0,3.21995357808191e-05,2.37252679653466e-05,2.26708179980051e-05,1.96635573956883e-05,2.18942786887055e-05,1.57220965775196e-05,1.93343785213074e-05,2.27700402319897e-05,1.1010126399924e-05,1.52472739500809e-05,1.58818875206634e-05,2.62267258221982e-05,2.9133319912944e-05,3.14277713187039e-05,3.24844004353508e-05,1.71286628756206e-05,2.52473691944033e-05,2.57676565524889e-05,1.46448637678986e-05,2.64817426796071e-05,2.03010713448748e-05,3.85546445613727e-05,2.95827794616343e-05,2.48031246883329e-05,3.10510295093991e-05,2.15283198485849e-05,3.35385375365149e-05,2.20511901716236e-05,1.44291680044262e-05,1.84263371920679e-05,3.12560914608184e-05,2.93203465844272e-05,3.58219585905317e-05,2.32591173698893e-05,1.99990499822889e-05,3.17132435156964e-05,2.8248909075046e-05,2.72510551440064e-05,1.75542500073789e-05,2.5095599994529e-05,2.66555398411583e-05,2.90191710519139e-05,2.21178688661894e-05,3.18543752655387e-05,2.58279960689833e-05,2.87614311673678e-05,2.98187569569563e-05,2.64671380136861e-05,
1915.0,3.19482060149312e-05,2.31251124205301e-05,2.31293779506814e-05,1.53936816786882e-05,3.0214492653613e-05,1.59892424562713e-05,1.74222732312046e-05,2.53203997999663e-05,1.61790449055843e-05,1.61874158948194e-05,1.73958032974042e-05,2.76319133263314e-05,3.01999189105118e-05,3.09157985611819e-05,2.91513842967106e-05,1.46628108268487e-05,3.05883877445012e-05,2.39085602515843e-05,1.49762654473307e-05,2.69618485617684e-05,2.5482060664217e-05,3.56340751750395e-05,3.13924756483175e-05,2.70495129370829e-05,3.17894591717049e-05,2.44831717282068e-05,3.21310326398816e-05,2.12013601412764e-05,1.73023508978076e-05,2.1748133804067e-05,3.65453161066398e-05,2.69848460447975e-05,4.22357625211589e-05,2.91348605969688e-05,2.49282347795088e-05,3.44003528880421e-05,2.60829547187313e-05,3.16323348670267e-05,2.00897175091086e-05,2.58657291851705e-05,2.52857826126274e-05,3.27641282638069e-05,2.68373587459791e-05,3.43984211212955e-05,2.99624771287199e-05,3.07792652165517e-05,3.20195103995502e-05,2.77895996987354e-05,
1916.0,3.2756488508312e-05,2.65505095740082e-05,2.63538786384743e-05,1.25437381939264e-05,3.34212709276471e-05,1.93134674191242e-05,1.82386465894524e-05,2.65373237198219e-05,2.21196096390486e-05,2.11583555937978e-05,1.76306566572748e-05,2.60443521256093e-05,3.20085127896164e-05,3.20355466101319e-05,3.00527917715954e-05,1.72561813087668e-05,3.23167951137293e-05,2.08922829187941e-05,2.14015035453485e-05,3.42577041010372e-05,2.70323234872194e-05,3.65077030437533e-05,2.84044017462293e-05,3.27587222272996e-05,3.46690576407127e-05,2.69066458713496e-05,2.98994364129612e-05,2.60597244050587e-05,1.81685318239033e-05,2.87382536043879e-05,3.93955015169922e-05,2.65140079136472e-05,4.36665868619457e-05,3.47230306942947e-05,3.46185443049762e-05,3.80344281438738e-05,2.73101213679183e-05,3.66364038200118e-05,1.93811993085546e-05,2.82146957033547e-05,2.68872863671277e-05,3.46018568961881e-05,2.88777428067988e-05,3.89710112358443e-05,3.63184444722719e-05,2.83310055237962e-05,3.37723540724255e-05,2.77617473329883e-05,
1917.0,3.06948422803544e-05,3.17167468892876e-05,2.65027010755148e-05,1.06809766293736e-05,3.42579660355113e-05,2.07404264074285e-05,2.4545448468416e-05,2.92533622996416e-05,3.01717827824177e-05,2.71556364168646e-05,2.51437795668608e-05,2.93299162876792e-05,3.73258517356589e-05,3.26914814650081e-05,3.26908775605261e-05,2.36295472859638e-05,2.94184064841829e-05,2.3106613298296e-05,2.81920547422487e-05,3.7788715417264e-05,3.42495768563822e-05,3.44934705935884e-05,2.93811481242301e-05,4.04761995014269e-05,3.94724993384443e-05,3.13320088025648e-05,3.11479052470531e-05,3.04727891489165e-05,2.15752534131752e-05,3.14426615659613e-05,3.85985476896167e-05,2.76168320851866e-05,4.1532523027854e-05,3.69843946828041e-05,4.49189319624566e-05,3.85283892683219e-05,2.63375695794821e-05,4.00298195017967e-05,2.07299854082521e-05,2.83285789919319e-05,3.24323118547909e-05,3.31847732013557e-05,2.93617085844744e-05,4.11484979849774e-05,3.91342618968338e-05,2.74396461463766e-05,3.67236498277634e-05,2.6594339942676e-05,
1918.0,3.17017256747931e-05,3.42038620146923e-05,2.99348666885635e-05,1.16471337605617e-05,3.37500605382957e-05,2.02592600544449e-05,2.98485847451957e-05,3.28162823279854e-05,3.81489626306575e-05,3.0748822609894e-05,3.17955236823764e-05,3.18652928399388e-05,3.67188586096745e-05,3.35607619490474e-05,3.30989641952328e-05,3.17769117827993e-05,2.8269842005102e-05,2.69385745923501e-05,3.3317250199616e-05,3.87129657610785e-05,3.92067158827558e-05,3.46199522027746e-05,3.09502829622943e-05,4.3451913370518e-05,4.08110790885985e-05,3.31947230733931e-05,3.55408046743833e-05,2.96597827400547e-05,2.22449471038999e-05,3.01549825962866e-05,3.4800137655111e-05,2.8960443160031e-05,4.5375189074548e-05,3.82777907361742e-05,4.86254175484646e-05,3.72920294466894e-05,2.56382154475432e-05,4.07112165703438e-05,2.48906872002408e-05,2.73730456683552e-05,3.55503361788578e-05,3.32407144014724e-05,3.1931049306877e-05,4.38898714492098e-05,4.0398688724963e-05,2.92872209683992e-05,3.58982033503708e-05,2.58378368016565e-05,
1919.0,3.08599919662811e-05,3.86660576623399e-05,3.45594635291491e-05,1.55747620738111e-05,3.40444858011324e-05,1.88488302228507e-05,3.57801945938263e-05,3.31313567585312e-05,4.36572227044962e-05,3.16699843097012e-05,3.37976853188593e-05,3.3828939194791e-05,3.60915328201372e-05,3.11629810312297e-05,3.64619627362117e-05,3.76785974367522e-05,2.76322716672439e-05,3.28451314999256e-05,3.87267464247998e-05,4.0183662349591e-05,4.54404071206227e-05,3.73609946109355e-05,2.89591534965439e-05,4.34973335359246e-05,4.10663633374497e-05,3.69037115888204e-05,3.72316535504069e-05,3.34504511556588e-05,2.38283646467607e-05,2.95609588647494e-05,3.39473044732586e-05,3.46720080415253e-05,4.90046259074006e-05,3.92089605156798e-05,5.06933356518857e-05,4.05029131798074e-05,2.79145679087378e-05,4.12566951126792e-05,2.98408122034743e-05,2.96583621093305e-05,3.80410201614723e-05,3.54082585545257e-05,3.6901550629409e-05,4.59131515526678e-05,3.90216991945636e-05,3.04881450574612e-05,3.47646018781234e-05,3.04229542962275e-05,
1920.0,2.90515963570215e-05,4.30961918027606e-05,3.50179689121433e-05,2.02573301066877e-05,3.75024392269552e-05,1.67959842656273e-05,3.92775691580027e-05,3.61145685019437e-05,4.36024456575979e-05,3.32737399730831e-05,3.97853909817059e-05,3.94668350054417e-05,3.78485055989586e-05,3.21576735586859e-05,3.94249109376688e-05,4.48173996119294e-05,2.78711304417811e-05,3.97275362047367e-05,4.17034971178509e-05,4.0181079384638e-05,4.80317576148082e-05,3.9082133298507e-05,2.69886513706297e-05,4.17615337937605e-05,4.14758651459124e-05,3.92304900742602e-05,4.33731147495564e-05,3.56459713657387e-05,2.50033117481507e-05,2.47710831899894e-05,3.43891588272527e-05,3.81362406187691e-05,5.00835485581774e-05,4.12885747209657e-05,5.19266322953627e-05,4.1870753193507e-05,3.06616639136337e-05,3.6234672734281e-05,3.84058585041203e-05,3.10337418341078e-05,4.1822342609521e-05,3.96566865674686e-05,4.14766691392288e-05,4.94542946398724e-05,3.67219763575122e-05,3.40427905030083e-05,3.48013745679054e-05,3.38977042702027e-05,
1921.0,2.96991311188322e-05,4.6436172851827e-05,3.50670561601873e-05,2.47616044362076e-05,3.84176637453493e-05,1.75315526576014e-05,4.21638833358884e-05,3.90696513932198e-05,4.38635906903073e-05,3.44853797287215e-05,4.25355392508209e-05,4.02836667490192e-05,3.95050592487678e-05,3.30289840348996e-05,4.08308078476693e-05,4.89666163048241e-05,2.89200434053782e-05,4.31427033618093e-05,4.46390367869753e-05,4.09815729653928e-05,4.67342688352801e-05,4.19843308918644e-05,2.68042913376121e-05,4.1967949073296e-05,3.99270866182633e-05,3.93723530578427e-05,4.75789311167318e-05,3.7226483982522e-05,2.49594449996948e-05,2.43029116973048e-05,3.38220670528244e-05,4.14986498071812e-05,5.32249723619316e-05,4.34725661762059e-05,5.42063899047207e-05,4.30177788075525e-05,3.38094068865757e-05,3.47390196111519e-05,4.26611113653053e-05,2.99097573588369e-05,4.32169399573468e-05,4.21665572503116e-05,4.53894390375353e-05,5.29232493136078e-05,3.7419973523356e-05,3.59759615093935e-05,3.45692169503309e-05,3.61254133167677e-05,
1922.0,2.96640209853649e-05,4.98348708788399e-05,3.18409474857617e-05,3.10864888888318e-05,4.06306244258303e-05,2.08953933906741e-05,4.38719071098603e-05,4.2787789425347e-05,4.17686278524343e-05,3.24325992551167e-05,3.99512973672245e-05,3.50946211256087e-05,4.18611743953079e-05,3.39288744726218e-05,4.02913210564293e-05,4.93021434522234e-05,3.16995283355936e-05,4.2551622755127e-05,4.77492358186282e-05,4.10279972129501e-05,3.8743659388274e-05,5.01294489367865e-05,2.52353074756684e-05,4.25992402597331e-05,3.17080630338751e-05,3.72563845303375e-05,5.34837818122469e-05,3.93831396650057e-05,2.32193997362629e-05,2.68720068561379e-05,3.58771176252048e-05,4.78629408462439e-05,5.91085554333404e-05,4.78214424219914e-05,5.54818252567202e-05,4.64936856587883e-05,4.07056286348961e-05,3.45060725521762e-05,4.64415170426946e-05,2.44966358877718e-05,4.17266855947673e-05,4.73983855044935e-05,5.48845382581931e-05,5.60920416319277e-05,4.11817927670199e-05,3.70943016605452e-05,3.33770112774801e-05,3.8670506910421e-05,
1923.0,3.09547467622906e-05,5.121716458234e-05,3.17367230309173e-05,3.50174559571315e-05,4.04012243961915e-05,2.45495211856905e-05,4.53191496490035e-05,4.60326118627563e-05,4.17173396272119e-05,3.2998726965161e-05,3.76010793843307e-05,3.57101525878534e-05,4.31765256507788e-05,3.61488055204973e-05,4.03546182496939e-05,5.04702584294137e-05,3.2065472623799e-05,4.46049816673622e-05,4.95682215841953e-05,4.30971995228902e-05,3.77049909729976e-05,5.23560447618365e-05,2.63130004896084e-05,4.44529759988654e-05,3.30521324940491e-05,3.7108278775122e-05,5.48319294466637e-05,4.0830549551174e-05,2.55498598562554e-05,2.93669509119354e-05,3.64338739018422e-05,5.14371276949532e-05,6.14801829215139e-05,5.00299938721582e-05,5.70937081647571e-05,4.97309847560246e-05,4.48485589004122e-05,3.40571932611056e-05,4.6911936806282e-05,2.50029734161217e-05,4.31245171057526e-05,4.8764020903036e-05,5.66733688174281e-05,5.84903682465665e-05,4.3601896322798e-05,3.79759221686982e-05,3.45091903000139e-05,3.99759082938544e-05,
1924.0,3.37909114023205e-05,5.13154955115169e-05,3.0877512472216e-05,3.7180696381256e-05,3.78379590983968e-05,3.13629789161496e-05,4.63099640910514e-05,5.1264105422888e-05,4.09659987781197e-05,3.56888558599167e-05,3.49142464983743e-05,3.79483972210437e-05,4.37737617176026e-05,4.12033259635791e-05,3.94373673771042e-05,5.22848495165817e-05,3.06355977954809e-05,4.63613396277651e-05,5.05330026498996e-05,4.78347246826161e-05,3.52738425135612e-05,5.06429714732803e-05,2.96824200631818e-05,4.81179777125362e-05,3.8348287489498e-05,3.53214709321037e-05,5.3272695367923e-05,3.9607042708667e-05,2.86066097032744e-05,3.29756294377148e-05,3.40354490617756e-05,5.38144049642142e-05,6.04120323259849e-05,5.20522553415503e-05,6.03202097408939e-05,5.17281041538808e-05,4.9134894652525e-05,3.37250166921876e-05,4.37775197497103e-05,2.66413808276411e-05,4.62383868580218e-05,4.71442508569453e-05,5.22058107890189e-05,6.18653284618631e-05,4.65824086859357e-05,3.97308722313028e-05,3.77920150640421e-05,3.71631431335118e-05,
1925.0,4.00965000153519e-05,5.10384779772721e-05,3.37460696755443e-05,4.18710224039387e-05,3.27979687426705e-05,3.39867438015062e-05,4.613320925273e-05,5.20237517775968e-05,4.20689975726418e-05,3.85595703846775e-05,3.30377188220154e-05,3.65713312930893e-05,4.65144112240523e-05,4.24132340413053e-05,3.86171013815328e-05,5.04365671076812e-05,3.18777747452259e-05,4.72187566629145e-05,4.98741610499565e-05,4.79895679745823e-05,3.39731777785346e-05,5.07669792568777e-05,3.62392675015144e-05,5.03574883623514e-05,4.40667245129589e-05,3.36116208927706e-05,5.2511411922751e-05,4.17233059124555e-05,3.07927039102651e-05,3.82239668397233e-05,3.30170842062216e-05,5.19848326803185e-05,6.53073075227439e-05,5.15444298798684e-05,6.3320912886411e-05,5.29531280335505e-05,4.74282787763514e-05,3.67276115866844e-05,3.97140174754895e-05,2.76780538115418e-05,4.4375588913681e-05,4.4053031160729e-05,4.97291875944939e-05,6.3960105762817e-05,5.01019494549837e-05,3.60570775228553e-05,3.78160584659781e-05,4.01245924877003e-05,
1926.0,4.50424195150845e-05,4.67605932499282e-05,3.68378823623061e-05,4.35624206147622e-05,3.09080751321744e-05,3.75159543182235e-05,4.34207322541624e-05,5.27409683854785e-05,4.05789105570875e-05,3.74839146388695e-05,2.76706705335528e-05,4.12262561440002e-05,4.85258678963874e-05,4.30639083788265e-05,4.24948193540331e-05,4.73697837151121e-05,3.39518919645343e-05,5.07650038343854e-05,4.97455948789138e-05,5.22670306963846e-05,4.16125585616101e-05,5.26763142261188e-05,3.9928600017447e-05,5.20512185175903e-05,5.06422293256037e-05,3.70899615518283e-05,5.03745868627448e-05,4.51906635134947e-05,3.71907444787212e-05,4.07433872169349e-05,3.68630753655452e-05,5.1089624321321e-05,7.07544022588991e-05,4.97872824780643e-05,6.07462570769712e-05,5.4620330047328e-05,5.11028338223696e-05,3.30050061165821e-05,3.5604363802122e-05,3.13677628582809e-05,4.66680830868427e-05,4.37060771218967e-05,4.72976680612192e-05,6.39356803731062e-05,5.30238248757087e-05,3.69179506378714e-05,4.01227771362755e-05,4.38688839494716e-05,
1927.0,4.94720879942179e-05,4.67803110950626e-05,4.00608223571908e-05,4.40482872363646e-05,3.16422228934243e-05,3.81995450879913e-05,4.06227336497977e-05,5.17128137289546e-05,3.98504198528826e-05,3.80789060727693e-05,3.09771421598271e-05,4.69926962978207e-05,4.93557708978187e-05,4.85760247102007e-05,4.47697748313658e-05,4.53940920124296e-05,4.0502938645659e-05,5.59459549549501e-05,4.66098645119928e-05,5.54955913685262e-05,4.44506003987044e-05,4.88757832499687e-05,3.77668475266546e-05,5.39844586455729e-05,5.706012234441e-05,3.9928563637659e-05,4.95005697302986e-05,4.51046544185374e-05,4.2551189835649e-05,4.57927017123438e-05,3.68529799743555e-05,5.07734948769212e-05,7.21382821211591e-05,5.45614675502293e-05,5.86362039030064e-05,5.42305315320846e-05,5.45253096788656e-05,3.26431654684711e-05,3.34294309141114e-05,3.82416001230013e-05,5.12533988512587e-05,4.35872098023538e-05,4.35510955867358e-05,6.68569118715823e-05,5.45903203601483e-05,3.96610666939523e-05,4.25792568421457e-05,4.71179810119793e-05,
1928.0,5.65084665140603e-05,5.26974981767125e-05,4.6621345973108e-05,4.50427942269016e-05,3.59513214789331e-05,3.86388819606509e-05,3.87946201954037e-05,5.47819763596635e-05,3.91770045098383e-05,4.11212677136064e-05,3.63817853212822e-05,4.8410893214168e-05,5.45248949492816e-05,5.53051177121233e-05,4.78209658467676e-05,4.45731675426941e-05,5.01434224133845e-05,5.90693343838211e-05,4.8471109039383e-05,5.49987380509265e-05,4.45314726675861e-05,5.09159108332824e-05,3.72731883544475e-05,5.47694799024612e-05,6.04205342824571e-05,4.38661554653663e-05,5.26789262949023e-05,4.69366277684458e-05,4.59344482806046e-05,4.97623805131298e-05,3.46140768670011e-05,4.9038488214137e-05,7.50710241845809e-05,6.12291260040365e-05,5.860584860784e-05,5.34642022103071e-05,5.34051760041621e-05,3.71809801436029e-05,3.80855999537744e-05,4.1874995076796e-05,5.22858463227749e-05,4.4751912355423e-05,4.59494585811626e-05,6.92011381033808e-05,5.87083304708358e-05,4.04941820306703e-05,4.40906842413824e-05,5.57483253942337e-05,
1929.0,6.02417603658978e-05,5.49173928447999e-05,4.82314244436566e-05,4.30622676503845e-05,3.88498156098649e-05,4.12029075960163e-05,4.1667703044368e-05,5.93956210650504e-05,3.49010624631774e-05,4.23247147409711e-05,4.23205929109827e-05,5.29341050423682e-05,5.93310323893093e-05,5.70531192352064e-05,5.09184210386593e-05,4.59353032056242e-05,5.67503193451557e-05,6.36804179521278e-05,5.24628194398247e-05,5.9170022723265e-05,4.87668512505479e-05,5.50297918380238e-05,3.60243939212523e-05,5.74485929973889e-05,5.79016486881301e-05,5.14000312250573e-05,5.2260857046349e-05,4.93985498906113e-05,4.484292367124e-05,5.31712248630356e-05,3.7162742955843e-05,5.23208946106024e-05,7.87603203207254e-05,6.36153927189298e-05,5.48116549907718e-05,5.14291459694505e-05,5.56750965188257e-05,3.90003951906692e-05,4.12613408116158e-05,4.3878306314582e-05,5.70582196814939e-05,4.98677836731076e-05,4.79211194033269e-05,7.00255768606439e-05,6.29574933554977e-05,4.7854206059128e-05,5.02675757161342e-05,6.03996049903799e-05,
1930.0,5.94726152485237e-05,5.78620383748785e-05,4.98061926919036e-05,4.25231810368132e-05,4.36471600551158e-05,4.2919742554659e-05,4.62194911960978e-05,6.41803781036288e-05,3.61655838787556e-05,4.55509907624219e-05,4.99923808092717e-05,5.69899057154544e-05,6.39459249214269e-05,5.82394495722838e-05,5.11556318087969e-05,5.13411250722129e-05,6.060774467187e-05,6.66639389237389e-05,5.66413182241376e-05,6.41473088762723e-05,4.91715145471971e-05,5.87622307648417e-05,3.47913846781012e-05,5.8676323533291e-05,5.73224861000199e-05,5.8448153140489e-05,5.26097683177795e-05,5.21341098647099e-05,4.43166281911545e-05,5.86768546781968e-05,4.31559565186035e-05,5.91970710956957e-05,8.06710886536166e-05,6.72889873385429e-05,5.3498188208323e-05,5.36905172339175e-05,5.56470768060535e-05,4.56292727903929e-05,4.26292463089339e-05,4.69453043479007e-05,6.08120717515703e-05,5.58620267838705e-05,5.20220273756422e-05,7.03091063769534e-05,6.49526919005439e-05,5.67936949664727e-05,5.78061772102956e-05,6.15165190538391e-05,
1931.0,6.44854444544762e-05,6.46984990453348e-05,5.66412854823284e-05,4.46027152065653e-05,4.77988651255146e-05,4.62481366412248e-05,5.18815977557097e-05,6.83154357830063e-05,3.98902375309262e-05,5.27928641531616e-05,5.47524905414321e-05,5.83080764045008e-05,7.07270883140154e-05,6.48039640509523e-05,5.5202552175615e-05,5.73670586163644e-05,6.32592782494612e-05,7.02797406120226e-05,6.3848368881736e-05,6.93435285938904e-05,5.1849325245712e-05,6.7119523009751e-05,4.02003097406123e-05,6.08916561759543e-05,6.04626948188525e-05,6.65102852508426e-05,5.69876974623185e-05,5.47401068615727e-05,4.48857681476511e-05,5.89118935749866e-05,4.99827438034117e-05,6.12691947026178e-05,8.35230312077329e-05,7.36838119337335e-05,5.88508883083705e-05,6.01513456786051e-05,5.54044163436629e-05,5.36408479092643e-05,4.68837715743575e-05,5.18563974765129e-05,6.53702518320642e-05,6.13861193414778e-05,5.76237434870563e-05,7.27481892681681e-05,7.21715914551169e-05,5.80443556827959e-05,6.35441538179293e-05,6.26802066108212e-05,
1932.0,7.04472768120468e-05,7.11948523530737e-05,6.11014402238652e-05,4.73812287964392e-05,5.05582211189903e-05,4.78956098959316e-05,5.78858998778742e-05,7.2301845648326e-05,4.52651765954215e-05,5.91852149227634e-05,6.17347322986461e-05,6.1623373767361e-05,7.56537920096889e-05,7.22773183952086e-05,6.11926880083047e-05,6.25477259745821e-05,6.61760204820894e-05,7.66496668802574e-05,7.11076863808557e-05,7.56534864194691e-05,5.55559672648087e-05,7.21433680155315e-05,4.70258273708168e-05,6.59399302094243e-05,6.4329600718338e-05,7.31805557734333e-05,6.16366960457526e-05,5.83946275583003e-05,4.63899377791677e-05,6.12787844147533e-05,5.66868620808236e-05,6.55148542136885e-05,8.58230050653219e-05,7.8863900853321e-05,6.36811309959739e-05,6.71142115606926e-05,5.8158504543826e-05,5.86918758926913e-05,5.06629912706558e-05,5.65695590921678e-05,7.09657542756759e-05,6.78598953527398e-05,6.20891150902025e-05,7.51703992136754e-05,7.90171397966333e-05,6.03554690314922e-05,6.87454594299197e-05,6.68418942950666e-05,
1933.0,7.49815444578417e-05,7.74057043599896e-05,6.54006726108491e-05,5.15237807121594e-05,5.19073510076851e-05,4.45409314124845e-05,6.42329032416455e-05,7.36253059585579e-05,5.49000869796146e-05,6.44920946797356e-05,7.2563809226267e-05,6.57903365208767e-05,7.8931036114227e-05,8.17602485767566e-05,7.16168360668235e-05,6.68888606014661e-05,6.69256842229515e-05,8.6174339230638e-05,8.0985737440642e-05,8.62748056533746e-05,6.01197425567079e-05,7.62570052756928e-05,5.82415741519071e-05,7.14720590622164e-05,6.79263757774606e-05,7.78103349148296e-05,6.8004650529474e-05,6.26542023383081e-05,4.91253158543259e-05,6.33568124612793e-05,6.96907300152816e-05,7.24228157196194e-05,8.49815914989449e-05,8.32959558465518e-05,6.86315834173001e-05,7.8883495007176e-05,6.51392401778139e-05,5.91753232583869e-05,5.18858469149563e-05,6.034138641553e-05,7.77148816268891e-05,7.66225348343141e-05,6.6875567426905e-05,7.68577738199383e-05,8.59904248500243e-05,6.22849329374731e-05,7.332371751545e-05,7.13584013283253e-05,
1934.0,8.36934486869723e-05,8.34207894513384e-05,6.89312655595131e-05,5.59049112780485e-05,5.65510454180185e-05,5.04843810631428e-05,6.94544578436762e-05,7.94233419583179e-05,6.29571950412355e-05,7.20129537512548e-05,7.72406710893847e-05,7.06735663698055e-05,8.56516780913807e-05,9.02590472833253e-05,8.1042577221524e-05,7.3796501965262e-05,7.07703002262861e-05,9.24559717532247e-05,8.82826498127542e-05,9.39267411013134e-05,6.34373282082379e-05,8.14731683931313e-05,6.58129865769297e-05,7.83319119364023e-05,7.50121471355669e-05,8.40627035358921e-05,7.55083237891085e-05,6.82860263623297e-05,5.30973484274e-05,6.64022009004839e-05,7.57518500904553e-05,7.72680068621412e-05,9.10469680093229e-05,8.9599794591777e-05,7.63694479246624e-05,8.76457343110815e-05,7.12143155396916e-05,6.51509981253184e-05,5.57784987904597e-05,6.51688533253036e-05,8.43040252220817e-05,8.38605337776244e-05,7.27351944078691e-05,8.04091032478027e-05,9.35112475417554e-05,6.50257206871174e-05,7.70536717027426e-05,7.67966921557672e-05,
1935.0,9.82268757070415e-05,8.97608115337789e-05,7.26148282410577e-05,6.03307016717736e-05,6.11127761658281e-05,6.08317313890439e-05,7.46952791814692e-05,8.60608706716448e-05,7.29774837964214e-05,8.15129533293657e-05,7.81316048232839e-05,7.55498913349584e-05,9.17250872589648e-05,0.000102602156403009,9.25136191654019e-05,8.05911477073096e-05,7.55483270040713e-05,9.95328300632536e-05,9.37093500397168e-05,0.000100936435046606,6.75984119880013e-05,8.48455092636868e-05,7.46092555345967e-05,8.80972584127449e-05,8.51264121592976e-05,8.90095470822416e-05,8.45347094582394e-05,7.35359499230981e-05,5.88099464948755e-05,6.80840239510871e-05,7.63725038268603e-05,7.96570602688007e-05,9.89622640190646e-05,9.70799301285297e-05,8.81969754118472e-05,9.63098209467717e-05,7.85120500950143e-05,7.30986939743161e-05,6.19504789938219e-05,7.07375293131918e-05,9.18221412575804e-05,8.83403263287619e-05,7.66222801757976e-05,8.52105076774023e-05,0.000102673555375077,6.44281972199678e-05,7.91099228081293e-05,8.45135218696669e-05,
1936.0,0.000110049993963912,9.77546878857538e-05,7.22986296750605e-05,6.73600879963487e-05,6.60471341689117e-05,6.96775896358304e-05,8.10384444775991e-05,9.66535808402114e-05,7.99970148364082e-05,9.02011161088012e-05,8.29123237053864e-05,8.24191520223394e-05,0.000100194898550399,0.000109299820906017,0.000100447643490043,8.95283665158786e-05,8.08496988611296e-05,0.000106016392237507,0.000100560602732003,0.00010544057295192,7.1005430072546e-05,8.90819865162484e-05,8.38543492136523e-05,9.94944566627964e-05,9.60377146839164e-05,9.73687492660247e-05,9.26889551919885e-05,8.36831168271601e-05,6.33816380286589e-05,7.55239598220214e-05,7.81804410507903e-05,8.50012147566304e-05,0.000109882770630065,0.000102786900242791,9.66597872320563e-05,0.000102597245131619,8.35335813462734e-05,8.03554867161438e-05,6.85706327203661e-05,7.72964413044974e-05,9.78373063844629e-05,9.78371390374377e-05,8.44084715936333e-05,8.96692436072044e-05,0.00011102431017207,6.97186915203929e-05,8.27933909022249e-05,9.38469675020315e-05,
1937.0,0.000119476579129696,0.000107585205114447,7.54405918996781e-05,7.69854596001096e-05,7.54763386794366e-05,8.40142092783935e-05,8.77841594046913e-05,0.000108877720776945,8.36883700685576e-05,0.000101460740552284,8.82336753420532e-05,9.21088430914097e-05,0.000115123410068918,0.000113114409032278,0.000111189641756937,0.00010137353092432,8.99440710782073e-05,0.0001081433147192,0.00011361396900611,0.000111612338514533,7.62000418035313e-05,9.93046123767272e-05,8.71001029736362e-05,0.000109358508780133,0.000106696475995705,0.000111212539195549,0.000103427817521151,9.10291855689138e-05,6.76996787660755e-05,8.17887994344346e-05,8.51904405863024e-05,9.44652347243391e-05,0.0001242238067789,0.000111892644781619,0.00010632882185746,0.000112158078991342,9.34056442929432e-05,8.89906732481904e-05,7.56726221879944e-05,8.58956555020995e-05,0.000107054234831594,0.000112024768895935,9.64632999966852e-05,9.79857504717074e-05,0.000122033678053413,7.71789491409436e-05,8.4768355009146e-05,0.000100694502179977,
1938.0,0.000132965549710207,0.000118577765533701,8.17214604467154e-05,8.61380394781008e-05,8.09006596682593e-05,9.52131449594162e-05,9.63695638347417e-05,0.000118261632451322,9.32024340727367e-05,0.000115319766337052,9.12017494556494e-05,9.67107989708893e-05,0.00012518186122179,0.000121033524919767,0.000120705641165841,0.000117084258818068,9.97667957562953e-05,0.000117228162707761,0.000125777674838901,0.00011908193846466,8.30980643513612e-05,0.00011229763913434,9.09667578525841e-05,0.000122289799037389,0.000119024109153543,0.000127394640003331,0.000115045062557328,0.000100367033155635,6.96543283993378e-05,9.15202836040407e-05,9.28352674236521e-05,0.000104015169199556,0.00013910916459281,0.000119251344585791,0.000122960453154519,0.000122298180940561,0.000103286714875139,9.64747014222667e-05,8.21886933408678e-05,9.48219530982897e-05,0.000121202225273009,0.000124114420032129,0.000107296626083553,0.00011027463915525,0.000131309891003184,8.2877857494168e-05,9.38956291065551e-05,0.000109124397567939,
1939.0,0.000144228179124184,0.000134505098685622,9.10500821191818e-05,9.72354973782785e-05,8.68600109242834e-05,9.87905659712851e-05,0.000106230319943279,0.000128770057926886,0.000105441256891936,0.000126297527458519,9.95486916508526e-05,0.000104542516055517,0.000136893970193341,0.000133725727209821,0.000131667475216091,0.000131660941406153,0.000110890425276011,0.000131077715195715,0.000141548822284676,0.000126463695778511,8.95709817996249e-05,0.00012586428783834,9.58855380304158e-05,0.000136057176860049,0.000132576344185509,0.000141992481076159,0.000125860227853991,0.000108766340417787,7.5621428550221e-05,0.000103355094324797,0.000102992526080925,0.000114052323624492,0.000150335821672343,0.000131137785501778,0.000136893824674189,0.000137147435452789,0.000114108937850688,0.000100297009339556,8.58633211464621e-05,0.000102111531305127,0.000134500456624664,0.000134845045977272,0.000118176190881059,0.000122543046018109,0.000141916840220802,9.29924790398218e-05,0.000106570943898987,0.000120352378871758,
1940.0,0.000155969421030022,0.000149022453115322,0.000107049709185958,0.000107089894299861,9.30535316001624e-05,0.000104971652035601,0.000115420851216186,0.000139289695653133,0.000116208786494099,0.000141447482747026,0.000108165935671423,0.00011486610310385,0.000148764782352373,0.000147597631439567,0.000146087564644404,0.000145302867167629,0.000120649092423264,0.000143977536936291,0.000161153831868432,0.000139235562528484,0.000100501078122761,0.000138473915285431,9.78494790615514e-05,0.000148968087160029,0.000146314763696864,0.000156565816723742,0.00013817599392496,0.000114980990474578,8.37682600831613e-05,0.00011190606164746,0.000114477108581923,0.000129185689729638,0.00016294964007102,0.000145999030792154,0.000146863734698854,0.000152473949128762,0.000126721264678054,0.000105921601061709,9.18654623092152e-05,0.00011054819333367,0.000150789623148739,0.000146191872772761,0.000127724779304117,0.00013611075701192,0.00015564778004773,0.000102145517303143,0.000118393676530104,0.000132585497340187,
1941.0,0.000168964921613224,0.000158235561684705,0.000123782447190024,0.000115858449134976,9.76892915787175e-05,0.000109802909719292,0.000122730052680708,0.000147560029290617,0.000130869215354323,0.000154649824253283,0.000116432704089675,0.000123658304801211,0.000158187773195095,0.000160837764269672,0.0001547585852677,0.000157888192916289,0.000130453088786453,0.000160063951625489,0.000173814391018823,0.000154227163875476,0.000110935179691296,0.00015218804765027,0.000102066209365148,0.000157526534167118,0.000158941285917535,0.000168111379025504,0.000148627397720702,0.000125117192510515,9.06779241631739e-05,0.000126615384942852,0.000123621197417378,0.000142308446811512,0.000177832203917205,0.000160313938977197,0.000156345166033134,0.0001631220075069,0.000135661277454346,0.000113158399472013,9.93736830423586e-05,0.000120112053991761,0.000160647803568281,0.000151444881339557,0.000133763111080043,0.000145326412166469,0.000163194519700482,0.000112536697997712,0.000132056477013975,0.000145784419146366,
1942.0,0.000177332578459755,0.000167175458045676,0.000134743531816639,0.000125559177831747,0.000106720588519238,0.000117621399112977,0.000130081214592792,0.000158070339239202,0.000139647425385192,0.000164974044309929,0.000125320249935612,0.000135828522616066,0.000169948049006052,0.000175976019818336,0.000166060723131523,0.000167840873473324,0.000138782052090392,0.000173490960150957,0.000182287985808216,0.00016876270819921,0.000119410819024779,0.000163256612722762,0.00010952338197967,0.000165505101904273,0.000169307255418971,0.000183550830115564,0.000158064329298213,0.000135973619762808,9.92561253951862e-05,0.000134275411255658,0.000130192551296204,0.000153671513544396,0.00019070711277891,0.000175852095708251,0.000166536789038219,0.000168730039149523,0.000144703677506186,0.000121654840768315,0.000108395259303506,0.000127818610053509,0.000167040809174068,0.000156165609951131,0.000141255819471553,0.000153842120198533,0.000171765932464041,0.000126256083603948,0.000140838936204091,0.000157488233526237,
1943.0,0.00018878722039517,0.000176110581378452,0.00014569923223462,0.000133748442749493,0.000113918125862256,0.000124118480016477,0.000136479327920824,0.000168141443282366,0.000147923288750462,0.000177111753146164,0.000133412380819209,0.000145834652357735,0.000180525661562569,0.000190028702490963,0.00017800230125431,0.00017811227007769,0.000147500119055621,0.000186402190593071,0.000193214596947655,0.000180378556251526,0.000129503881908022,0.000174960150616243,0.000115080591058359,0.000173663444002159,0.000179272567038424,0.000195038839592598,0.0001663157454459,0.000146638019941747,0.000107864965684712,0.000141727432492189,0.000137219452881254,0.000164881756063551,0.00020292897534091,0.000187908954103477,0.000175827939528972,0.000176453744643368,0.000154006978846155,0.00013094193127472,0.000119023039587773,0.000136108748847619,0.000176396613824181,0.000164980316185392,0.00014940305845812,0.000163575838087127,0.000182334173587151,0.000135297770611942,0.000150313062476926,0.000167998412507586,
1944.0,0.0002022930275416,0.000182634306838736,0.000156359019456431,0.000142714503454044,0.000120728545880411,0.000129857871797867,0.000142066070111468,0.000176536326762289,0.000153143730130978,0.000191145547432825,0.000146503210999072,0.000156295325723477,0.000191128725418821,0.000203775562113151,0.000189933241927065,0.000187578159966506,0.000157170230522752,0.000199827540200204,0.000204834010219201,0.000190384918823838,0.000145983198308386,0.000190249775187112,0.000118640033178963,0.000178728107130155,0.000187043362529948,0.000205020973226056,0.000169987819390371,0.000158174181706272,0.00011670017556753,0.000149436149513349,0.000144030636874959,0.000177654816070572,0.00021433642541524,0.000198617781279609,0.000185147466254421,0.000181465948116966,0.000163780190632679,0.000143197146826424,0.000137073133373633,0.000148705221363343,0.000183704309165478,0.000175296954694204,0.000157283458975144,0.000172616200870834,0.000193529122043401,0.00014005831326358,0.000159505798364989,0.000178059301106259,
1945.0,0.000212070663110353,0.000191323735634796,0.000165125951752998,0.000149043858982623,0.000126943647046573,0.000134282672661357,0.000148166494909674,0.000186190678505227,0.000160916984896176,0.000200202164705843,0.000153155488078482,0.000165178833412938,0.000200436828890815,0.000215253894566558,0.000198020978132263,0.000196150926058181,0.000166872225236148,0.000209566118428484,0.000214200845221058,0.00019959852215834,0.000153511384269223,0.000199617090402171,0.00012522102042567,0.000186551318620332,0.000194827603991143,0.000215256397495978,0.000179920913069509,0.00016851958935149,0.000123078585602343,0.000157240399857983,0.000151961547089741,0.000186549819773063,0.000225316383875906,0.000208229903364554,0.000192800143850036,0.000189374826732092,0.000171790888998657,0.000151518863276578,0.000144931211252697,0.000156690162839368,0.000192211387911811,0.000185338532901369,0.000165533361723647,0.000182318079168908,0.000202531271497719,0.000149038154631853,0.00016609339218121,0.000186146353371441,
1946.0,0.000221335722017102,0.000201954739168286,0.000171434323419817,0.000152771506691352,0.000134498433908448,0.000139041876536794,0.000154003879288211,0.000197066037799232,0.000169329257914796,0.000207603385206312,0.000155451474711299,0.000173255291883834,0.000209714169614017,0.000228204793529585,0.000206944649107754,0.000204642274184152,0.00017653864051681,0.000217701846850105,0.000222312839468941,0.000205869844648987,0.000157081449287944,0.000205302058020607,0.000133964858832769,0.000195754910237156,0.000202617316972464,0.000224909555981867,0.00019403790065553,0.000180099654244259,0.000130179425468668,0.000161414878675714,0.000160614159540273,0.000192942126886919,0.000234923689276911,0.000215958294575103,0.000200584065169096,0.000199146845261566,0.000179844166268595,0.000160117429913953,0.000148248043842614,0.000161872318130918,0.000203113639145158,0.000198310546693392,0.000176425775862299,0.000194098145584576,0.000212356491829269,0.000159417104441673,0.000171045889146626,0.00019274179066997,
1947.0,0.000232361780945212,0.000211537815630436,0.000179195863893256,0.000156408597831614,0.000137279072077945,0.000141560725751333,0.000158564827870578,0.000209089354029857,0.000177052759681828,0.000216883010580204,0.000155926201841794,0.000178861853783019,0.00021723507961724,0.000235751227592118,0.00021445713355206,0.000212266982998699,0.000186362973181531,0.00022414511477109,0.00023266275820788,0.000213997918763198,0.000158652648678981,0.000212392973480746,0.000141099284519441,0.000206183351110667,0.000209572783205658,0.000230134173762053,0.000203589661396109,0.000188072604942136,0.000134463218273595,0.000170317289303057,0.000167318212334067,0.000199379748664796,0.000245994422584772,0.000220175366848707,0.000204135023523122,0.000210709680686705,0.000186367513379082,0.000165593810379505,0.000154265741002746,0.000165879973792471,0.000215422856854275,0.000212064449442551,0.000182850082637742,0.000204458774533123,0.000222731527173892,0.000165689532877877,0.000176872112206183,0.000198761292267591,
1948.0,0.00023530783073511,0.000216845961404033,0.000184681528480724,0.00016208304441534,0.000138005168992095,0.000142029253765941,0.000165037345141172,0.000219108085730113,0.000181223978870548,0.00021710641158279,0.000160247465828434,0.00018546792853158,0.000222624541493133,0.000238895081565715,0.000216716274735518,0.00021775379718747,0.00019381262245588,0.000228477700147778,0.000241147485212423,0.000225256240810268,0.000160350478836335,0.00021601036132779,0.000145041456562467,0.000216936532524414,0.000216523752897047,0.000236851337831467,0.000211249323911034,0.000193806699826382,0.00013661730918102,0.000180229602847248,0.000173874548636377,0.000204560128622688,0.000257725041592494,0.000228680321015418,0.000208696263143793,0.000217467124457471,0.000189959042472765,0.000167508755112067,0.000154096211190335,0.000169166625710204,0.000221864363993518,0.000218358240090311,0.000188991354661994,0.000211308914003894,0.000229857163503766,0.000173215550603345,0.000180053044459783,0.000202237046323717,
1949.0,0.000236471591051668,0.000221576687181368,0.000186987948836759,0.000169367209309712,0.000143541154102422,0.000145816753502004,0.000172305561136454,0.00022534656454809,0.000183258322067559,0.000218166707782075,0.000161811563884839,0.000188988633453846,0.000224354793317616,0.000240424138610251,0.000219692068640143,0.000219922920223325,0.00019606642308645,0.000233309940085746,0.000248523079790175,0.000234421881032176,0.000157721777213737,0.000216072148759849,0.000153520988533273,0.000223202499910258,0.000219485969864763,0.000242831854848191,0.000218927380046807,0.000197798042790964,0.000141342330607586,0.000181613606400788,0.000176907837158069,0.000206835218705237,0.00026505792629905,0.000235930099734105,0.0002161792217521,0.000222000933717936,0.000194964886759408,0.00016812038666103,0.000155498797539622,0.00017081388796214,0.000226742573431693,0.000227097116294317,0.00019667056039907,0.000213832521694712,0.000237080690567382,0.000181025432539172,0.000181346738827415,0.000206205164431594,
1950.0,0.000237478801864199,0.00022329596686177,0.00018667071708478,0.000174008280737326,0.000145843005157076,0.000148919702041894,0.000175467997905798,0.000226249001570977,0.000184757533133961,0.000219840861973353,0.000164902230608277,0.000192374820471741,0.000222068876610138,0.000239610293647274,0.000221798181883059,0.000222850663703866,0.000195030952454545,0.000235610728850588,0.000252312165684998,0.00023795836023055,0.000158437323989347,0.00021831261983607,0.000153489454532973,0.000228216071263887,0.000220263638766482,0.000246542418608442,0.000215802749153227,0.000196435023099184,0.000140786214615218,0.000182168922037818,0.000175810331711546,0.000206595228519291,0.000266618299065158,0.000242030218942091,0.000219496534555219,0.000226713047595695,0.000198957903194241,0.000164584911544807,0.00015760881069582,0.000173532680491917,0.000230550387641415,0.000231180718401447,0.000196972585399635,0.000213111110497266,0.000240533219766803,0.000181824958417565,0.000184035743586719,0.000207946912269108,
1951.0,0.000235801868257113,0.000224557268666103,0.000186450211913325,0.000178063986822963,0.000148861581692472,0.000151837681187317,0.000176534114871174,0.000222575137740932,0.000183659067261033,0.000215737425605766,0.000170735758729279,0.000194320367882028,0.000219093082705513,0.000239314293139614,0.000223318755161017,0.00022614277258981,0.000189243204658851,0.000237866057432257,0.000253286561928689,0.00023986806627363,0.000163183634867892,0.000219559675315395,0.000149823230458423,0.000229702243814245,0.00022141014051158,0.000249934644671157,0.000209575402550399,0.00019476811576169,0.000139942218083888,0.000184511096449569,0.000174559187144041,0.000205378048121929,0.000266809191089123,0.00024761917302385,0.000220154208363965,0.000227082724450156,0.000198053137864918,0.000165540011948906,0.000155575020471588,0.000175393710378557,0.000230634293984622,0.000229566954658367,0.000195935412193649,0.000211848469916731,0.000241920832195319,0.000181538081960753,0.000184865333721973,0.00020662737370003,
1952.0,0.00023276153660845,0.000228862510994077,0.00018662643560674,0.000179169495822862,0.000155024288687855,0.000152570573845878,0.000176926900167018,0.000218225279240869,0.000181349023478106,0.000214620187762193,0.000172718515386805,0.000194985463167541,0.000219246590859257,0.000238295760937035,0.000222420319914818,0.000226702861255035,0.000186198973096907,0.000235908883041702,0.000254692480666563,0.000235640254686587,0.000165885663591325,0.000220917645492591,0.000151306507177651,0.000226046598982066,0.000219933601329103,0.000252313941018656,0.000208718731300905,0.000194595588254742,0.000138627394335344,0.000184345932211727,0.000176017332705669,0.000204722149646841,0.000264871661784127,0.000248237251071259,0.000216781365452334,0.000230072197155096,0.000197211018530652,0.00016902839706745,0.000155795074533671,0.000176449684659019,0.000229851633775979,0.000228503573453054,0.000193044761545025,0.000210342623176984,0.000240326990024187,0.000184074917342514,0.000184501172043383,0.00020753379794769,
1953.0,0.000233768281759694,0.000231758443987928,0.000185946904821321,0.000176803325302899,0.000157074915478006,0.000154088222188875,0.000174744840478525,0.00021639779151883,0.000180822185939178,0.000214694431633689,0.000171269974089228,0.000195471220649779,0.000223022056161426,0.000235976796830073,0.000222461298108101,0.000228631790378131,0.000188305581104942,0.000231911355513148,0.000254542654147372,0.000231925689149648,0.00017146731261164,0.00022070063278079,0.000150805135490373,0.000224735194933601,0.000220602567424066,0.000255938328336924,0.000208603407372721,0.000194079504581168,0.000131421809783205,0.000186415723874234,0.000179198032128625,0.000203610732569359,0.000263779336819425,0.000245804520091042,0.000214560190215707,0.000235782470554113,0.000196866545593366,0.000173385458765551,0.000156306676217355,0.00017692765686661,0.00023145139857661,0.000227978773182258,0.000188313482794911,0.000211116595892236,0.000237522850511596,0.00018446717876941,0.00018480206199456,0.000208424840820953,
1954.0,0.000237705113249831,0.00023311929544434,0.000188063946552575,0.00017920027312357,0.00015841651475057,0.000157347720232792,0.000177340480149724,0.000217445864109322,0.000182166259037331,0.000214787491131574,0.000171666892128997,0.000195394473848864,0.000230538149480708,0.000238716442254372,0.000228966804570518,0.000232451013289392,0.000189376340131275,0.00023706434876658,0.000256253988482058,0.000235520768910646,0.000178457048605196,0.000223678725888021,0.000152827255078591,0.000223950861254707,0.000222893533646129,0.000258625252172351,0.000210202560992911,0.000196255496121012,0.000130196931422688,0.00019184232223779,0.000180951436050236,0.000204930242034607,0.000266795337665826,0.000241857502260245,0.000219303779886104,0.000237407090025954,0.00019622351101134,0.000180306713446043,0.000159000104758888,0.000176526678842492,0.000232545600738376,0.000232396283536218,0.000189752186997794,0.0002162107557524,0.000239538232563064,0.000184644828550518,0.000187069963430986,0.00021584439673461,
1955.0,0.000242163834627718,0.000236826468608342,0.000195987217011862,0.000182669478817843,0.00016316409164574,0.000160995157784782,0.000181745926965959,0.000223547118366696,0.000187517463928089,0.000222300630412064,0.000176893678144552,0.000199891932425089,0.000239849934587255,0.000246407580561936,0.000238546374021098,0.000239112894632854,0.000194705309695564,0.000246572977630422,0.000263844209257513,0.000240386667428538,0.000185123310075141,0.000230935664149001,0.000159696079208516,0.000227188022108749,0.000229831246542744,0.000265023787505925,0.000217887674807571,0.000204399577341974,0.000136242393637076,0.0001961684320122,0.000186020246474072,0.000210656275157817,0.000272114091785625,0.000245695817284286,0.00022765489120502,0.000243692251387984,0.000202224560780451,0.000186856632353738,0.000162015989189968,0.00018019147682935,0.000237974498304538,0.000241624089539982,0.000194281310541555,0.000222318660235032,0.000247207965003327,0.000189250597031787,0.000193308020243421,0.000224155373871326,
1956.0,0.000256023951806128,0.000249440461630002,0.000208726210985333,0.000192375839105807,0.0001726057525957,0.00017024356930051,0.000191591971088201,0.000235331084695645,0.000197497240151279,0.000237893400480971,0.00018830994667951,0.000210191050427966,0.000254005455644801,0.000261110253632069,0.00025336496764794,0.000251065997872502,0.000205649164854549,0.0002618495200295,0.000280713196843863,0.000252344092587009,0.000194103282410651,0.000243256727117114,0.000169080260093324,0.000241242931224406,0.000243836228037253,0.000278852327028289,0.000231826183153316,0.000215974258026108,0.000145466285175644,0.000207957418751903,0.000197341607417911,0.000222235263208859,0.000286614813376218,0.000259612948866561,0.000241451867623255,0.000259037129580975,0.000214333485928364,0.00019718412659131,0.000170529281604104,0.000191404833458364,0.000252862693741918,0.000255753693636507,0.000205417236429639,0.000235392042668536,0.000262584566371515,0.000198920795810409,0.000203959658392705,0.000238031134358607,
1957.0,0.000277502520475537,0.000264969276031479,0.000226048316108063,0.000204217649297789,0.0001840023760451,0.000183319541974925,0.00020427985873539,0.000250069773755968,0.000212741841096431,0.000259121967246756,0.000204358148039319,0.000224390285438858,0.000269661541096866,0.000280190230114385,0.000271374301519245,0.000266444229055196,0.000219016292248853,0.000283775967545807,0.000303073524264619,0.000267993367742747,0.000204077921807766,0.00025761520373635,0.000180529023054987,0.00026259632431902,0.000262869201833382,0.000296851474558935,0.000250356417382136,0.000229573954129592,0.000158708309754729,0.000222444126848131,0.000211494247196242,0.000236105857766233,0.000306205038214102,0.000281379092484713,0.000260094180703163,0.000279243744444102,0.000232497899560258,0.000208097553695552,0.000180577364517376,0.000208544675842859,0.000275257421890274,0.000274871796136722,0.0002210507664131,0.000252239784458652,0.000283540051896125,0.00020996319653932,0.00021845826995559,0.000255283899605274,
1958.0,0.000303538661682978,0.000290334282908589,0.000247457937803119,0.00022716136300005,0.000200625698198564,0.000201633738470264,0.000224973948206753,0.000272629491519183,0.000232062608120032,0.000289853167487308,0.000225415948079899,0.000243268485064618,0.000292284734314308,0.000310914387227967,0.00029891703161411,0.00028833735268563,0.00023779617913533,0.000310739153064787,0.000331931631080806,0.000294542289339006,0.000215486768865958,0.000282789609627798,0.000194782915059477,0.00029230272048153,0.000286828348180279,0.000322649575537071,0.000275331054581329,0.000249136151978746,0.000177309615537524,0.000247001880779862,0.000229184646741487,0.000258922518696636,0.000333550153300166,0.000309412105707452,0.000285316666122526,0.000305528577882797,0.00025233457563445,0.000222787886741571,0.000197285276954062,0.000231320358579978,0.00030203175265342,0.000299422710668296,0.000244836148340255,0.000278118561254814,0.000313757045660168,0.000229552460950799,0.000236207793932408,0.000280965934507549,
1959.0,0.000332404801156372,0.000325395812978968,0.000273989862762392,0.000255917955655605,0.000224091359996237,0.000225030540605076,0.000248459080467001,0.00030585631611757,0.00025675754295662,0.000328068941598758,0.000252140365773812,0.000269622862106189,0.000322022649925202,0.000348559056874365,0.000331351533532143,0.000315989018417895,0.000267401279415935,0.000340491853421554,0.000371386500773951,0.000329504953697324,0.000233649363508448,0.000312636111630127,0.000214548679650761,0.000329570262692869,0.000318451347993687,0.000360615173121914,0.000306038098642603,0.000277254381217062,0.000197996938368306,0.000276865321211517,0.000257352570770308,0.000290346739348024,0.000368783075828105,0.000347195717040449,0.000319145241519436,0.000341137463692576,0.00027938568382524,0.000245183386141434,0.000219053690670989,0.000256308499956504,0.000332850846461952,0.000330103881424293,0.00027223871438764,0.000309375463984907,0.000351447699358687,0.000259229971561581,0.000259286083746701,0.00030658786999993,
1960.0,0.000373538845451549,0.000364660314517096,0.000305084831779823,0.000287937989924103,0.000247629825025797,0.000255857012234628,0.000281569926301017,0.000345090578775853,0.000287442235276103,0.00036949003697373,0.000283043831586838,0.000303492037346587,0.000359932950232178,0.000390911329304799,0.000367290980648249,0.000351522088749334,0.000301171647151932,0.000377427932107821,0.000419096497353166,0.000369940651580691,0.000260500790318474,0.000348716101143509,0.000238526685279794,0.000374044670024887,0.000355457508703694,0.00040304526919499,0.000343300896929577,0.000310089031700045,0.00022029405226931,0.000308944057906047,0.000290773954475299,0.000327852234477177,0.000416407361626625,0.00039367625140585,0.000358252349542454,0.000383965758373961,0.000314388715196401,0.000273428682703525,0.000247368006967008,0.000287441769614816,0.000368506676750258,0.000366078078513965,0.000309652939904481,0.000344322354067117,0.000395884446334094,0.000289435178274289,0.000290567200863734,0.000342174724210054,
1961.0,0.000423426186898723,0.000404696766054258,0.000338820012984797,0.000323980842949823,0.000271475029876456,0.000289782939944416,0.000321050814818591,0.000388714426662773,0.000326406472595409,0.000417160510551184,0.000312563963234425,0.000339109275955707,0.000407452054787427,0.000440643780166283,0.000413403759011999,0.000397403782699257,0.000340492639224976,0.000420140975620598,0.000466758734546602,0.000416079710703343,0.000293300719931722,0.000396071176510304,0.000268189265625551,0.000422305020038038,0.000397773052100092,0.000450044608442113,0.000387010222766548,0.000349491892848164,0.000246117619099095,0.000347138935467228,0.000323844113154337,0.000368828885257244,0.000467344478238374,0.000441735930508003,0.000403162033762783,0.000428684172220528,0.000350011454429477,0.000305904279230163,0.000278718653135002,0.000322120235068724,0.000409202795708552,0.000405961036449298,0.000351054361090064,0.000385486375307664,0.000444827193859965,0.000321682106005028,0.000327648216625676,0.000381735066184774,
1962.0,0.00047639204422012,0.000448229664471,0.000379553064703941,0.00035832796129398,0.000301377207506448,0.000323871907312423,0.000356537842890248,0.00043593454756774,0.000366724416380748,0.000466274883365259,0.000348411122104153,0.000379100325517356,0.000454367109341547,0.000495130370836705,0.000460964278317988,0.000447446771431714,0.000380842771846801,0.000469553633593023,0.000517455686349422,0.000465287856059149,0.000331191637087613,0.000445113895693794,0.000302936910884455,0.000469701539259404,0.000446297635789961,0.000506834592670202,0.000433971872553229,0.000393391295801848,0.00027270449209027,0.000384135026251897,0.000359600060619414,0.000409654632676393,0.000520133122336119,0.00049335794756189,0.0004531980084721,0.000474273052532226,0.000391411973396316,0.000343672756571323,0.000309561903122813,0.000358534540282562,0.000451903557404876,0.000451926665846258,0.000391144509194419,0.000428421568358317,0.000494299572892487,0.000357595214154571,0.000367790984455496,0.000421876757172868,
1963.0,0.000532220699824393,0.000494560750667006,0.0004230729828123,0.000393223046557978,0.00033067655749619,0.000357957847882062,0.000397802272345871,0.00048462170525454,0.000406259059673175,0.000519342429470271,0.000388025364372879,0.000423697900259867,0.000503555464092642,0.000552929297555238,0.000510288926307112,0.000499893329106271,0.000419879186665639,0.000521975627634674,0.000574486912228167,0.000516008585691452,0.000370747438864782,0.000501484901178628,0.000338677171384916,0.000520646048244089,0.000501206319313496,0.000565014022868127,0.000485969358123839,0.000439085677498952,0.000298878847388551,0.000419191201217473,0.000396714895032346,0.000452520267572254,0.00057986582396552,0.000549868273083121,0.00049784011207521,0.000525360926985741,0.000435970956459641,0.00038387588574551,0.000343607622198761,0.000400880468077958,0.000499997404403985,0.000499798799864948,0.000436687492765486,0.000470565457362682,0.000545094895642251,0.000391607580240816,0.000408645864808932,0.000469042046461254,
1964.0,0.000588525144848973,0.000544978713151068,0.000462789234006777,0.000432040920713916,0.000361269223503768,0.000392011337680742,0.000440764881204814,0.000531948753632605,0.000450450141215697,0.000574498146306723,0.000425727339461446,0.000465789780719206,0.000556361977942288,0.000610479735769331,0.000564572459552437,0.000552558223716915,0.000464134674984962,0.000577877450268716,0.000632391951512545,0.000567825802136213,0.000407897983677685,0.000558490923140198,0.000376922893337905,0.000573993311263621,0.00055994774447754,0.000620312173850834,0.000536512408871204,0.000484190532006323,0.000327974819811061,0.000459730625152588,0.000435490917880088,0.000496560300234705,0.000638563535176218,0.000601745268795639,0.000542140973266214,0.000579669896978885,0.000476262619486079,0.000422885088482872,0.000381095305783674,0.000441252515884116,0.000555691076442599,0.000547072384506464,0.000480185903143138,0.00051987956976518,0.00059584277914837,0.000428505940362811,0.000446596561232582,0.000517967389896512,
1965.0,0.000638717785477638,0.000598259968683124,0.0005015111528337,0.000472866755444556,0.000396248768083751,0.000428145111072809,0.000479377515148371,0.000578767620027065,0.000494617444928735,0.000623781059402972,0.000467717385618016,0.000507463875692338,0.00060408579884097,0.000665244471747428,0.000614144548308104,0.00060311023844406,0.000508160155732185,0.00063241709722206,0.000688422587700188,0.000619756465312094,0.000444780947873369,0.000606811430770904,0.000413047091569752,0.000625040556769818,0.000617106794379652,0.000676707073580474,0.000584004272241145,0.000526593299582601,0.000357739307219163,0.000498864392284304,0.000475040782475844,0.00054056552471593,0.000696088827680796,0.00065130804432556,0.000594223965890706,0.000632544979453087,0.000520224159117788,0.000458579190308228,0.000418471347074956,0.000478548579849303,0.000607278198003769,0.000597643200308084,0.000523322203662246,0.0005687031080015,0.000648208719212562,0.000469768943730742,0.000485030002892017,0.000568018469493836,
1966.0,0.000686968967784196,0.000651099486276507,0.000539802480489016,0.000513583712745458,0.00042795212357305,0.000465852004708722,0.000519298017024994,0.000626410590484738,0.000540057895705104,0.000673697621095926,0.000509131350554526,0.000548044568859041,0.000652571034152061,0.00071735045639798,0.000663254060782492,0.000653116556350142,0.000552277197130024,0.000681518693454564,0.000747227284591645,0.000671697547659278,0.000484543037600815,0.000654449744615704,0.000446720863692462,0.000678133452311158,0.000668061431497335,0.000732270360458642,0.00062923162477091,0.000568174873478711,0.000387017760658637,0.000536176026798785,0.000513978535309434,0.000585088564548641,0.000755712739191949,0.00070314115146175,0.000643778592348099,0.000686172861605883,0.00056234176736325,0.000494475825689733,0.000454781285952777,0.000514284358359873,0.000655118492431939,0.000647785840556026,0.000562408356927335,0.000612194591667503,0.000702502438798547,0.000507273245602846,0.000527796510141343,0.000616938981693238,
1967.0,0.000735118752345443,0.000699728145264089,0.0005786411347799,0.000551864504814148,0.000457675225334242,0.000499267363920808,0.000557775318156928,0.000672329624649137,0.000583154323976487,0.000721402524504811,0.000546834548003972,0.000587187125347555,0.000700205157045275,0.000767152581829578,0.000710420659743249,0.000702094519510865,0.000594114069826901,0.00072978314710781,0.000803289003670216,0.000720081035979092,0.00052124698413536,0.000700061325915158,0.000481212511658669,0.00072763062780723,0.000715252477675676,0.00078496866626665,0.000671897898428142,0.000609129841905087,0.00041655171662569,0.000572804070543498,0.000550015363842249,0.000626200810074806,0.000812131096608937,0.000754141306970268,0.000690717250108719,0.000736687623430043,0.000602649000938982,0.000528847449459136,0.000489459955133498,0.00054877094225958,0.000701568729709834,0.000693362089805305,0.000598736747633666,0.000657005759421736,0.000754807202611119,0.000544912763871253,0.000568121438845992,0.000661527621559799,
1968.0,0.000782205548603088,0.000746007252018899,0.000618025776930153,0.000589968345593661,0.000488403311464936,0.000532211852259934,0.000594798184465617,0.000717425369657576,0.000628470617812127,0.000764605880249292,0.000583892688155174,0.000623942236416042,0.000748799124266952,0.000810777652077377,0.000755349115934223,0.000753375701606274,0.000636437151115388,0.000774615851696581,0.000857298553455621,0.000764502154197544,0.00055698910728097,0.000739984912797809,0.000518522516358644,0.00077478465391323,0.000756178284063935,0.000835568585898727,0.000711834582034498,0.000648311513941735,0.000448733277153224,0.000609273964073509,0.000583260378334671,0.000663695740513504,0.000866832095198333,0.000804675393737853,0.000740603776648641,0.000784462376032025,0.0006453832029365,0.000559629464987665,0.000524965114891529,0.000580676714889705,0.000744978431612253,0.000736457062885165,0.000630826107226312,0.00070336158387363,0.000810550933238119,0.000584551715292037,0.00061103020561859,0.000701718556229025,
1969.0,0.000827221956569701,0.000789389130659401,0.000655833689961582,0.000625551503617316,0.000515456486027688,0.000560413289349526,0.000630259572062641,0.000758792681153864,0.000666758161969483,0.000809079909231514,0.000617479381617159,0.000659962301142514,0.000791459809988737,0.000857611245010048,0.000798171269707382,0.000800094741862267,0.000674396113026887,0.000819863751530647,0.000908106914721429,0.000809953489806503,0.000590117648243904,0.000781256938353181,0.000549268152099103,0.000820093147922307,0.000797718297690153,0.00088323064846918,0.000750479637645185,0.000687242660205811,0.000476654269732535,0.00064453884260729,0.000615466153249145,0.000701996206771582,0.00091785442782566,0.000853012839797884,0.000785293930675834,0.000829318712931126,0.000682144658640027,0.000591768010053784,0.000555260921828449,0.000613578362390399,0.000788154196925461,0.000779134687036276,0.000663998071104288,0.000744379009120166,0.000858850369695574,0.000619790575001389,0.00064964551711455,0.000741491618100554,
1970.0,0.000871009426191449,0.000828963820822537,0.000694495858624578,0.000658876437228173,0.000538515974767506,0.000583509856369346,0.00066420208895579,0.000797956890892237,0.000700361968483776,0.000854206213261932,0.000647001201286912,0.00069453363539651,0.000831645098514855,0.000904826738405973,0.000838826061226428,0.000844744849018753,0.000709527870640159,0.00086294166976586,0.000957945245318115,0.000856253027450293,0.000621904095169157,0.000821384834125638,0.000575301935896277,0.000863185152411461,0.000834366655908525,0.000929132278542966,0.000785987940616906,0.000726010417565703,0.000502121227327734,0.000677409232594073,0.000644671847112477,0.000739357143174857,0.000966535822954029,0.000901982362847775,0.000825150811579078,0.000871214491780847,0.000714128371328115,0.000624776526819915,0.000581853149924427,0.000646564702037722,0.000829412892926484,0.000819523411337286,0.000693236477673054,0.000781163980718702,0.00090328132500872,0.000652285409159958,0.000685975886881351,0.00077816704288125,
1971.0,0.000913732103072107,0.000868471339344978,0.000730064348317683,0.000689535052515566,0.000560052343644202,0.000605021603405476,0.000699210679158568,0.000837094325106591,0.000733444467186928,0.000897028075996786,0.00067559361923486,0.000729842577129602,0.00086974463192746,0.000952629779931158,0.000879552331753075,0.00088447640882805,0.000741980795282871,0.000908943475224078,0.00100631476379931,0.000894615717697889,0.00065053696744144,0.000864654022734612,0.000606179004535079,0.00090482085943222,0.000875845435075462,0.000970638531725854,0.00082255172310397,0.00076433434151113,0.000529555545654148,0.00071240245597437,0.000676093332003802,0.000775965920183808,0.00101440271828324,0.000948249769862741,0.00086287735030055,0.000914116972126067,0.000745503697544336,0.000655968324281275,0.000607796246185899,0.000677378091495484,0.000871514668688178,0.000855171820148826,0.000727164500858635,0.000823604932520539,0.000944336410611868,0.000685005274135619,0.000718907220289111,0.000815093051642179,
1972.0,0.000958074000664055,0.000907815934624523,0.000761995383072644,0.00072282791370526,0.000585846835747361,0.000631011964287609,0.00073281122604385,0.00087518326472491,0.000764364551287144,0.000941172824241221,0.000705024402122945,0.000766144774388522,0.000905967492144555,0.000997575232759118,0.000920835824217647,0.000923015992157161,0.000773725041653961,0.000955661118496209,0.00104853755328804,0.000936014577746391,0.000678214768413454,0.000907291076146066,0.000633550458587706,0.000947267806623131,0.000920799269806594,0.00101309549063444,0.000861821055877954,0.000801782298367471,0.000553050369489938,0.000749598897527903,0.000709473562892526,0.00080893823178485,0.00105867115780711,0.000988766900263727,0.000902839994523674,0.000956459087319672,0.000775185122620314,0.000686323910485953,0.000632567040156573,0.000708301900885999,0.000914609059691429,0.000895977020263672,0.000763625430408865,0.000862368731759489,0.000985266640782356,0.00071582302916795,0.000755315355490893,0.000854747660923749,
1973.0,0.00100371113512665,0.000949340232182294,0.000797227490693331,0.000754567969124764,0.000609987124335021,0.000663956627249718,0.000764323107432574,0.000913008989300579,0.000792293518316001,0.000983762554824352,0.000734013912733644,0.00080219266237691,0.000942138372920454,0.00104254868347198,0.000961662677582353,0.000958740536589175,0.000806688738521189,0.00100008433219045,0.00109014078043401,0.000979067874141037,0.000707290833815932,0.000949086912441999,0.000656002957839519,0.00099133572075516,0.000962319318205118,0.0010587687138468,0.000894476368557662,0.000837483326904476,0.00057449092855677,0.0007851273403503,0.00074240704998374,0.000844844209495932,0.00110321876127273,0.00102836487349123,0.000937897944822907,0.0010011070407927,0.000802546041086316,0.000720116775482893,0.000657393888104707,0.00074046291410923,0.000956967181991786,0.000935922493226826,0.000798339548055083,0.000896662648301572,0.00102423469070345,0.000743514974601567,0.000789946818258613,0.000898285768926144,
1974.0,0.00104612985160202,0.000988932093605399,0.000831602548714727,0.000787657860200852,0.000635314441751689,0.000695819559041411,0.00079731090227142,0.000952650036197156,0.000821956666186452,0.00102276622783393,0.000765289587434381,0.000837563129607588,0.00098072225227952,0.0010904116788879,0.00100305408705026,0.000992716988548636,0.000839552783872932,0.00104252994060516,0.00113576592411846,0.00101639528293163,0.000737716036383063,0.00099354179110378,0.000684176513459533,0.00103489495813847,0.00100462231785059,0.00110533821862191,0.000928897352423519,0.000872715609148145,0.000597248028498143,0.000818439293652773,0.000775573076680303,0.00087720638839528,0.00114491395652294,0.00106944027356803,0.000975611386820674,0.00104693172033876,0.000837746832985431,0.000754775537643582,0.000683478428982198,0.000769939855672419,0.000992513028904796,0.000975329952780157,0.000838511215988547,0.000935597287025303,0.00106581940781325,0.000770761107560247,0.000822915288154036,0.000938612094614655,
1975.0,0.00109011854510754,0.00102705240715295,0.000867155089508742,0.00082317047053948,0.000662580248899758,0.000729544146452099,0.000827658397611231,0.000990668311715126,0.000852798344567418,0.00106222147587687,0.000798387569375336,0.000872046628501266,0.00102027179673314,0.00113354541826993,0.00104338908568025,0.00103242322802544,0.000870821240823716,0.00108692469075322,0.00118010980077088,0.00105772085953504,0.000766675395425409,0.00103434198535979,0.000709215877577662,0.00107613054569811,0.00104730681050569,0.00115418469067663,0.000962933467235416,0.000904946296941489,0.000616480188909918,0.00084998068632558,0.000804958923254162,0.00090941262897104,0.00118463684339076,0.00110917305573821,0.00101506151258945,0.00109054567292333,0.000873650540597737,0.000784272793680429,0.000708594743628055,0.00079944561002776,0.00103081564884633,0.0010194523492828,0.000874610675964504,0.000971766130533069,0.00111023616045713,0.000799484318122268,0.00085363449761644,0.000976347422692925,
1976.0,0.00113135995343328,0.00106232019606978,0.000903570500668138,0.000854469777550548,0.000686477753333747,0.000761846138630062,0.000854747777339071,0.00102288741618395,0.000884134380612522,0.00109541043639183,0.000829778262414038,0.000900796614587307,0.00105478067416698,0.00117382919415832,0.0010776201961562,0.00107348267920315,0.000901165651157498,0.00112741428893059,0.00122186867520213,0.00109785748645663,0.000797543325461447,0.00107282819226384,0.000734114611987025,0.00111279229167849,0.00108411477413028,0.00119869923219085,0.000990212545730174,0.000933693256229162,0.00063761806814,0.000880081905052066,0.000832303776405752,0.000951177324168384,0.00122479035053402,0.00114886264782399,0.00104855129029602,0.00112778402399272,0.000908292131498456,0.000812262296676636,0.0007354652043432,0.000829540949780494,0.00106610520742834,0.00105745356995612,0.000905916735064238,0.00100527447648346,0.00115405442193151,0.000823933107312769,0.000878406746778637,0.00101249373983592,
1977.0,0.00116985803470016,0.00109684292692691,0.000934037670958787,0.000884971115738153,0.000710734515450895,0.000786266406066716,0.000880392151884735,0.00105328380595893,0.000920039194170386,0.00112739554606378,0.000860395957715809,0.00092784472508356,0.00108837056905031,0.00121534755453467,0.00111253920476884,0.00111316086258739,0.000931096496060491,0.00116412830539048,0.0012635582825169,0.00113400537520647,0.000826766714453697,0.00111062498763204,0.000758810434490442,0.0011463921982795,0.00112074636854231,0.00123734772205353,0.00102179672103375,0.000962100981269032,0.000663239567074925,0.000909753725863993,0.000860832224134356,0.000988334533758461,0.00126260449178517,0.00118886562995613,0.0010868466924876,0.00116348208393902,0.000943981925956905,0.000837748579215258,0.000758350535761565,0.000856504833791405,0.00109717110171914,0.00109133834484965,0.000937744276598096,0.0010419087484479,0.00119425705634058,0.00085011514602229,0.000909113907255232,0.00104448187630624,
1978.0,0.00120828859508038,0.00113528629299253,0.000962979334872216,0.000912907999008894,0.000736430694814771,0.000812115205917507,0.000905346998479217,0.00108854495920241,0.000954490096773952,0.00116490013897419,0.000891154515556991,0.000956682080868632,0.00112196174450219,0.00125227984972298,0.00114863773342222,0.00115162122529,0.000959471974056214,0.00119968282524496,0.00130578828975558,0.00117216305807233,0.000851056887768209,0.00114806136116385,0.00078100647078827,0.00118070922326297,0.00115743686910719,0.00127674522809684,0.00105864054057747,0.00099116750061512,0.000688327651005238,0.000940180907491595,0.000888896640390158,0.00102291046641767,0.00130537094082683,0.00122630724217743,0.00112431903835386,0.00119916338007897,0.000974136404693127,0.000861440785229206,0.000779674504883587,0.000884120760019869,0.00113288743887097,0.00112495420034975,0.000964476086664945,0.00107783137355,0.00123225664719939,0.000880839477758855,0.000944994681049138,0.0010765123879537,
1979.0,0.00124390562996268,0.00116984755732119,0.000987975858151913,0.000937412318307906,0.000761123781558126,0.000837884144857526,0.000932313501834869,0.0011205222690478,0.000979440868832171,0.00119965919293463,0.000918548612389714,0.000980528420768678,0.00115269178058952,0.00128568359650671,0.00117774389218539,0.00118500425014645,0.000987851526588202,0.00123016454745084,0.00134218228049576,0.00120875297579914,0.00087520555825904,0.00118272728286684,0.000801468209829181,0.00121470633894205,0.00118890416342765,0.00131222535856068,0.00109428493306041,0.00102052954025567,0.000712297623977065,0.00096803333144635,0.000916888471692801,0.00105709198396653,0.00134729314595461,0.00125938688870519,0.00115541229024529,0.00123102415818721,0.0010004019131884,0.0008858279325068,0.000804776267614216,0.000912089715711772,0.00116412888746709,0.0011542378924787,0.000991202774457634,0.00111051567364484,0.00126907101366669,0.000907417212147266,0.000975498929619789,0.00110938854049891,
1980.0,0.00127429340500385,0.00120099796913564,0.00101045717019588,0.000958573364187032,0.000780684116762131,0.000859363004565239,0.000956340867560357,0.00114690023474395,0.00100151740480214,0.00123029970563948,0.000940682541113347,0.00100419414229691,0.00118196825496852,0.00131541397422552,0.00120597518980503,0.0012138606980443,0.00101230770815164,0.00125713017769158,0.00137398648075759,0.00123943528160453,0.000897480233106762,0.00121067254804075,0.000818792206700891,0.00124339631292969,0.00121699518058449,0.00134318950586021,0.00112396979238838,0.00104623357765377,0.000730283732991666,0.000989486579783261,0.00093925412511453,0.00108386925421655,0.00138089898973703,0.00128926243633032,0.00118361623026431,0.00126073695719242,0.00102243490982801,0.000906951550859958,0.000826421601232141,0.000936184893362224,0.00119137857109308,0.00118192390073091,0.00101517781149596,0.00113621295895427,0.00129938311874866,0.000930341833736748,0.00100031774491072,0.00113643787335604,
1981.0,0.00129913573618978,0.00123131228610873,0.00102927593979985,0.000977036077529192,0.000797717599198222,0.000877979560755193,0.000980550074018538,0.00117010052781552,0.00101877213455737,0.00126012251712382,0.000959409109782428,0.00102851912379265,0.00121164228767157,0.00134319474454969,0.0012335506035015,0.00123886740766466,0.00103539822157472,0.00127904082182795,0.00140320893842727,0.00126889976672828,0.000916573277208954,0.00123446062207222,0.000832187884952873,0.00126935914158821,0.0012422933941707,0.00137058098334819,0.00115273997653276,0.00107143353670835,0.000745009223464876,0.00100522942375392,0.00095805776072666,0.00110346847213805,0.00140990491490811,0.0013165733544156,0.00121046660933644,0.00128991703968495,0.00104047323111445,0.000927431043237448,0.000846316746901721,0.000958539254497737,0.00121548934839666,0.00120845122728497,0.00103896332439035,0.00115698901936412,0.00132371787913144,0.000953208829741925,0.00102381326723844,0.00115996948443353,
1982.0,0.00132141553331167,0.00125885521993041,0.00104863115120679,0.000992581248283386,0.000810100580565631,0.000894655589945614,0.00100198993459344,0.00119325309060514,0.00103446224238724,0.00128717324696481,0.000974199734628201,0.00104837899561971,0.0012363342102617,0.00136715732514858,0.001258316449821,0.00125808687880635,0.00105391361285001,0.00130226847250015,0.00143022486008704,0.00128891773056239,0.000934245297685266,0.00125289231073111,0.00084540486568585,0.00129515712615103,0.00126372009981424,0.00139572226908058,0.00117469287943095,0.00109282531775534,0.00075376097811386,0.00101934280246496,0.000973227608483285,0.00112134357914329,0.00143509532790631,0.00133977713994682,0.00123157748021185,0.00131448695901781,0.00105567486025393,0.000944582803640515,0.000864144472870976,0.0009779108222574,0.00123771885409951,0.00123500789050013,0.0010572251630947,0.00117443175986409,0.00134684203658253,0.000970778695773333,0.00103887147270143,0.0011789845302701,
1983.0,0.00134247378446162,0.00127647875342518,0.00106394058093429,0.00100521161220968,0.000821848399937153,0.000907964713405818,0.00101834966335446,0.0012121592881158,0.00104585662484169,0.0013056721072644,0.000983548699878156,0.00106137990951538,0.0012538218870759,0.00138501380570233,0.00127636827528477,0.00127405056264251,0.0010687077883631,0.00132489227689803,0.00144773628562689,0.0012987534282729,0.000950524699874222,0.00126360915601254,0.000855459831655025,0.00131635868456215,0.00128006457816809,0.00141419004648924,0.00119099870789796,0.00110948097426444,0.000762509822379798,0.00103261892218143,0.000985739752650261,0.00113715755287558,0.00145445484668016,0.0013587448047474,0.00124914385378361,0.00133334402926266,0.00106953503564,0.0009553610580042,0.000878480612300336,0.000991467037238181,0.00125441292766482,0.00125421152915806,0.00107220013160259,0.0011868707370013,0.00136563763953745,0.000982069177553058,0.00104553194250911,0.00119448662735522,
1984.0,0.00135709473397583,0.00128957058768719,0.00107477640267462,0.00101295195054263,0.000830556615255773,0.000917568395379931,0.00102877896279097,0.00122593389824033,0.00105961470399052,0.00131960154976696,0.000990267493762076,0.00107870576903224,0.00126786739565432,0.00139778014272451,0.00129514350555837,0.00128788594156504,0.00108066899701953,0.0013415397843346,0.00146201404277235,0.00130711938254535,0.00096303119789809,0.001273408299312,0.00086456467397511,0.00132915831636637,0.00129245046991855,0.00142945523839444,0.00120295898523182,0.00112320925109088,0.000770761223975569,0.00104297767393291,0.00099606066942215,0.00114760710857809,0.00146737811155617,0.00137360114604235,0.00126215175259858,0.00134933344088495,0.00108119042124599,0.000965578481554985,0.000886722933501005,0.00100115162786096,0.00126837310381234,0.00126608111895621,0.00108419102616608,0.00119648012332618,0.0013773498358205,0.000989983323961496,0.0010539892828092,0.00120447401423007,
1985.0,0.00136907037813216,0.00129941327031702,0.00108443258795887,0.00102203944697976,0.000837361090816557,0.000924013555049896,0.00103986298199743,0.0012376616941765,0.00107652111910284,0.00133194786030799,0.000996913062408566,0.00109162041917443,0.00127729563973844,0.00141290458850563,0.00131021975539625,0.00129789509810507,0.00109168270137161,0.00135644269175828,0.00147381832357496,0.00131373712792993,0.000968267559073865,0.00128316355403513,0.000872946577146649,0.00134171638637781,0.00130113738123327,0.00144341064151376,0.00121215335093439,0.00113619235344231,0.000778441608417779,0.00105447333771735,0.00100883864797652,0.00115672429092228,0.00147843058221042,0.00138260109815747,0.00127039768267423,0.0013599197845906,0.0010952630545944,0.000974966969806701,0.00089033629046753,0.00101099582388997,0.00127896841149777,0.0012753865448758,0.00109309446997941,0.00121098314411938,0.00138974911533296,0.000997248571366072,0.0010651343036443,0.00121289945673198,
1986.0,0.0013757135020569,0.00130508211441338,0.00109082204289734,0.00102825625799596,0.000845481816213578,0.000931243295781314,0.00104610971175134,0.00124883442185819,0.00108442537020892,0.00134072371292859,0.00100253988057375,0.00109942350536585,0.00128310290165246,0.00142217532265931,0.0013173355255276,0.00130488199647516,0.00109923363197595,0.00136713881511241,0.00148223340511322,0.00132069981191307,0.000968259933870286,0.00129116978496313,0.00088197278091684,0.00135060795582831,0.00130995060317218,0.00145303457975388,0.00122258556075394,0.00114508252590895,0.000786867691203952,0.00106399471405894,0.00102038879413158,0.00116719724610448,0.00149015500210226,0.0013887865934521,0.00127890566363931,0.00136957026552409,0.00110597419552505,0.000981714460067451,0.000892940850462765,0.00101898971479386,0.00128754484467208,0.00127792544662952,0.00109757634345442,0.00122293911408633,0.00139679259154946,0.00100250751711428,0.00107377138920128,0.0012199271004647,
1987.0,0.00137684063520283,0.00130698608700186,0.00109370891004801,0.00103102682624012,0.000847371178679168,0.000934720388613641,0.00104712089523673,0.00125138345174491,0.00108813389670104,0.00134501897264272,0.0010087403934449,0.00110411108471453,0.00128679943736643,0.00142482470255345,0.00132250518072397,0.00130883883684874,0.0011016990756616,0.00137109798379242,0.001487887930125,0.0013269642367959,0.00096871837740764,0.00129959627520293,0.000890065392013639,0.00135123718064278,0.00131814135238528,0.00145847524981946,0.00122802774421871,0.00114923878572881,0.000792174716480076,0.00106754014268517,0.00102748442441225,0.0011706865625456,0.00149718998000026,0.00139055587351322,0.00128323247190565,0.00137506786268204,0.00111097539775074,0.000989562831819057,0.000899127102456987,0.00102343666367233,0.00129295571241528,0.00127590703777969,0.00109875004272908,0.00123130180872977,0.00139920774381608,0.00100329809356481,0.00107837491668761,0.00122521759476513,
1988.0,0.00137577054556459,0.00130591681227088,0.00109393987804651,0.00103314069565386,0.000842737732455134,0.00093232758808881,0.00104584021028131,0.00124868948478252,0.00108914927113801,0.0013441777555272,0.00101091142278165,0.00110157614108175,0.00128652923740447,0.00142503518145531,0.00132047000806779,0.00130728690419346,0.00109944946598262,0.00136877491604537,0.00148710026405752,0.00132816203404218,0.000965837389230728,0.00130168371833861,0.000888748210854828,0.00134627614170313,0.00132036814466119,0.00145928270649165,0.0012258441420272,0.00115088012535125,0.000788726378232241,0.00106799905188382,0.0010295978281647,0.0011708129895851,0.00149688974488527,0.00138708157464862,0.00128169578965753,0.00137300475034863,0.0011104034492746,0.00099150266032666,0.000901933410204947,0.0010252088541165,0.00129190797451884,0.0012757022632286,0.00109601230360568,0.00123406248167157,0.0013983235694468,0.00100353942252696,0.00107872113585472,0.00122863426804543,
1989.0,0.00136898516211659,0.00130129908211529,0.00108908070251346,0.00103275384753942,0.000838820240460336,0.000928363180719316,0.00103801127988845,0.00124648318160325,0.00108062999788672,0.00133911427110434,0.00100627809297293,0.0010950795840472,0.00127977982629091,0.00141431437805295,0.00130960473325104,0.00129886844661087,0.00109273998532444,0.00136058055795729,0.00148232385981828,0.00132560124620795,0.000960250559728593,0.00129561801441014,0.000882419175468385,0.00133950111921877,0.00131751399021596,0.00145299709402025,0.00122029625345021,0.00114411942195147,0.00078149075852707,0.00106742780189961,0.00102503981906921,0.00116814079228789,0.00148991192691028,0.00138126604724675,0.00127940904349089,0.00136484217364341,0.00110246590338647,0.000986987608484924,0.00089869269868359,0.00102251477073878,0.00128403201233596,0.0012689467985183,0.00108863960485905,0.00122419756371528,0.00138875946868211,0.00100066303275526,0.00107394775841385,0.00122611597180367,
1990.0,0.0013540672371164,0.00128407310694456,0.00107371469493955,0.00102219986729324,0.000828611722681671,0.000915894750505686,0.00102636404335499,0.00123016745783389,0.00106533104553819,0.00132401788141578,0.000995350419543684,0.00107911287341267,0.00126162508968264,0.00139242503792048,0.0012930310331285,0.00128322083037347,0.00108080462086946,0.00134415540378541,0.00146485294681042,0.00130919984076172,0.000949830457102507,0.00127939356025308,0.000870223622769117,0.00132343452423811,0.00130254752002656,0.00143298506736755,0.00120655738282949,0.00112830125726759,0.000774253392592072,0.00105469615664333,0.00100691907573491,0.00114932004362345,0.0014716685982421,0.00136364984791726,0.00126452988479286,0.00134453701321036,0.00108517881017178,0.000972171896137297,0.000888283597305417,0.00100701826158911,0.00126654154155403,0.00125078414566815,0.00107493670657277,0.00120168458670378,0.00136806117370725,0.000989997643046081,0.00105685938615352,0.00121283088810742,
1991.0,0.00132402137387544,0.00125510024372488,0.00104668678250164,0.000998669769614935,0.000810403726063669,0.000893344287760556,0.00100563617888838,0.00119993998669088,0.00104027567431331,0.00129322963766754,0.000972947746049613,0.00105646147858351,0.0012320710811764,0.00136019405908883,0.0012622814392671,0.0012557782465592,0.00105835811700672,0.00131070346105844,0.0014317975146696,0.0012814694782719,0.000932239228859544,0.00125059066340327,0.000848232652060688,0.00129639951046556,0.00127247953787446,0.00139966350980103,0.00117805320769548,0.00110569759272039,0.000757792324293405,0.00102846312802285,0.000982860685326159,0.00112180598080158,0.00143561256118119,0.00133154855575413,0.0012334450148046,0.0013134153559804,0.0010570390149951,0.000947914784774184,0.000866434013005346,0.000984804471954703,0.00123916030861437,0.00122478976845741,0.00105129438452423,0.00117162289097905,0.00133563077542931,0.000965529354289174,0.00102837092708796,0.00118658354040235,
1992.0,0.0012763679260388,0.00121249735821038,0.00100975611712784,0.000964736507739872,0.000787985743954778,0.000864645175170153,0.000969906221143901,0.00115617620758712,0.00100239098537713,0.00124747829977423,0.000938250217586756,0.00102476065512747,0.00118742824997753,0.00131087435875088,0.00121408479753882,0.00121226243209094,0.00102002103812993,0.00126360612921417,0.00138122832868248,0.00124126765877008,0.000902810483239591,0.00120449962560087,0.000820943270809948,0.00125619408208877,0.00122746208216995,0.00134761282242835,0.00113225413952023,0.00106624292675406,0.00073275639442727,0.000992571818642318,0.000948489410802722,0.0010818368755281,0.00138215068727732,0.00128606799989939,0.0011882851831615,0.00126531801652163,0.00102005293592811,0.0009133480489254,0.000835594953969121,0.000955154187977314,0.00119695265311748,0.00118137814570218,0.00101320701651275,0.0011283524800092,0.00129049329552799,0.000929221976548433,0.000989130232483149,0.00114280160050839,
1993.0,0.00121237710118294,0.00115241133607924,0.000959340017288923,0.000917240569833666,0.000753747648559511,0.000823961454443634,0.000922852021176368,0.00109709671232849,0.000954245741013438,0.00118562974967062,0.000892318144906312,0.000975385075435042,0.00112828251440078,0.00124557828530669,0.0011532410280779,0.00115315546281636,0.000969573738984764,0.00120096374303102,0.00131087226327509,0.00118226173799485,0.000859559862874448,0.00114397215656936,0.00078261160524562,0.00119664764497429,0.00116659293416888,0.00127792253624648,0.00107461935840547,0.0010135768679902,0.000698924530297518,0.00094275560695678,0.000900293875019997,0.00102686346508563,0.00131326552946121,0.00122383935377002,0.00112807413097471,0.00120178190991282,0.000969671469647437,0.000868845265358686,0.000794998777564615,0.000908834510482848,0.00113695976324379,0.00112190295476466,0.000963375729043037,0.00107166962698102,0.00122812495101243,0.000884114240761846,0.000937773962505162,0.00108550139702857,
1994.0,0.00112957961391658,0.00107381388079375,0.000894389406312257,0.000854011217597872,0.000710100692231208,0.000772852683439851,0.000862238928675652,0.00102063128724694,0.00089537410531193,0.00110524764750153,0.000834516424220055,0.000909520254936069,0.00105269532650709,0.00116384215652943,0.00107858027331531,0.00107866572216153,0.000904803513549268,0.0011225575581193,0.00121875887271017,0.00110335345380008,0.000803231261670589,0.00106744049116969,0.000735579407773912,0.00111880281474441,0.00108971621375531,0.00118802429642528,0.00100169039797038,0.000947239925153553,0.000658209028188139,0.000875991536304355,0.000837456667795777,0.000954675895627588,0.00122809619642794,0.00114388205111027,0.00105016049928963,0.00112188921775669,0.000906504574231803,0.00081354210851714,0.000746062956750393,0.00084670924115926,0.00106030644383281,0.00104484602343291,0.000899765116628259,0.00100220728199929,0.00114929361734539,0.000826776260510087,0.000870442832820117,0.00101154623553157,
1995.0,0.00103112147189677,0.00098272308241576,0.00082037813263014,0.000781744718551636,0.000655038573313504,0.000707775994669646,0.000789426383562386,0.000932901632040739,0.000823131878860295,0.00100982876028866,0.000765281147323549,0.000832958787214011,0.000966256426181644,0.00106718589086086,0.000987908104434609,0.000989098334684968,0.000826252566184849,0.00102716404944658,0.00111278484109789,0.00101371132768691,0.000738004921004176,0.000978048075921834,0.00067479006247595,0.0010271241189912,0.000997733091935515,0.00108562503010035,0.000914571457542479,0.000869240728206933,0.000603761756792665,0.000802064896561205,0.000771124730817974,0.000874885823577642,0.00112315721344203,0.00105065188836306,0.000962165708187968,0.00103035371284932,0.000830979319289327,0.000751645595300943,0.000685540144331753,0.000776209693867713,0.000969900109339505,0.000958937453106046,0.000827097042929381,0.000924288469832391,0.00105519429780543,0.000758048496209085,0.00079685403034091,0.000927246757782996,
1996.0,0.000925182539504021,0.000882939202710986,0.0007417252054438,0.00070200371555984,0.000590270792599767,0.000638428085949272,0.000713135174009949,0.000837538798805326,0.000741542549803853,0.000909311114810407,0.000689323584083468,0.00074796489207074,0.000868094153702259,0.000956833711825311,0.000886730966158211,0.000885529618244618,0.000740927760489285,0.000924415944609791,0.000997534370981157,0.000913998985197395,0.000660968420561403,0.000875871744938195,0.000608725938946009,0.000921073893550783,0.000893313495907933,0.000971703440882266,0.000818709435407072,0.000776813365519047,0.000541765242815018,0.000722345663234591,0.000693940790370107,0.000788955832831562,0.00100839580409229,0.000948284636251628,0.000863674446009099,0.000922799110412598,0.000749896687921137,0.000678797252476215,0.000614177726674825,0.000696992035955191,0.000868123839609325,0.000863486435264349,0.000745334022212774,0.000832765304949135,0.000951613415963948,0.000685529201291502,0.000718967523425817,0.000833480444271117,
1997.0,0.000816203188151121,0.00078172207577154,0.000656854419503361,0.000620564504060894,0.000519246561452746,0.000566971255466342,0.000635969801805913,0.000741042604204267,0.000657373457215726,0.000805744552053511,0.000612252857536078,0.000656647142022848,0.000766251352615654,0.000846922339405864,0.000787224504165351,0.000781207287218422,0.000658177072182298,0.000815294508356601,0.000880807521753013,0.0008089808980003,0.000579111336264759,0.000775427208282053,0.000540716922841966,0.000810046563856304,0.000786074087955058,0.000855857157148421,0.000725826947018504,0.000685747596435249,0.000478481204481795,0.00063737208256498,0.000612764444667846,0.000700153817888349,0.000894293654710054,0.000838747713714838,0.0007612215122208,0.000815378036350012,0.0006643480155617,0.00060239079175517,0.000540264474693686,0.000610300805419683,0.000765011995099485,0.000763603195082396,0.000661059515550733,0.00073738832725212,0.000840963737573475,0.00061184202786535,0.000637617486063391,0.000738949805963784,
1998.0,0.000709694402758032,0.000683794845826924,0.000574034173041582,0.000542942550964653,0.000449319690233096,0.000493088038638234,0.000557938008569181,0.000648548477329314,0.000569439260289073,0.000701792363543063,0.000538862135726959,0.000569766794797033,0.000665936851873994,0.000740653311368078,0.000690088025294244,0.000679456687066704,0.000576945545617491,0.000708001549355686,0.000770268321502954,0.00070891046198085,0.000505595875438303,0.000678492768201977,0.000473410211270675,0.000706402061041445,0.000680665136314929,0.000745105789974332,0.000635008094832301,0.000600409926846623,0.000416558992583305,0.000556542887352407,0.000538886408321559,0.00061546266078949,0.000779248133767396,0.000731359468773007,0.000662937061861157,0.000711606931872666,0.000581427186261863,0.000525494746398181,0.000467718084109947,0.000530543620698154,0.000669567845761776,0.000668307940941304,0.000580021471250802,0.000644228304736316,0.000732567394152284,0.000535450701136142,0.000559526088181883,0.000645792169962078,
1999.0,0.000617451325524598,0.000596487603615969,0.000499585235957056,0.000471143226604909,0.00038614819641225,0.000430076674092561,0.000488120276713744,0.000565850990824401,0.000490914913825691,0.000610847549978644,0.000472449493827298,0.000494011095725,0.000576552003622055,0.000641618622466922,0.000601895852014422,0.00058596080634743,0.000503506977111101,0.00061346881557256,0.00067253562156111,0.000617896323092282,0.000438892107922584,0.000589011760894209,0.000415451475419104,0.00061156926676631,0.000589399074669927,0.000644471263512969,0.000553597172256559,0.00052091118413955,0.000359760946594179,0.000484920776216313,0.000469548016553745,0.000540455454029143,0.00067977950675413,0.000635932199656963,0.000572069315239787,0.00061402766732499,0.000512119382619858,0.000454127177363262,0.000404012680519372,0.000460556650068611,0.00058556062867865,0.000584331108257174,0.000504887022543699,0.000559085339773446,0.000637573190033436,0.000467264530016109,0.000489923288114369,0.0005599693977274,
2000.0,0.000543122354429215,0.000526283401995897,0.000438661780208349,0.000416873081121594,0.000339289981639013,0.000377560005290434,0.000427627033786848,0.000497985573019832,0.000430184765718877,0.000538176856935024,0.000417680916143581,0.00043358706170693,0.000508832570631057,0.000564690271858126,0.000529215903952718,0.000513218983542174,0.000443870987510309,0.00053640641272068,0.000594130833633244,0.000543488189578056,0.000383715087082237,0.000521076784934849,0.000369849934941158,0.000535459665115923,0.00051885237917304,0.000564648886211216,0.000487026118207723,0.000456947542261332,0.000312988006044179,0.000427747145295143,0.000410942389862612,0.000474486354505643,0.000602072395849973,0.000555198872461915,0.000501238740980625,0.000540270353667438,0.000451794068794698,0.000398710457375273,0.0003572293499019,0.000401152385165915,0.000515982101205736,0.0005137724801898,0.000444772915216163,0.000493860978167504,0.000560347107239068,0.00041379444883205,0.000431272434070706,0.000489830563310534,
2001.0,0.000488581194076687,0.000470150116598234,0.000393225025618449,0.000375659466953948,0.000307053327560425,0.000336018216330558,0.000380485143978149,0.000447410915512592,0.000384086684789509,0.000482621311675757,0.000377709104213864,0.000388714368455112,0.000460199546068907,0.00050798588199541,0.000474020780529827,0.000458931608591229,0.0003985044604633,0.000481167313409969,0.000533497659489512,0.000487989309476689,0.000347687600878999,0.000471077742986381,0.000330950395436957,0.000479020265629515,0.000467841746285558,0.000509179895743728,0.000438553892308846,0.000410246895626187,0.000280631822533906,0.000386443134630099,0.000369558722013608,0.000422924757003784,0.000541568384505808,0.000497368164360523,0.00045268886606209,0.00048632500693202,0.000403490237658843,0.000358284130925313,0.000324660359183326,0.000359773286618292,0.000461929943412542,0.000462044932646677,0.000399298325646669,0.000445082230726257,0.000503470364492387,0.000369574321666732,0.000388083251891658,0.000436170783359557,
2002.0,0.000459114089608192,0.000439046911196783,0.000365963438525796,0.000348849425790831,0.000289027841063216,0.000314302946208045,0.000354885007254779,0.00041391295962967,0.000357691431418061,0.000452273234259337,0.000351668102666736,0.000361938960850239,0.000436650909250602,0.000471983250463381,0.000440115894889459,0.00043002498568967,0.000371651694877073,0.000450422056019306,0.000495137472171336,0.000455407047411427,0.000325725297443569,0.000437779643107206,0.000306240865029395,0.000442825345089659,0.000439609721070156,0.000476660759886727,0.00041074282489717,0.000379095785319805,0.000261916720774025,0.000363432918675244,0.000343058491125703,0.000392986636143178,0.000506534415762872,0.000465064542368054,0.000422869750764221,0.000455052242614329,0.00037701620021835,0.000334355921950191,0.00030592258553952,0.000337192032020539,0.000429395528044552,0.000435126479715109,0.000369444140233099,0.000417597097111866,0.000468239362817258,0.000343299674568698,0.000364229141268879,0.000406067876610905,
2003.0,0.000446927442681044,0.000428325962275267,0.00035827120882459,0.00034036667784676,0.000284211128018796,0.000307759532006457,0.000344521831721067,0.000398926495108753,0.000349418056430295,0.000444497360149398,0.000341238745022565,0.000353664363501593,0.000430398737080395,0.000458849885035306,0.000426929938839749,0.000423717545345426,0.000361019861884415,0.000440093514043838,0.000480486662127078,0.000441343698184937,0.000315829209284857,0.000423477671574801,0.000297992868581787,0.000427458493504673,0.000426491897087544,0.000464504875708371,0.000395898357965052,0.000365632527973503,0.000254642334766686,0.000350343005266041,0.000330506300088018,0.000380859622964635,0.000489999889396131,0.000449739571195096,0.000413768604630604,0.0004438245377969,0.000363146391464397,0.000324328517308459,0.000300632062135264,0.00033019800321199,0.000416088529163972,0.00042480620322749,0.000361508660716936,0.000408226071158424,0.000453755521448329,0.000331739662215114,0.000356195494532585,0.00039493027725257,
2004.0,0.000450285791885108,0.000427904160460457,0.000361921149305999,0.000342729443218559,0.000282905268250033,0.000313755357638001,0.00034579963539727,0.000403853948228061,0.000353618350345641,0.000447988451924175,0.000343132443958893,0.000354507268639281,0.000432128814281896,0.000462191732367501,0.000429517414886504,0.000431770778959617,0.000363861850928515,0.000446038087829947,0.000482374161947519,0.000441856886027381,0.000319779472192749,0.000425431702751666,0.000297679624054581,0.000426703452831134,0.000429829233326018,0.000470962229883298,0.00039822407416068,0.000371315982192755,0.000257256557233632,0.000350122689269483,0.000333205098286271,0.000384633778594434,0.000490105128847063,0.000452996289823204,0.000418770097894594,0.000445813988335431,0.000363036087946966,0.000324188760714605,0.000305725901853293,0.000339335791068152,0.000419340882217512,0.00042683826177381,0.000366980530088767,0.000408695865189657,0.000454500521300361,0.000329783215420321,0.000363651110092178,0.000398591044358909,
2005.0,0.000465325982077047,0.000441655807662755,0.000372802256606519,0.000352204981027171,0.00028837617719546,0.000325710163451731,0.000354696298018098,0.000416531023802236,0.000365176354534924,0.000457576214103028,0.000350034242728725,0.000362672319170088,0.000443646422354504,0.000475832901429385,0.000442765216575935,0.000449280603788793,0.000377448159269989,0.000462854775832966,0.000493979488965124,0.000454473891295493,0.00033075810642913,0.000435806519817561,0.000307920476188883,0.00043991461279802,0.000443891942268237,0.00048789125867188,0.00041205040179193,0.000384036567993462,0.000266459363047034,0.000362808088539168,0.00034465832868591,0.000397085648728535,0.000503334507811815,0.0004677303659264,0.000428436353104189,0.000460051523987204,0.000375269097276032,0.000334674405166879,0.000313560449285433,0.000355112308170646,0.000432661676313728,0.000439152878243476,0.000380484852939844,0.000421335047576576,0.000467581528937444,0.000340597005560994,0.000376408395823091,0.000413179077440873,
2006.0,0.00047816036385484,0.000454072724096477,0.000383156992029399,0.00036337657365948,0.000296297163004056,0.000335561897372827,0.00036397174699232,0.000430154876084998,0.000376601703464985,0.000469992781290784,0.000357690441887826,0.000373263319488615,0.000454875029390678,0.000488240126287565,0.000455825094832107,0.000463996810140088,0.000388233194826171,0.000477721245260909,0.000505807169247419,0.000466053141281009,0.000339757039910182,0.000447389931650832,0.000317431607982144,0.000454996043117717,0.000456006324384362,0.000501237285789102,0.000424974510679021,0.000394580187276006,0.000276843289611861,0.000373657007003203,0.000355867203325033,0.000407214654842392,0.000516000087372959,0.000482441711938009,0.000440881791291758,0.000473001651698723,0.000385874474886805,0.000345198612194508,0.00032044091494754,0.000367456930689514,0.00044506712583825,0.000450143998023123,0.000393060472561046,0.000433372537372634,0.000481268507428467,0.000350925518432632,0.000387667329050601,0.000425338774221018,
2007.0,0.000497373868711293,0.000473507825518027,0.000401565979700536,0.000383143575163558,0.000309986673528329,0.000349332025507465,0.000379548786440864,0.000454076973255724,0.000396123941754922,0.000491999788209796,0.000371177622582763,0.000392438552808017,0.000471278763143346,0.000508018361870199,0.000477324123494327,0.00048429548041895,0.000405480968765914,0.000500445021316409,0.000527440279256552,0.000484667776618153,0.000352726725395769,0.00046821782598272,0.00033558692666702,0.000481955124996603,0.000475698849186301,0.000520243484061211,0.000443995493697003,0.000410276144975796,0.000292582350084558,0.000389882130548358,0.000374857365386561,0.000422845827415586,0.000537870684638619,0.000505826610606164,0.000463473581476137,0.000493595958687365,0.000401883909944445,0.00036288081901148,0.000330895185470581,0.000383784528821707,0.000464724493212998,0.000467450561700389,0.000415389949921519,0.000453240500064567,0.00050548097351566,0.000368382665328681,0.000404082995373756,0.000443402939708903,
2008.0,0.0005153170786798,0.000488048448460177,0.000415390852140263,0.000399882468627766,0.000320346123771742,0.000360977312084287,0.000393757974961773,0.000477732246508822,0.000412106717703864,0.000509316625539213,0.000383906735805795,0.000408160121878609,0.000486190663650632,0.000526848074514419,0.000493256899062544,0.000499886635225266,0.000416316615883261,0.000520299188792706,0.000547483738046139,0.000503399758599699,0.000366312859114259,0.000490938604343683,0.000345011561876163,0.00050402240594849,0.000495379616040736,0.000541188637726009,0.000464399374322966,0.00042655345168896,0.000307857379084453,0.000407702376833186,0.000391504989238456,0.000435329973697662,0.000559455715119839,0.000528989126905799,0.000481953087728471,0.000512178055942059,0.000417160044889897,0.000379852717742324,0.000341269333148375,0.000397520430851728,0.000483271869597957,0.00048166120541282,0.000428416358772665,0.000471800740342587,0.000525547482538968,0.000383747566957027,0.000417911855038255,0.000459987379144877,
2009.0,0.000530249031726271,0.000501047936268151,0.000423281075200066,0.000410198961617425,0.000329762668116018,0.000368822744349018,0.000404101971071213,0.000490051286760718,0.000420583703089505,0.000520133529789746,0.000392488611396402,0.000422632263507694,0.000499101472087204,0.00054200371960178,0.000507320684846491,0.000508808938320726,0.000422970275394619,0.000534011865966022,0.000560992513783276,0.000518304645083845,0.00037754385266453,0.00050524843391031,0.000350930844433606,0.000522276444826275,0.000506792333908379,0.000557132472749799,0.000480557791888714,0.00043714523781091,0.000321345083648339,0.000421836506575346,0.000402623583795503,0.000444228178821504,0.000574701407458633,0.000544205191545188,0.000492732506245375,0.000525225419551134,0.000429678591899574,0.000393833499401808,0.000348641740856692,0.000407070852816105,0.000497275672387332,0.000493199448101223,0.00043310277396813,0.000485745578771457,0.000541755231097341,0.000393883005017415,0.000427559512900189,0.000471809034934267,
2010.0,0.000539054803084582,0.000508839730173349,0.00042856510845013,0.000420185155235231,0.000340743659762666,0.000375444040400907,0.000413708330597728,0.000499331974424422,0.000427495629992336,0.000533748650923371,0.000401471770601347,0.000434899819083512,0.000507896242197603,0.000552097451873124,0.000516595784574747,0.000515558000188321,0.000429580104537308,0.000542797963134944,0.000571905460674316,0.000525617448147386,0.000383144593797624,0.000513399310875684,0.000358818389941007,0.000535068975295872,0.000513932551257312,0.000564519432373345,0.000490455655381083,0.000447110476670787,0.000331185525283217,0.000428479339461774,0.000408045336371288,0.000452365115052089,0.000583919580094516,0.000554647122044116,0.0005055918591097,0.000531338911969215,0.000439948460552841,0.00040122534846887,0.000354515243088827,0.000414180249208584,0.000508715223986655,0.000501777452882379,0.000436889386037365,0.000492601247970015,0.000553111196495593,0.00039821513928473,0.000437134556705132,0.000478214758913964,
2011.0,0.000546812720131129,0.000512365251779556,0.000436332920799032,0.00042542556184344,0.00034640048397705,0.000378588156308979,0.000422770419390872,0.000505495409015566,0.000432882516179234,0.000539082509931177,0.000410040869610384,0.000442351010860875,0.00051531073404476,0.000559214386157691,0.000518845277838409,0.000519663910381496,0.000434778979979455,0.000547281699255109,0.000581910600885749,0.000532554346136749,0.000387795094866306,0.000520799134392291,0.000362667487934232,0.000541301444172859,0.000522162416018546,0.000577889615669847,0.000494781299494207,0.000456137786386535,0.000335884775267914,0.000430356682045385,0.00040948620880954,0.000459918053820729,0.000590429815929383,0.000561110384296626,0.00051455304492265,0.000533543294295669,0.000447605387307704,0.000405844708438963,0.000361430807970464,0.000419392919866368,0.00051701971096918,0.000508263765368611,0.000440025381976739,0.000496648426633328,0.000558105006348342,0.000401449477067217,0.000444398785475641,0.000485001102788374,
2012.0,0.000557265826500952,0.000521496054716408,0.000446282385382801,0.000428767321864143,0.000352084665792063,0.000383484206395224,0.000431106949690729,0.000510211160872132,0.000440525327576324,0.000542747206054628,0.000417743955040351,0.00044998322846368,0.000523833674378693,0.000570444914046675,0.000526827934663743,0.000526103598531336,0.000444321951363236,0.000554251600988209,0.00059114332543686,0.000541712855920196,0.000393875525332987,0.000527564203366637,0.000369326502550393,0.000548135372810066,0.000533104175701737,0.000592716736719012,0.000501722504850477,0.00046442897291854,0.000341270555509254,0.000435904628830031,0.000417630624724552,0.000469107704702765,0.00060261768521741,0.000568460440263152,0.000522152113262564,0.000541056448128074,0.000457601097878069,0.000414540234487504,0.000369875779142603,0.000427443039370701,0.000524606963153929,0.000518362736329436,0.000445717538241297,0.000503670249599963,0.000568663934245706,0.000408112886361778,0.000454587425338104,0.000496723689138889,
2013.0,0.000570052245166153,0.000536770792677999,0.000459309492725879,0.000440448406152427,0.000366956519428641,0.000392055546399206,0.000440694333519787,0.000522297923453152,0.000452431704616174,0.000555902195628732,0.000429153704317287,0.000459929811768234,0.000536989711690694,0.000585009518545121,0.000538949389010668,0.000540209177415818,0.00046010286314413,0.000566978706046939,0.000605193141382188,0.000553301884792745,0.000402326404582709,0.00053590873721987,0.0003816430689767,0.000557314429897815,0.000546225055586547,0.000605234003160149,0.000513573177158833,0.000479554670164362,0.000346167362295091,0.000445290992502123,0.000429983396315947,0.000482140079839155,0.000620493956375867,0.000579717278014869,0.000537101295776665,0.000556586077436805,0.000470408383989707,0.000425075035309419,0.000379166012862697,0.000436721980804577,0.000534593826159835,0.000533932412508875,0.000454297667602077,0.000516161904670298,0.000585413188673556,0.000417869625380263,0.000466229394078255,0.000512415426783264,
2014.0,0.0005930409533903,0.000560469285119325,0.000482533505419269,0.000458465190604329,0.000382916681701317,0.000406134669901803,0.000459923554444686,0.00054310355335474,0.000470368860987946,0.000575763406231999,0.000445964629761875,0.000476496992632747,0.000559540232643485,0.00060735538136214,0.000559757347218692,0.000561660039238632,0.000481005292385817,0.00058798654936254,0.00063194107497111,0.000578347942791879,0.000417830015067011,0.000557648774702102,0.00039591986569576,0.000579134502913803,0.000568321032915264,0.000628455309197307,0.000533726473804563,0.000499002810101956,0.000356366857886314,0.000459386326838285,0.000449320039479062,0.000502247596159577,0.000647606910206378,0.000600788625888526,0.000558098079636693,0.000582794018555433,0.000486824748804793,0.000438404735177755,0.000396804069168866,0.000450457388069481,0.00055323209380731,0.000555981532670558,0.000472583458758891,0.000536153733264655,0.000607144669629633,0.000437012320617214,0.000484984135255218,0.000535342958755791,
2015.0,0.000627884757705033,0.000600017956458032,0.000511097547132522,0.000485351512907073,0.000404971011448652,0.000432934728451073,0.00048849533777684,0.000575414393097162,0.000499533081892878,0.000609250564593822,0.000471607112558559,0.000503449002280831,0.000590881973039359,0.000651014037430286,0.000596424913965166,0.000597319740336388,0.000510892132297158,0.000624500506091863,0.000673076894599944,0.0006153205758892,0.000444887671619654,0.000595777644775808,0.000421638775151223,0.000615920405834913,0.000601140083745122,0.000663138867821544,0.00056922243675217,0.000527407391928136,0.000376663432689384,0.000489557452965528,0.000477428780868649,0.000531880126800388,0.00068890058901161,0.000635090633295476,0.000589901814237237,0.000622791005298495,0.000515494670253247,0.000463830539956689,0.000422934506786987,0.000475827255286276,0.000586247828323394,0.000588648719713092,0.000499922840390354,0.000569002004340291,0.000642600993160158,0.000466660945676267,0.000512454425916076,0.000570304924622178,
2016.0,0.000677293399348855,0.000648356741294265,0.00054590345826,0.000524411501828581,0.00043704712879844,0.000470119819510728,0.000525321520399302,0.000622277846559882,0.000538734369911253,0.000654271047096699,0.000506727257743478,0.000543818343430758,0.000634243828244507,0.000704599544405937,0.000644050480332226,0.000644900719635189,0.000551373290363699,0.000670966459438205,0.000724722165614367,0.000660837395116687,0.000485072087030858,0.00064237677725032,0.000455889850854874,0.000663631421048194,0.000643488368950784,0.000710234686266631,0.000612062576692551,0.000569705152884126,0.000401478697312996,0.000531217723619193,0.000512031198013574,0.000571289681829512,0.000740236486308277,0.000680827419273555,0.000635643082205206,0.000673814269248396,0.00055255729239434,0.000497431901749223,0.000455545727163553,0.000510975893121213,0.00063409679569304,0.000634521013125777,0.000535887142177671,0.000612812757026404,0.000693085312377661,0.000503111048601568,0.000547105562873185,0.000614063872490078,
2017.0,0.000736765388865024,0.000705637387000024,0.000593614007811993,0.000569039082620293,0.000473838357720524,0.000514573592226952,0.000574211357161403,0.000677742180414498,0.000588981434702873,0.000711538188625127,0.000551448669284582,0.000595578749198467,0.000689523702021688,0.000764855765737593,0.000700558244716376,0.000702373043168336,0.000603413383942097,0.000728953222278506,0.000791249272879213,0.000719304080121219,0.00053195096552372,0.000703758792951703,0.000496924854815006,0.000722501135896891,0.000700654520187527,0.000774276850279421,0.000665236730128527,0.00061913370154798,0.000434893823694438,0.000579610408749431,0.000557858729735017,0.000623325409833342,0.000804531504400074,0.000743336393497884,0.000692031055223197,0.000735267647542059,0.000598804501350969,0.000537860381882638,0.000496395165100694,0.000556456099729985,0.000695073103997856,0.000692851026542485,0.000590559851843864,0.000664420716930181,0.000753819651436061,0.000548319076187909,0.00059368385700509,0.000666001869831234,
2018.0,0.000804230337962508,0.000775416963733733,0.000649360124953091,0.000620047969277948,0.000518381944857538,0.000566190923564136,0.000633497489616275,0.000740960240364075,0.000649203837383538,0.000782935181632638,0.000605751818511635,0.000657279451843351,0.000755605055019259,0.000841193716041744,0.000766231038141996,0.000773405947256833,0.000662335427477956,0.00079969665966928,0.000868225761223584,0.000787187891546637,0.000585636589676142,0.000774100830312818,0.000547220523003489,0.00079185696085915,0.000768487574532628,0.000853119185194373,0.000733334803953767,0.000677616917528212,0.00047770151286386,0.000639112724456936,0.000609968090429902,0.000684971164446324,0.000882310559973121,0.000818642845842987,0.000758908630814403,0.000805355899501592,0.000658469332847744,0.000589061644859612,0.00054183485917747,0.000614458869677037,0.000762354175094515,0.000758817244786769,0.000652188726235181,0.00072845007525757,0.000824215123429894,0.000600785366259515,0.000646357890218496,0.000731031177565455,
2019.0,0.000877408834639937,0.000846900045871735,0.000709291838575155,0.000676681869663298,0.00056510855210945,0.000620222417637706,0.000694857852067798,0.000809176592156291,0.000710197258740664,0.000857738603372127,0.000662547943647951,0.00072171853389591,0.000826421310193837,0.000919829879421741,0.000836877676192671,0.000844831578433514,0.000722353521268815,0.000872462696861476,0.000948067870922387,0.00085928593762219,0.000641373218968511,0.000845788046717644,0.000597900710999966,0.000865868118125945,0.000841434812173247,0.00093407288659364,0.000801676884293556,0.000739782233722508,0.000523165799677372,0.00069994037039578,0.000666281615849584,0.00074869894888252,0.000963483122177422,0.000895304954610765,0.000827146635856479,0.000880141567904502,0.000720799784176052,0.000642739178147167,0.000590482202824205,0.00067422294523567,0.000832372810691595,0.000826853385660797,0.000715679430868477,0.000796259788330644,0.000900170649401844,0.000654945499263704,0.00070284865796566,0.000797578017227352,
2020.0,0.000960844452492893,0.000924031133763492,0.000777686072979122,0.000741085561458021,0.000616955629084259,0.000679883058182895,0.000763384974561632,0.00088637979933992,0.000777611683588475,0.000942485639825463,0.000725143938325346,0.000795947678852826,0.000908311340026557,0.00100446643773466,0.000915905984584242,0.000922141363844275,0.000787525961641222,0.000953062204644084,0.00103567144833505,0.000939582590945065,0.000704003556165844,0.000921065919101238,0.000652344489935786,0.000946900981944054,0.000924645748455077,0.00102545123081654,0.000876868318300694,0.000810451689176261,0.000574445293750614,0.000766637735068798,0.000732108950614929,0.000820262765046209,0.00105493282899261,0.000980849610641599,0.000901647959835827,0.000963884871453047,0.000791213300544769,0.000702313147485256,0.000644178595393896,0.000743289885576814,0.000909479800611734,0.000902831496205181,0.000786866818089038,0.000872596050612628,0.000987207982689142,0.000713369052391499,0.000767706427723169,0.00087118154624477,
2021.0,0.00104225310496986,0.00100428098812699,0.000849890813697129,0.000805774121545255,0.000670962734147906,0.00074025325011462,0.000832710415124893,0.00096251571085304,0.00084538315422833,0.00103095697704703,0.000790991703979671,0.000867126567754895,0.000988309155218303,0.00109056627843529,0.000996948452666402,0.00100076873786747,0.000855969847179949,0.00103708379901946,0.00112967879977077,0.00102413399145007,0.000763248885050416,0.0010051152203232,0.00070874992525205,0.0010317349806428,0.00101056019775569,0.00111656833905727,0.000954527175053954,0.000882155145518482,0.000626338936854154,0.00083253689808771,0.000797352287918329,0.000895197968930006,0.00114870455581695,0.00106670893728733,0.000978372874669731,0.00105043337680399,0.000861777341924608,0.000763741205446422,0.000700802425853908,0.000808893062639982,0.000987736042588949,0.000979858101345599,0.000861639564391226,0.000949788780417293,0.0010737415868789,0.00077199173392728,0.000834761536680162,0.000944295548833907,
2022.0,0.00112367887049913,0.00108529161661863,0.000920469639822841,0.000873607990797609,0.00072479184018448,0.000799954170361161,0.000899354345165193,0.00103886937722564,0.000911970040760934,0.0011172367958352,0.000858668470755219,0.000933269038796425,0.00106656702701002,0.00117854541167617,0.00107774022035301,0.00108226283919066,0.000922020699363202,0.0011205259943381,0.0012208647094667,0.00110836315434426,0.000821432389784604,0.00108602514956146,0.000764365948271006,0.00112012936733663,0.00109334825538099,0.0012036309344694,0.00103023089468479,0.000953102658968419,0.000679399992804974,0.000898194324690849,0.000857469858601689,0.000966162828262895,0.00124103564303368,0.00115092203486711,0.00105668231844902,0.00113322399556637,0.00093220267444849,0.000828069460112602,0.000758137612137944,0.000871606636792421,0.00106427178252488,0.00105305446777493,0.000928114459384233,0.00102907477412373,0.00115997600369155,0.000833504425827414,0.000899997772648931,0.00102149799931794,
2023.0,0.00120347191113979,0.0011615389958024,0.000987553270533681,0.000940191384870559,0.000774900428950787,0.000856631901115179,0.000957439537160099,0.00111444783397019,0.000974582741037011,0.00119676673784852,0.000920527498237789,0.000998455798253417,0.00114286714233458,0.00125936488620937,0.00115654908586293,0.00115594582166523,0.000985134509392083,0.00120052776765078,0.00130759435705841,0.00118686258792877,0.000879256927873939,0.00116277183406055,0.000816294515971094,0.00120190461166203,0.00117473106365651,0.00128460978157818,0.00109702674672008,0.00101826433092356,0.000730371626559645,0.000959526165388525,0.000919932674150914,0.00103284593205899,0.0013257241807878,0.00123192521277815,0.00113052444066852,0.00121404440142214,0.000996053568087518,0.000890245719347149,0.000813929829746485,0.000932407972868532,0.0011414383770898,0.0011265630600974,0.000992087298072875,0.00110137416049838,0.00124240003060549,0.000891716626938432,0.000964781909715384,0.00109356641769409,
2024.0,0.00127244158647954,0.00123172043822706,0.00105095969047397,0.000995686394162476,0.000824839691631496,0.000908921705558896,0.00101106497459114,0.0011806555557996,0.00103304721415043,0.00126863759942353,0.000976412440650165,0.00105666392482817,0.00121103541459888,0.0013322273734957,0.00122779700905085,0.00122721015941352,0.00104475696571171,0.00127408164553344,0.00138952687848359,0.00125814892817289,0.000933695293497294,0.00123675912618637,0.000864804431330413,0.00127610180061311,0.00124886387493461,0.00135943957138807,0.00116221816278994,0.00108057365287095,0.000773077132180333,0.00101589981932193,0.000975412665866315,0.00109648576471955,0.00140336446929723,0.00130961276590824,0.00120069948025048,0.00128889712505043,0.00105270626954734,0.000948228407651186,0.000863307563122362,0.000987203908152878,0.00121548643801361,0.00119924009777606,0.00105265341699123,0.0011681643081829,0.00131684343796223,0.000947426888160408,0.00102603144478053,0.00115862081293017,
2025.0,0.00133969285525382,0.00129621382802725,0.00111144385300577,0.00104896060656756,0.000869411742314696,0.000954565533902496,0.00106246618088335,0.00124165625311434,0.00108758080750704,0.00133385206572711,0.00102850468829274,0.00111014861613512,0.0012769364984706,0.00140144710894674,0.00129027792718261,0.0012975154677406,0.0010985751869157,0.00134392094332725,0.00146265164949,0.00132519565522671,0.000983181525953114,0.00129822839517146,0.000911645183805376,0.00134430965408683,0.00131632317788899,0.00143037550151348,0.00122353807091713,0.00113887724000961,0.000813052873127162,0.00106829963624477,0.00102376053109765,0.00115435244515538,0.00147740158718079,0.00138286000583321,0.00126577459741384,0.0013530672295019,0.00110542343463749,0.0010007917881012,0.000906893401406705,0.00103937683161348,0.00128092686645687,0.00126658170484006,0.00110320304520428,0.00123027234803885,0.00138754607178271,0.000999498530291021,0.00108115945477039,0.00122186273802072,
2026.0,0.0014022346585989,0.00135577213950455,0.00115920312236995,0.00109954283107072,0.000908289104700089,0.000997099559754133,0.00110958411823958,0.00129879754967988,0.00113739247899503,0.00139190186746418,0.00107080349698663,0.00116712471935898,0.00133818376343697,0.00146947393659502,0.00134896847885102,0.00135671533644199,0.00114954938180745,0.00140700035262853,0.00152896612416953,0.00138452823739499,0.00102909584529698,0.00135380262508988,0.000956437201239169,0.00140551512595266,0.00137867231387645,0.0014957309467718,0.00127705908380449,0.001192242722027,0.000849929812829942,0.00111868442036211,0.00107100151944906,0.00120696309022605,0.00154298532288522,0.00144760706461966,0.00131909386254847,0.00141497456934303,0.00115191284567118,0.00104614451993257,0.000944227271247655,0.00108880584593862,0.00133915501646698,0.00132641009986401,0.0011479965178296,0.00128295831382275,0.0014503764687106,0.00104459573049098,0.00112913479097188,0.00127666443586349,
2027.0,0.00145326170604676,0.0014056193176657,0.00120242731645703,0.00114416610449553,0.00094402814283967,0.00103668158408254,0.00115398457273841,0.00134562014136463,0.00118316686712205,0.0014445458073169,0.00110994558781385,0.00121333578135818,0.00138929404783994,0.00152816157788038,0.00140110962092876,0.00140909268520772,0.00119502237066627,0.00145918549969792,0.00158632383681834,0.0014381802175194,0.00106903119012713,0.00140476401429623,0.000994405010715127,0.00145943718962371,0.00142947165295482,0.00155189505312592,0.00132685853168368,0.00124016066547483,0.000882381456904113,0.00116552948020399,0.00111298018600792,0.00125311280135065,0.00160277856048197,0.00150344404391944,0.00136648188345134,0.00147118349559605,0.00119632575660944,0.00108505936805159,0.00097644841298461,0.0011313600698486,0.001390669378452,0.00138064904604107,0.00119011919014156,0.00133040163200349,0.00150813581421971,0.00108644354622811,0.00117284688167274,0.00132252753246576,
2028.0,0.00150383950676769,0.00145012023858726,0.00124033389147371,0.00118698074948043,0.000971930276136845,0.00106965168379247,0.00119453936349601,0.00139087508432567,0.00122562621254474,0.00149295129813254,0.00114839035086334,0.00125097704585642,0.00143600290175527,0.00157763808965683,0.00144804688170552,0.00145774323027581,0.00123531103599817,0.00150848855264485,0.00163475063163787,0.00148835009895265,0.00110400898847729,0.00145054294262081,0.00102969852741808,0.00150594394654036,0.00147359643597156,0.00160377658903599,0.00137227587401867,0.00128161243628711,0.00091375334886834,0.00120651198085397,0.0011487496085465,0.00129208189900964,0.00165892683435231,0.00155116466339678,0.00141182285733521,0.00151887303218246,0.00123774725943804,0.00112010550219566,0.0010107004782185,0.00117086584214121,0.00143480696715415,0.00142795674037188,0.00122659769840539,0.00137172476388514,0.00156246114056557,0.00112017930950969,0.00121428701095283,0.0013679371913895,
2029.0,0.00154598720837384,0.00148937071207911,0.00126494653522968,0.00122310093138367,0.000997864524833858,0.00110216613393277,0.00122908770572394,0.00143252545967698,0.0012604504590854,0.0015337624354288,0.00118007557466626,0.00128613295964897,0.00147261656820774,0.0016228121239692,0.0014939223183319,0.00149732432328165,0.00127301318570971,0.00154992344323546,0.0016777974087745,0.00152976997196674,0.00113807781599462,0.00149316899478436,0.00105946743860841,0.00154874927829951,0.00151216902304441,0.00164882931858301,0.00141050410456955,0.0013190385652706,0.000944619067013264,0.00124281330499798,0.00118133868090808,0.001324582262896,0.00170484685804695,0.00159272481687367,0.00144882942549884,0.0015649707056582,0.00127363204956055,0.00115238456055522,0.00104160245973617,0.00120552023872733,0.00147336523514241,0.00146679428871721,0.00125999504234642,0.00140755705069751,0.00160682096611708,0.0011492915218696,0.0012522095348686,0.00140661420300603,
2030.0,0.00157911714632064,0.00152174022514373,0.00129326956812292,0.00125191477127373,0.00102215597871691,0.00112902547698468,0.00125729106366634,0.0014649674994871,0.00128924997989088,0.00156807177700102,0.0012120665051043,0.00131070683710277,0.00150380225386471,0.00165810820180923,0.00153238791972399,0.00153119245078415,0.00130445195827633,0.00158412172459066,0.00171461852733046,0.00156411272473633,0.00116521562449634,0.00153068639338017,0.00108066794928163,0.00158632081001997,0.00154650129843503,0.00168517488054931,0.00144348607864231,0.00134881399571896,0.000972775218542665,0.0012739843223244,0.00120832305401564,0.00135472544934601,0.00174126331694424,0.00162565475329757,0.00148404750507325,0.00160281383432448,0.00130395835731179,0.0011796309845522,0.00106549030169845,0.00123544549569488,0.00150670949369669,0.00150056334678084,0.00129110622219741,0.00144143612124026,0.00164350331760943,0.00117685773875564,0.00128619465976954,0.00143660057801753,
2031.0,0.00160881690680981,0.00155222276225686,0.00131737883202732,0.00127453682944179,0.0010397924343124,0.00114887754898518,0.0012830663472414,0.00149480102118105,0.00131266110111028,0.00159510085359216,0.0012392362114042,0.00133241002913564,0.00153551518451422,0.00168760679662228,0.001561165205203,0.00156254635658115,0.00132912874687463,0.00161368900444359,0.00174295087344944,0.00158889277372509,0.00118779216427356,0.00156050850637257,0.00110023398883641,0.00161724409554154,0.00157763285096735,0.00171978189609945,0.00147086021024734,0.00137346691917628,0.000995750655420125,0.00129959755577147,0.00122796453069896,0.00138555897865444,0.00177401350811124,0.00165148149244487,0.00151522387750447,0.00163223210256547,0.00132817530538887,0.00120185443665832,0.00108801084570587,0.00126049411483109,0.00153687538113445,0.00152479950338602,0.00131593947298825,0.00147034984547645,0.00167343043722212,0.00119665439706296,0.00131498638074845,0.00146309356205165,
2032.0,0.00163155875634402,0.00157753459643573,0.00133624614682049,0.00129089585971087,0.00105602387338877,0.00116719689685851,0.00130186812020838,0.00151627510786057,0.00133193482179195,0.00161754083819687,0.0012582604540512,0.00135228072758764,0.00155879184603691,0.00171459675766528,0.00158463476691395,0.00158604688476771,0.00134956277906895,0.00163524167146534,0.00176633149385452,0.00160691968630999,0.00120700988918543,0.00158009340520948,0.001116813858971,0.00163929560221732,0.00160081044305116,0.00174898956902325,0.00148965755943209,0.00139501097146422,0.0010124520631507,0.00132053170818835,0.00124458980280906,0.00141205638647079,0.00180039776023477,0.00167203124146909,0.00153953430708498,0.00165731029119343,0.00134882517158985,0.00122169032692909,0.00110570131801069,0.00127752521075308,0.00156054808758199,0.00154459709301591,0.00133588036987931,0.00149238319136202,0.00169649545568973,0.0012136974837631,0.00133782287593931,0.00148274726234376,
2033.0,0.00164914375636727,0.00159429863560945,0.0013519210042432,0.00130292261019349,0.00106935482472181,0.00118046242278069,0.00131514959502965,0.00153117766603827,0.00134567508939654,0.00163455889560282,0.0012720349477604,0.00136640714481473,0.00157587276771665,0.00173176138196141,0.00160067714750767,0.00160171883180737,0.00136388640385121,0.00165134051349014,0.00178397202398628,0.00162034609820694,0.001218959572725,0.00159432564396411,0.00112634978722781,0.00165562995243818,0.00161831500008702,0.00176868832204491,0.00150347896851599,0.00140971969813108,0.00102408416569233,0.00133486627601087,0.0012564342468977,0.0014296529116109,0.00181792851071805,0.00168779073283076,0.00155701383482665,0.00167472753673792,0.00136303738690913,0.00123605516273528,0.00111827254295349,0.00128967699129134,0.00157625356223434,0.00155965576414019,0.00135003530886024,0.00150907132774591,0.00171449524350464,0.001225994550623,0.00135274336207658,0.00149743899237365,
2034.0,0.001660359906964,0.00160454236902297,0.00136716826818883,0.00131012045312673,0.00107897946145386,0.00118720601312816,0.00132155162282288,0.00153808447066694,0.00135503895580769,0.00164791487623006,0.00127999426331371,0.00137600337620825,0.00158898765221238,0.00173980975523591,0.00160774542018771,0.00160884403157979,0.00137196364812553,0.00166192394681275,0.00179585651494563,0.0016269136685878,0.00122305599506944,0.00159954803530127,0.00112918333616108,0.00166411080863327,0.00163026992231607,0.00177984917536378,0.00151096645276994,0.00141669937875122,0.00102920748759061,0.00134294596500695,0.00126406899653375,0.0014426582492888,0.00182789983227849,0.0016962670488283,0.00156862137373537,0.00168386986479163,0.00137046538293362,0.00124473706819117,0.00112581311259419,0.00129560800269246,0.00158449960872531,0.00156918575521559,0.00135863176546991,0.00151981669478118,0.00172668590676039,0.0012339431559667,0.00136075948830694,0.00150594511069357,
2035.0,0.00166539591737092,0.00160657672677189,0.0013723426964134,0.00131234410218894,0.00108418019954115,0.00119305041152984,0.00132611452136189,0.00154025654774159,0.00135746470186859,0.00165152712725103,0.00128133723046631,0.00138013914693147,0.00159503682516515,0.00174085912294686,0.00160621048416942,0.00161188701167703,0.00137342175003141,0.00166524003725499,0.00179778574965894,0.00162692705634981,0.00122331245802343,0.00160074641462415,0.00113069545477629,0.00166640244424343,0.00163273070938885,0.00178603269159794,0.00151391502004117,0.00141919031739235,0.00103193859104067,0.00134517450351268,0.00126729824114591,0.00144800427369773,0.00183283141814172,0.00170544185675681,0.00157257739920169,0.00168803753331304,0.00137586449272931,0.00124824268277735,0.00113100046291947,0.00129781488794833,0.00158887729048729,0.00157150428276509,0.00136116170324385,0.00152440892998129,0.00173210632055998,0.00123283034190536,0.00136028742417693,0.00151162152178586,
2036.0,0.00166682573035359,0.00160222721751779,0.00137209962122142,0.00131170707754791,0.00108792015817016,0.00119658291805536,0.00132508063688874,0.00153589737601578,0.0013552705058828,0.00164898519869894,0.00128053070511669,0.00138068967498839,0.00159112317487597,0.00173755502328277,0.00160434935241938,0.00160908687394112,0.00137225724756718,0.00166142452508211,0.00179762009065598,0.00162741518579423,0.00122027762699872,0.00159949529916048,0.00112772767897695,0.00166409777011722,0.00163072382565588,0.0017832862213254,0.0015123161720112,0.00142104574479163,0.00103264418430626,0.00134356843773276,0.001267921179533,0.00144186429679394,0.00182708457577974,0.00170799996703863,0.00157158146612346,0.0016872629057616,0.00137926824390888,0.00124934653285891,0.00113101047463715,0.00129774934612215,0.00158591906074435,0.00157173268962651,0.00135723571293056,0.00152519613038749,0.00173219386488199,0.00123087561223656,0.00135509169194847,0.00151016283780336,
2037.0,0.00165984814520925,0.00159447535406798,0.00136392400600016,0.00130834325682372,0.00108587392605841,0.00119508686475456,0.00132320821285248,0.00152817228808999,0.00134634249843657,0.00164018047507852,0.00127579516265541,0.00137572758831084,0.00158212136011571,0.0017265088390559,0.00159795803483576,0.00160106690600514,0.00136652123183012,0.00165489467326552,0.00179469655267894,0.00162148894742131,0.00121356744784862,0.00159771740436554,0.00111838500015438,0.00166061986237764,0.00162783416453749,0.00177240092307329,0.00150588247925043,0.00141815422102809,0.00102866475936025,0.00133804220240563,0.00126351346261799,0.00143122579902411,0.00181379378773272,0.00170044437982142,0.00156281213276088,0.0016835032729432,0.00137370976153761,0.0012450854992494,0.00112509692553431,0.00129599671345204,0.0015773493796587,0.00156684801913798,0.00134786625858396,0.00151946069672704,0.00172542734071612,0.00122675823513418,0.00134674040600657,0.00150473532266915,
2038.0,0.00164532661437988,0.00158439774531871,0.0013500697677955,0.00130085088312626,0.00107878213748336,0.00119231676217169,0.00131746975239366,0.00151759758591652,0.00133461889345199,0.00162492459639907,0.00126636470668018,0.00136482494417578,0.00157019402831793,0.00171482271980494,0.00158720684703439,0.0015939756995067,0.0013578140642494,0.00163960782811046,0.001780153834261,0.00160893239080906,0.00120571127627045,0.00159136787988245,0.00111367704812437,0.00164917320944369,0.00161527923773974,0.00175820093136281,0.00149252719711512,0.00140944879967719,0.00102227658499032,0.00133156613446772,0.00125680002383888,0.00142471701838076,0.00179884245153517,0.00168967782519758,0.00155159377027303,0.00167890056036413,0.00136584194842726,0.00123669067397714,0.00111500499770045,0.00129295152146369,0.00157046911772341,0.00155606027692556,0.00133631273638457,0.00150938355363905,0.00171285145916045,0.00121712242253125,0.00133695767726749,0.00149698427412659,
2039.0,0.00162942428141832,0.00157461443450302,0.00133849133271724,0.00128957908600569,0.00106992479413748,0.00118720333557576,0.00130785594228655,0.0015058534918353,0.00132125848904252,0.00161329586990178,0.00125870248302817,0.00135808286722749,0.00155486748553813,0.00170371902640909,0.00157824356574565,0.00158511020708829,0.00135020748712122,0.00162097148131579,0.00176355591975152,0.00159510201774538,0.00120011495891958,0.00157879979815334,0.00111019553150982,0.00163406773936003,0.0016020389739424,0.00174174108542502,0.00147608201950788,0.00139864906668663,0.00101463973987848,0.00132501346524805,0.00124862161464989,0.00141496816650033,0.00178328563924879,0.00167315918952227,0.00154037168249488,0.00166933203581721,0.00135604443494231,0.0012304806150496,0.00110789272002876,0.00128509046044201,0.00155786506365985,0.00154268695041537,0.00132400379516184,0.00149689812678844,0.00169812771491706,0.00120627507567406,0.00132995005697012,0.00148453586734831,
2040.0,0.00160896487068385,0.00156161701306701,0.00132461776956916,0.00127625791355968,0.00105745799373835,0.00117862445767969,0.00129836332052946,0.0014926758594811,0.00130758073646575,0.00159809505566955,0.00124877167399973,0.00134623004123569,0.00153591972775757,0.00169047969393432,0.00156365300063044,0.0015707224374637,0.0013374937698245,0.00160694296937436,0.0017460014205426,0.001578503055498,0.00119158206507564,0.00156359851825982,0.00110465683974326,0.00161980791017413,0.0015860345447436,0.00172400183510035,0.00145988294389099,0.00138604827225208,0.00100372161250561,0.00131373771000654,0.00123808858916163,0.00140141567680985,0.00176763907074928,0.00165712169837207,0.00152372813317925,0.00165610865224153,0.0013411195250228,0.00122220173943788,0.00110250746365637,0.00127371062990278,0.00154000474140048,0.00152759242337197,0.00131264259107411,0.00148213270585984,0.00167841999791563,0.00119408371392637,0.00132307747844607,0.00147067639045417,
2041.0,0.00158633128739893,0.00154348544310778,0.00130948727019131,0.00126099213957787,0.00104734755586833,0.00116398569662124,0.00128269789274782,0.00147917552385479,0.00129484862554818,0.00157858058810234,0.00123249948956072,0.00133163423743099,0.00151773763354868,0.0016747018089518,0.0015453816158697,0.00155233673285693,0.00132168852724135,0.0015866564353928,0.00172069668769836,0.00156190502457321,0.00117801071610302,0.001546042971313,0.00109941221307963,0.00160169054288417,0.00156307755969465,0.00170143507421017,0.00144633348099887,0.00136806315276772,0.00099261524155736,0.00129880104213953,0.00122329615987837,0.00138681801036,0.00175019283778965,0.00164319784380496,0.00150514917913824,0.00163925264496356,0.00132538296747953,0.00120990700088441,0.00109208771027625,0.00125959201250225,0.00152238795999438,0.00150871451478451,0.00130146206356585,0.00146853900514543,0.00165784603450447,0.00117714214138687,0.00131048809271306,0.00145434634760022,
2042.0,0.0015606622910127,0.00151989934965968,0.00129328027833253,0.00124271924141794,0.00103503395803273,0.00114663399290293,0.00126190565060824,0.00145760003942996,0.00127652031369507,0.00155645073391497,0.00121683732140809,0.00131728837732226,0.0014934433856979,0.00165168556850404,0.00152315245941281,0.00152706517837942,0.00130466336850077,0.00156212400179356,0.00169388263020664,0.001542808720842,0.00116331747267395,0.00152305676601827,0.00108770234510303,0.00158180249854922,0.00154062232468277,0.00167552474886179,0.00142627686727792,0.00134836975485086,0.000980436336249113,0.00128165644127876,0.00120341521687806,0.00136569759342819,0.00172916171140969,0.00162337417714298,0.00148410117253661,0.00161180424038321,0.00130652915686369,0.00119423179421574,0.00108164642006159,0.00123543106019497,0.00149943376891315,0.0014855059562251,0.00128363235853612,0.00144820520654321,0.00163439207244664,0.00116124388296157,0.00129292602650821,0.00143432326149195,
2043.0,0.00153044669423252,0.00149179412983358,0.00127149885520339,0.00122245110105723,0.00101862684823573,0.00112530600745231,0.00124048721045256,0.0014304134529084,0.00125701876822859,0.0015227715484798,0.00119607010856271,0.00129374233074486,0.00146568892523646,0.00162477965932339,0.00149497680831701,0.00149696809239686,0.001280537690036,0.00153695652261376,0.00166562455706298,0.00151758128777146,0.00114447076339275,0.00149656715802848,0.00106904376298189,0.0015583757776767,0.00151437777094543,0.00164605199825019,0.0014032362960279,0.00132784561719745,0.000964418286457658,0.00125690666027367,0.00118350179400295,0.00134027795866132,0.00169957824982703,0.00159923930186778,0.00145755766425282,0.00157842331100255,0.00128294725436717,0.00117074162699282,0.00106863165274262,0.00121154042426497,0.00147406361065805,0.00146065594162792,0.00126140564680099,0.00142179010435939,0.00160743901506066,0.00114556693006307,0.00127123203128576,0.00141080154571682,
2044.0,0.00149389053694904,0.00145652913488448,0.00124387443065643,0.00119446602184325,0.00100051413755864,0.00109709741082042,0.00121167255565524,0.00139743403997272,0.00123322720173746,0.00148435786832124,0.00116383796557784,0.0012635380262509,0.00143469974864274,0.00158496631775051,0.00146233558189124,0.00146037118975073,0.00125049543567002,0.00150032108649611,0.00162767991423607,0.00148100836668164,0.00112068629823625,0.0014661782188341,0.00104587012901902,0.00152398820500821,0.00147975527215749,0.00160613527987152,0.00137808185536414,0.0012953655095771,0.000943809805903584,0.00122338312212378,0.00115725386422127,0.00131028424948454,0.00165935792028904,0.00156428385525942,0.0014241449534893,0.00154406519141048,0.00125452212523669,0.00114038307219744,0.00104426092002541,0.00118398875929415,0.00144405360333622,0.00142935931216925,0.00123490043915808,0.00138829043135047,0.00157414388377219,0.00112208665814251,0.00123955158051103,0.00138014007825404,
2045.0,0.00144910637754947,0.00141046440694481,0.00121036381460726,0.00115820567589253,0.00097279716283083,0.00106458610389382,0.00117223325651139,0.00135063228663057,0.00119854242075235,0.00144237594213337,0.00112915819045156,0.00122855568770319,0.00139352621044964,0.00153366546146572,0.00141952803824097,0.00141611718572676,0.00121457781642675,0.00145463005173951,0.00157665449660271,0.00143537344411016,0.00109118188265711,0.00142664625309408,0.00101256684865803,0.00147805514279753,0.00143485341686755,0.00155718787573278,0.0013362888712436,0.00125510815996677,0.000916945456992835,0.00118468049913645,0.00112397514749318,0.00127305008936673,0.00160781212616712,0.00151722982991487,0.00138350983615965,0.00149771093856543,0.00121851777657866,0.0011037124786526,0.00101576233282685,0.00114714947994798,0.00140444235876203,0.00139071641024202,0.00119884498417377,0.00134772399906069,0.00152988941408694,0.00109339866321534,0.00120114535093307,0.00133872858714312,
2046.0,0.00140094070229679,0.00136273901443928,0.00117230869363993,0.00111905473750085,0.000941797159612179,0.00103050516918302,0.00113212980795652,0.00130479922518134,0.0011601127916947,0.00139300315640867,0.00109266699291766,0.00118987867608666,0.00134826253633946,0.00148082710802555,0.00137141591403633,0.00136882474180311,0.00117481919005513,0.00140609010122716,0.00152231834363192,0.00138631474692374,0.00105610222090036,0.00138120190240443,0.000977351097390056,0.00142779899761081,0.0013870622497052,0.00150453217793256,0.0012927777133882,0.00121324392966926,0.000888718408532441,0.00114504399243742,0.00108698045369238,0.00123026478104293,0.00155291007831693,0.00146635889541358,0.0013396356953308,0.0014459656085819,0.00117845914792269,0.00106446561403573,0.000984388054348528,0.00111030030529946,0.00135776295792311,0.00134704576339573,0.00115978112444282,0.00130380247719586,0.00148008216638118,0.00105836789589375,0.0011609512148425,0.00129416340496391,
2047.0,0.00134677533060312,0.0013089319691062,0.00112805643584579,0.00107386312447488,0.000904698914382607,0.000992788001894951,0.00108837988227606,0.00125443073920906,0.00111627124715596,0.00133372284471989,0.00105281407013536,0.00114554853644222,0.00129715725779533,0.00142167147714645,0.00131468230392784,0.00131622911430895,0.00112852605525404,0.00135202647652477,0.00146028201561421,0.00132849940564483,0.00101326534058899,0.00132831826340407,0.000935581338126212,0.0013689398765564,0.00133131246548146,0.00144397967960685,0.00124432903248817,0.00116629409603775,0.0008572016377002,0.00109992932993919,0.00104548817034811,0.00117968476843089,0.00148855661973357,0.00140760757494718,0.00128987187054008,0.00138620380312204,0.00113272527232766,0.00101932499092072,0.000947945343796164,0.00107216357719153,0.00130227324552834,0.0012970354873687,0.0011153775267303,0.00125517451670021,0.00142128067091107,0.00101492961402982,0.00111546495463699,0.0012414111988619,
2048.0,0.00128832971677184,0.00125293957535177,0.00108041753992438,0.00102606217842549,0.000864905829075724,0.00095073418924585,0.00103962828870863,0.00120270194020122,0.00106845167465508,0.00127621600404382,0.00100605981424451,0.00109703710768372,0.00124133331701159,0.00135426700580865,0.00125531014055014,0.00125765264965594,0.00107813009526581,0.00129352987278253,0.00139523600228131,0.00126867997460067,0.000968493171967566,0.00127280130982399,0.00089624006068334,0.00130655860994011,0.00127454870380461,0.00137922307476401,0.00119476683903486,0.00111328193452209,0.000823837704956532,0.0010521300137043,0.000998026225715876,0.00112514430657029,0.00142313295509666,0.00134269904810935,0.00123416935093701,0.00132726540323347,0.00108316924888641,0.000973259680904448,0.000906572211533785,0.00102921377401799,0.001240314100869,0.00123960874043405,0.00106796645559371,0.00120266643352807,0.00135588156990707,0.000966611492913216,0.00106556667014956,0.00118652381934226,
2049.0,0.00123076874297112,0.0011960476404056,0.00103278900496662,0.000980458804406226,0.000826695642899722,0.000910638365894556,0.000991647597402334,0.00115215627010912,0.00101781007833779,0.00122112617827952,0.000962911639362574,0.00105068786069751,0.00118497642688453,0.00129224162083119,0.00119736802298576,0.00120188167784363,0.00102856592275202,0.00123695773072541,0.00132907181978226,0.00121494079940021,0.000925355241633952,0.00121713429689407,0.000855868158396333,0.00124688702635467,0.00121963047422469,0.00131744623649865,0.00113889819476753,0.00106400006916374,0.000787504483014345,0.00100818614009768,0.000952383037656546,0.00107404380105436,0.00135997007600963,0.00128132116515189,0.00117991433944553,0.00126581755466759,0.00103324116207659,0.000930401030927897,0.000869162904564291,0.000985768972896039,0.00117917137686163,0.00118304451461881,0.00102133909240365,0.0011501859407872,0.00129335338715464,0.000921833969186991,0.00102073547895998,0.00113349023740739,
2050.0,0.00118012854363769,0.00114737602416426,0.00099031999707222,0.000939289689995348,0.000792514067143202,0.000876297242939472,0.000952177797444165,0.00110907026100904,0.000971728179138154,0.00116560643073171,0.000923656509257853,0.00100538926199079,0.00113233306910843,0.00123617774806917,0.00114687927998602,0.00115320202894509,0.000987786217592657,0.00118532148189843,0.0012707922141999,0.00116411445196718,0.000885650748386979,0.00116237509064376,0.000819965673144907,0.00119406811427325,0.00117032858543098,0.00126308912876993,0.00108907138928771,0.00102015922311693,0.000754860986489803,0.000971404428128153,0.000912168237846345,0.00102820340543985,0.00130484707187861,0.00122624461073428,0.00113115587737411,0.00121011945884675,0.000988314277492464,0.000891241827048361,0.000832572171930224,0.000946144398767501,0.00112388317938894,0.00113179837353528,0.000979056465439498,0.00109830300789326,0.00123868812806904,0.000879596045706421,0.000981535878963768,0.00108801142778248,
2051.0,0.00113715708721429,0.00110669224523008,0.000955719326157123,0.00090667576296255,0.000761267088819295,0.00084445090033114,0.0009191480348818,0.0010712161893025,0.000935418938752264,0.00112480868119746,0.000887644884642214,0.000966180406976491,0.00109011237509549,0.0011879235971719,0.00110718084033579,0.00111195864155889,0.00095325883012265,0.00114199996460229,0.00122374610509723,0.0011217676801607,0.000856244761962444,0.00111765810288489,0.000793769198935479,0.00115338654723018,0.00112844991963357,0.00121685618069023,0.0010490306885913,0.000979997683316469,0.000728135812096298,0.000936713360715657,0.000878470193129033,0.000994932139292359,0.00126030982937664,0.0011791167780757,0.00108631199691445,0.00116737058851868,0.000950852758251131,0.000859549094457179,0.000799412489868701,0.000912004383280873,0.00108284596353769,0.00108942610677332,0.000943997991271317,0.00105716148391366,0.00119180243927985,0.000844210619106889,0.000947582710068673,0.00104929506778717,
2052.0,0.00110637047328055,0.00107257207855582,0.000929919362533838,0.000883420696482062,0.00074003217741847,0.000820254266727716,0.000895460485480726,0.00104246113914996,0.000910159025806934,0.00109504535794258,0.000864993839059025,0.000939501100219786,0.00106411136221141,0.00115489272866398,0.00107670109719038,0.00108263827860355,0.000928704394027591,0.00111017620656639,0.00118745479267091,0.00109094404615462,0.000832081190310419,0.00108492141589522,0.000772439118009061,0.00112189678475261,0.00109570345375687,0.00118138431571424,0.00101889681536704,0.000951243680901825,0.000708042643964291,0.00091188057558611,0.000855543068610132,0.000973014801274985,0.0012247811537236,0.00114618451334536,0.00105500477366149,0.00113306508865207,0.000925147149246186,0.000838394858874381,0.000775934488046914,0.000887635047547519,0.0010598354274407,0.00106207001954317,0.000919809215702116,0.00103068514727056,0.00115566386375576,0.000817533174995333,0.000924903724808246,0.001020981464535,
2053.0,0.00108842516783625,0.00105476379394531,0.000918554491363466,0.000868105387780815,0.000726517231669277,0.000804896873887628,0.000880232255440205,0.00102339044678956,0.000896168348845094,0.00107303727418184,0.00085112260421738,0.000923605635762215,0.00104847643524408,0.00113610760308802,0.00105864554643631,0.00106328271795064,0.000917945173569024,0.0010882280766964,0.00116459687706083,0.00106696342118084,0.000818011118099093,0.00106361682992429,0.000759463990107179,0.00110190222039819,0.00107631098944694,0.00116109068039805,0.00100126070901752,0.000936061551328748,0.0006973622366786,0.000900208833627403,0.000844338734168559,0.00095810106722638,0.00120265071745962,0.00112236686982214,0.0010373747209087,0.00111112906597555,0.000911447801627219,0.00082551094237715,0.000759672082494944,0.000873338372912258,0.00104634137824178,0.00104852847289294,0.00090280978474766,0.00101600284688175,0.00113809260074049,0.000803664326667786,0.000909806170966476,0.00100785691756755,
2054.0,0.0010790970409289,0.00105004594661295,0.000914264528546482,0.000864764617290348,0.000719231786206365,0.000798858411144465,0.000878087303135544,0.00101830426137894,0.000895209377631545,0.00106648181099445,0.000845895730890334,0.000922200095374137,0.00104576093144715,0.0011361816432327,0.00105217366944999,0.00105679617263377,0.000911778188310564,0.00108008401002735,0.00115930999163538,0.00105810689274222,0.000818725151475519,0.00106118898838758,0.000760941940825433,0.00109808158595115,0.00107299990486354,0.00115428620483726,0.000998870702460408,0.000932537484914064,0.000696653092745692,0.000893302552867681,0.00084280438022688,0.000955071300268173,0.00119545811321586,0.00111262872815132,0.00103352009318769,0.00110771565232426,0.000908079266082495,0.000823462498374283,0.000752893567550927,0.000869822397362441,0.00104440003633499,0.0010474172886461,0.000898754922673106,0.00101554207503796,0.00113534019328654,0.000801747082732618,0.000905827153474092,0.00100596435368061,
2055.0,0.00108102266676724,0.00105547590646893,0.000915090029593557,0.00086986250244081,0.00072263233596459,0.000802090740762651,0.000883981469087303,0.00102549826260656,0.000902836851309985,0.00106871814932674,0.000849928357638419,0.000928295135963708,0.0010547210695222,0.00114401511382312,0.00105367321521044,0.00106279540341347,0.000914012955036014,0.0010850093094632,0.00116409070324153,0.00106139353010803,0.000822991889435798,0.00106974202208221,0.000766879646107554,0.00110389583278447,0.00108072650618851,0.00115676200948656,0.00100646796636283,0.000938136712647974,0.000702920253388584,0.000894673343282193,0.000852669647429138,0.000957760494202375,0.00119901518337429,0.00112059514503926,0.00104279536753893,0.0011164186289534,0.00091232790146023,0.000829299096949399,0.000756309600546956,0.000872140226420015,0.00105421466287225,0.00105012266431004,0.000905531807802618,0.0010216151131317,0.00114140356890857,0.000805504445452243,0.00090952537721023,0.00101362681016326,
2056.0,0.00109024439007044,0.00106915691867471,0.000925397733226419,0.000880104082170874,0.000731751904822886,0.000811484933365136,0.000892215291969478,0.00103454396594316,0.000912778778001666,0.00107999984174967,0.00085842766566202,0.000938931829296052,0.00106678751762956,0.00115611159708351,0.00106582243461162,0.00107482995372266,0.000927478482481092,0.00109737063758075,0.00117443688213825,0.00107159884646535,0.0008313471917063,0.00108766613993794,0.000773936626501381,0.00111830839887261,0.00109475408680737,0.0011660746531561,0.00101997295860201,0.000950273009948432,0.000710121355950832,0.000904259621165693,0.000866958231199533,0.000964969804044813,0.00121257349383086,0.00113467453047633,0.00105667638126761,0.00113256019540131,0.000925280328374356,0.000838287814985961,0.000765878532547504,0.000880449486430734,0.00106386607512832,0.00105475599411875,0.000913288560695946,0.0010337516432628,0.00115808029659092,0.000818092841655016,0.000917470024432987,0.00102608604356647,
2057.0,0.00109980092383921,0.00108502572402358,0.000934616837184876,0.000894533703103662,0.000741825671866536,0.000824949995148927,0.000904414337128401,0.00104680145159364,0.000925706990528852,0.00109642848838121,0.000871396623551846,0.000952753413002938,0.00107869494240731,0.0011743534123525,0.00108025723602623,0.00109103845898062,0.000939776829909533,0.00111288740299642,0.00118888530414551,0.00108990434091538,0.000841146509628743,0.00110575777944177,0.000789303448982537,0.00113461131695658,0.00110912811942399,0.00117870245594531,0.00103373790625483,0.000961134966928512,0.000717050454113632,0.000915882410481572,0.000877521408256143,0.000977126765064895,0.00122725102119148,0.00115163368172944,0.00107007310725749,0.00115367397665977,0.000939771241974086,0.000849966483656317,0.00077569845598191,0.000893966527655721,0.0010757998097688,0.00106360740028322,0.000923687592148781,0.00104821124114096,0.00117132335435599,0.000828804040793329,0.000933325674850494,0.00103587447665632,
2058.0,0.00111404142808169,0.00110092351678759,0.00094152893871069,0.00090661778813228,0.000753717147745192,0.000838132982607931,0.000913026859052479,0.0010603261180222,0.000936233904212713,0.00111060356721282,0.000884247536305338,0.000962408084888011,0.00109021482057869,0.00118680251762271,0.00109159573912621,0.00110198860056698,0.000951053167227656,0.00112576526589692,0.00119960505980998,0.00110282760579139,0.00084609939949587,0.00111444690264761,0.000803313392680138,0.00114830466918647,0.00111840281169862,0.00118971767369658,0.00104586221277714,0.000969879154581577,0.000722961674910039,0.000927617482375354,0.000888310489244759,0.000987459323368967,0.00124067650176585,0.00116848084144294,0.00108062254730612,0.00117019424214959,0.000950380752328783,0.000861961569171399,0.000787313212640584,0.000906451838091016,0.00109129678457975,0.00107251282315701,0.00093363260384649,0.00105880596674979,0.00118080608081073,0.000835315440781415,0.000945894164033234,0.0010445344960317,
2059.0,0.00112585083115846,0.00110965350177139,0.000949511304497719,0.000916826829779893,0.000763135845772922,0.000849852804094553,0.000918784528039396,0.00106463488191366,0.000940412865020335,0.00112016394268721,0.000893314136192203,0.00096855458104983,0.00109864061232656,0.00119453482329845,0.00110189709812403,0.00110915827099234,0.000961921119596809,0.00113305624108762,0.00120879942551255,0.00110837863758206,0.000850678363349289,0.00112379959318787,0.000811128178611398,0.00115766376256943,0.00112558039836586,0.00119986908975989,0.00105379451997578,0.000980967655777931,0.000728297105524689,0.000936972559429705,0.000893798947799951,0.000994720729067922,0.00125202431809157,0.00117649172898382,0.00108815997373313,0.00118051515892148,0.00096094305627048,0.000871626369189471,0.000799783447291702,0.000916245684493333,0.00109722802881151,0.00107947178184986,0.000940328231081367,0.00106564816087484,0.00119076739065349,0.000845317437779158,0.000955342198722065,0.00104865082539618,
2060.0,0.00112983561120927,0.00111068913247436,0.000955177878495306,0.000921409286092967,0.00076917273690924,0.000856538244988769,0.000923006562516093,0.00106649706140161,0.000944252591580153,0.00112333486322314,0.000897090707439929,0.000972393143456429,0.0011018963996321,0.00120335887186229,0.00110685301478952,0.00111391663085669,0.000964735692832619,0.00113437313120812,0.00121158850379288,0.00111205736175179,0.000854874320793897,0.00112720159813762,0.000816758547443897,0.00116285495460033,0.00112862512469292,0.00121002283412963,0.00105445785447955,0.000987667823210359,0.00073292845627293,0.000944430474191904,0.000892826239578426,0.000996779184788466,0.00125557172577828,0.00117798987776041,0.00109009980224073,0.00118741532787681,0.000965961953625083,0.00087919709039852,0.000805992167443037,0.000922380248084664,0.00109545257873833,0.00108373665716499,0.000946510466746986,0.00106625305488706,0.00119575497228652,0.000848099763970822,0.000964354549068958,0.0010459148325026,
2061.0,0.00113241735380143,0.0011117645772174,0.000957630516495556,0.000922554812859744,0.000772518571466208,0.00086058973101899,0.000926899316255003,0.00106892606709152,0.000945416570175439,0.00112479960080236,0.000898505211807787,0.000973726739175618,0.00110228825360537,0.0012060763547197,0.00110875850077718,0.00111513549927622,0.000966995023190975,0.00113477790728211,0.00121197965927422,0.00111436052247882,0.000857599487062544,0.00112893187906593,0.000819518987555057,0.00116483331657946,0.00112926575820893,0.00121485837735236,0.00105604040436447,0.000990243861451745,0.000736110494472086,0.00095013395184651,0.000892710057087243,0.000997997936792672,0.0012588060926646,0.00117997056804597,0.00109050888568163,0.00118922244291753,0.000968284613918513,0.000882847642060369,0.000808798824436963,0.000924025604035705,0.00109431310556829,0.00108645088039339,0.000950551417190582,0.00106710102409124,0.0011986258905381,0.000849169155117124,0.000967833038885146,0.00104561925400048,
2062.0,0.00113197905011475,0.00110811414197087,0.00095595425227657,0.00091843563131988,0.000771990278735757,0.000860720523633063,0.000929915113374591,0.00107059942092746,0.000941944774240255,0.00112203124444932,0.000894126365892589,0.000970189168583602,0.00109912443440408,0.00120124639943242,0.00110580632463098,0.00111138983629644,0.000966949039138854,0.0011309216497466,0.00120743387378752,0.00111195619683713,0.000858222250826657,0.00112734420690686,0.00081608205800876,0.00116231257561594,0.00112522579729557,0.0012147146044299,0.00105587451253086,0.000990167493000627,0.000739711977075785,0.000953298003878444,0.000890944676939398,0.000995535752736032,0.00126043241471052,0.00117947591934353,0.00108757370617241,0.00118420307990164,0.000966151535976678,0.00088278524344787,0.000808343989774585,0.000918903446290642,0.001089699100703,0.00108681200072169,0.000953521172050387,0.00106351589784026,0.00119885674212128,0.000846627692226321,0.000964448612648994,0.0010434597497806,
2063.0,0.00112749275285751,0.00110410409979522,0.000953968439716846,0.000915236421860754,0.000769176986068487,0.00085864553693682,0.00093147752340883,0.00106439192313701,0.000937907316256315,0.00111555203329772,0.000890418887138367,0.00096632371423766,0.00109467946458608,0.00119410827755928,0.00110085646156222,0.00110974092967808,0.000965710380114615,0.00112735317088664,0.00120391917880625,0.00111083255615085,0.000858406710904092,0.00112822791561484,0.000810691388323903,0.00115728250239044,0.00112273497506976,0.0012128286762163,0.00105435028672218,0.000985838589258492,0.000741645344533026,0.000952786242123693,0.000887086556758732,0.000992374029010534,0.00125995522830635,0.00117700139526278,0.0010861991904676,0.00117717601824552,0.000964751641731709,0.000878322578500956,0.000804494949989021,0.000911494309548289,0.0010836529545486,0.00108192767947912,0.000953237467911094,0.00106006546411663,0.00119644519872963,0.000845587521325797,0.000960074074100703,0.00104049826040864,
2064.0,0.00112526305019855,0.00110239000059664,0.000953908951487392,0.00091122614685446,0.00076706224353984,0.00085575325647369,0.000931131187826395,0.00106058490928262,0.000939239747822285,0.00111254397779703,0.000891620758920908,0.000966972438618541,0.0010920629138127,0.00119503890164196,0.0010972818126902,0.00110574078280479,0.000962404883466661,0.00112561800051481,0.0012008217163384,0.00111058307811618,0.000860244152136147,0.00112343265209347,0.000808707030955702,0.0011569014750421,0.00112114881630987,0.00121285277418792,0.00105499103665352,0.000979065662249923,0.000740335788577795,0.000953936716541648,0.000886005058418959,0.000989911379292607,0.00125679222401232,0.00117559963837266,0.00108415633440018,0.00117392162792385,0.000962298247031868,0.00087434210581705,0.000799728382844478,0.0009094228153117,0.00108167587313801,0.00107884232420474,0.000952254806179553,0.0010619992390275,0.0011954550864175,0.000842080684378743,0.000960813835263252,0.00104121724143624,
2065.0,0.00112893397454172,0.00110708677675575,0.000953247887082398,0.000913507014047354,0.000765979057177901,0.000855783466249704,0.000936216907575727,0.00106440600939095,0.000939276942517608,0.00111625622957945,0.000894488883204758,0.000969941087532789,0.00109179504215717,0.00119588023517281,0.00109837623313069,0.00110219186171889,0.000964208913501352,0.00112716376315802,0.00120463350322098,0.00111325306352228,0.000864556815940887,0.00112193927634507,0.000811023288406432,0.00115770124830306,0.00112152297515422,0.00121286895591766,0.0010599356610328,0.000977437244728208,0.00073954532854259,0.000954887946136296,0.000890865921974182,0.000996445189230144,0.00125735707115382,0.00117967184633017,0.00108285585884005,0.00117335119284689,0.000959385361056775,0.000869633280672133,0.000798912020400167,0.00091189774684608,0.00108637404628098,0.00108428485691547,0.000952214351855218,0.00106996658723801,0.00119852169882506,0.000842798675876111,0.000962588877882808,0.00104850099887699,
2066.0,0.00113508640788496,0.00111400021705776,0.000955383933614939,0.000924801977816969,0.000769998878240585,0.000857285398524255,0.000941261474508792,0.00106688484083861,0.000946119136642665,0.00112482905387878,0.00090225983876735,0.000977241550572217,0.00109929731115699,0.00120391440577805,0.00110399781260639,0.00110475474502891,0.000966559979133308,0.00113445264287293,0.00121199199929833,0.00112005393020809,0.000871828524395823,0.00112724385689944,0.000815020874142647,0.00116299919318408,0.00112767412792891,0.00122128578368574,0.00106760754715651,0.000980687560513616,0.000745249795727432,0.000953444046899676,0.000899072096217424,0.00100451661273837,0.00126184697728604,0.00118979928083718,0.001089490018785,0.00118032761383802,0.000963086786214262,0.000870900403242558,0.000804036331828684,0.000919313635677099,0.00109785830136389,0.00109193718526512,0.000958049553446472,0.00107943871989846,0.00120800267904997,0.00084925937699154,0.000970649707596749,0.00105501245707273,
2067.0,0.00114824948832393,0.00112418609205633,0.000966581574175507,0.000938570243306458,0.000779625552240759,0.000863988127093762,0.000947978056501597,0.00107788038440049,0.000960188684985042,0.00114224862772971,0.000917359604500234,0.000989788910374045,0.00111672841012478,0.0012207489926368,0.00112167745828629,0.00111619452945888,0.000977420713752508,0.0011478487867862,0.00122478092089295,0.00113171897828579,0.000881344371009618,0.00114027166273445,0.000821757595986128,0.00117698241956532,0.00114026642404497,0.0012374990619719,0.00107858562842011,0.000993719440884888,0.000759793387260288,0.000962267920840532,0.00091238459572196,0.00101382564753294,0.00127396755851805,0.00120592000894248,0.0011004643747583,0.00119546370115131,0.000975282164290547,0.000880694191437215,0.000817990920040756,0.000933845760300756,0.00111250625923276,0.0011047248262912,0.000971928704530001,0.00109464838169515,0.00122565834317356,0.000860354863107204,0.000986328697763383,0.00106555607635528,
2068.0,0.00116795732174069,0.00114154408220202,0.000986390979960561,0.000955650233663619,0.000794831081293523,0.000878419261425734,0.000964216480497271,0.00110197719186544,0.000975407310761511,0.0011634100228548,0.000934712181333452,0.0010061307111755,0.00113678746856749,0.00123848929069936,0.0011437414214015,0.00113633519504219,0.000996820162981749,0.00116936070844531,0.0012464034371078,0.00115366792306304,0.000895464792847633,0.00116220093332231,0.000838045787531883,0.00119473435916007,0.0011590807698667,0.00125783565454185,0.00109042774420232,0.00101523601915687,0.00077602406963706,0.000978067284449935,0.000930517795495689,0.00103604153264314,0.00129518494941294,0.00122707209084183,0.00111274095252156,0.00121438328642398,0.0009923285106197,0.000895231438335031,0.000834907288663089,0.000950485991779715,0.00113217753823847,0.00112524349242449,0.000987312174402177,0.00111373199615628,0.00124796631280333,0.00087672274094075,0.00100340321660042,0.00107995583675802,
2069.0,0.00119208556134254,0.00116265437100083,0.00101064529735595,0.000975142640527338,0.000812571903225034,0.000898934435099363,0.000983788864687085,0.0011275828583166,0.000997548806481063,0.00118630554061383,0.000956742267590016,0.00102706672623754,0.00116197881288826,0.00126063753850758,0.00116796267684549,0.00116080127190799,0.00101637351326644,0.00119842390995473,0.00127091293688864,0.0011797888437286,0.000915079785045236,0.00118845666293055,0.000857311824802309,0.00121688959188759,0.00118486455176026,0.0012859960552305,0.00111022777855396,0.00103665434289724,0.000795022875536233,0.000997435534372926,0.000950952526181936,0.00105911085847765,0.0013258169637993,0.00125478662084788,0.0011331255082041,0.00123967765830457,0.00101865280885249,0.00092049315571785,0.000853011442814022,0.000968197709880769,0.00115936249494553,0.00114835740532726,0.00100869766902179,0.00113436323590577,0.00127386418171227,0.000895984820090234,0.00102136970963329,0.00109810708090663,
2070.0,0.00122203794308007,0.00119165412615985,0.00103822909295559,0.000994825037196279,0.000831765821203589,0.000926807813812047,0.00100864644628018,0.00115850556176156,0.00102268462069333,0.00121218420099467,0.000982534140348434,0.00105147063732147,0.00118965725414455,0.00128797977231443,0.00119956734124571,0.00119299057405442,0.00104125693906099,0.00122807861771435,0.00130089523736387,0.00121081224642694,0.000935307878535241,0.00121705653145909,0.000879344705026597,0.00124795502051711,0.0012150431284681,0.00131758267525584,0.00113542517647147,0.00106151448562741,0.000815337349195033,0.0010238824179396,0.000976952607743442,0.00108435505535454,0.00136175029911101,0.0012825516751036,0.00116117880679667,0.0012730835005641,0.00104709772858769,0.000948111875914037,0.000875895726494491,0.000993420020677149,0.00118679960723966,0.00117788044735789,0.00103479949757457,0.00115879054646939,0.00130293925758451,0.000915889570023865,0.00104146858211607,0.00112390168942511,
2071.0,0.00125374516937882,0.00122396310325712,0.00106940022669733,0.00101745233405381,0.000855210470035672,0.000959099968895316,0.00103945890441537,0.00119220628403127,0.00104794837534428,0.00124164414592087,0.00100848160218447,0.00107905932236463,0.00121377769391984,0.0013200807152316,0.00122910120990127,0.00122743868269026,0.00106899149250239,0.00126043858472258,0.00133692752569914,0.00124572822824121,0.00096130563179031,0.00124761729966849,0.000903661886695772,0.00128406472504139,0.00124773499555886,0.00135114998556674,0.00116259045898914,0.00108938908670098,0.000836021616123617,0.00105098320636898,0.00100323790684342,0.00111497659236193,0.00139850738923997,0.0013127630809322,0.00119155459105968,0.00130906898993999,0.00107536360155791,0.000975044444203377,0.000899367674719542,0.00102132535539567,0.00121662835590541,0.00121019710786641,0.00105902145151049,0.00119043595623225,0.0013365336926654,0.00093652616487816,0.00106604478787631,0.00115322961937636,
2072.0,0.00128451513592154,0.00125697185285389,0.00109375780448318,0.00104488339275122,0.000879272178281099,0.000988136045634747,0.00106969755142927,0.00122393586207181,0.00107532914262265,0.0012764516286552,0.00103435828350484,0.00110850960481912,0.00124206941109151,0.00135401845909655,0.00125836697407067,0.00126071984414011,0.00109674991108477,0.00129347271285951,0.0013725965982303,0.00127854361198843,0.000990639789961278,0.00128377531655133,0.000926060136407614,0.00131720781791955,0.0012833735672757,0.00138821511063725,0.00119692774023861,0.00111651886254549,0.000862202083226293,0.00107987818773836,0.00102676055394113,0.00113966874778271,0.00143378332722932,0.00134983204770833,0.00122666277457029,0.00134889571927488,0.00110685487743467,0.00100687192752957,0.000925217231269926,0.00104745442513376,0.00125025270972401,0.00124278769362718,0.00108903867658228,0.00122572295367718,0.00137112801894546,0.000960503821261227,0.00109168607741594,0.00118587969336659,
2073.0,0.00131620489992201,0.00129226758144796,0.00111628056038171,0.00107283948455006,0.000903424515854567,0.00101405696477741,0.0010995795018971,0.00125430896878242,0.00110228359699249,0.00131168973166496,0.00105995079502463,0.00113672856241465,0.00127257953863591,0.00139010441489518,0.0012895034160465,0.00129628216382116,0.00112600321881473,0.00132361776195467,0.00140815996564925,0.00131221604533494,0.00101596000604331,0.00132088537793607,0.000950961897615343,0.0013543552486226,0.00131736835464835,0.00142284866888076,0.00123068527318537,0.00114598730579019,0.000885886896867305,0.00110807048622519,0.0010522484080866,0.00116382702253759,0.00146815564949065,0.00138619670178741,0.00126476667355746,0.00138859695289284,0.00113490805961192,0.00103248690720648,0.000952481233980507,0.00107525393832475,0.00127875211182982,0.00127678120043129,0.00112005532719195,0.0012596637243405,0.00140428880695254,0.000985633116215467,0.0011204332113266,0.00121841486543417,
2074.0,0.00134792376775295,0.00132625328842551,0.00114670186303556,0.00110177218448371,0.000929170579183847,0.00103672919794917,0.00112771731801331,0.00128064374439418,0.00112934841308743,0.00134325108956546,0.00108757615089417,0.00116356939543039,0.00130240921862423,0.00142409524414688,0.00132055568974465,0.00132853095419705,0.00115652289241552,0.00135419925209135,0.00144361483398825,0.00134132255334407,0.00104191317223012,0.00135625491384417,0.000975405098870397,0.00139211013447493,0.00135031924583018,0.00145652273204178,0.00126087747048587,0.00117457204032689,0.000909742724616081,0.00113596534356475,0.00107683590613306,0.00119004212319851,0.00150469434447587,0.001424724701792,0.00129946682136506,0.00142085761763155,0.00116308452561498,0.00105572037864476,0.000976164999883622,0.00110152992419899,0.0013082018122077,0.0013086183462292,0.00114773318637162,0.00129477027803659,0.0014387828996405,0.00101344764698297,0.00115290621761233,0.00124907959252596,
2075.0,0.00138001388404518,0.0013592557515949,0.0011739784386009,0.00113043410237879,0.000952137052081525,0.00105709058698267,0.00115632859524339,0.00130828458350152,0.00115623185411096,0.00137401511892676,0.00111522257793695,0.00119045749306679,0.00133687059860677,0.00145630189217627,0.0013532656012103,0.00135945866350085,0.00118568364996463,0.00138500740285963,0.00147587328683585,0.00136661517899483,0.00106465944554657,0.0013909765984863,0.00100235652644187,0.00142388348467648,0.00138461031019688,0.00149070320185274,0.00129199726507068,0.00120353035163134,0.000933766074012965,0.00116500933654606,0.00110140384640545,0.00121839845087379,0.00154118495993316,0.00146101450081915,0.00133335706777871,0.00145578139927238,0.00119124120101333,0.00108192802872509,0.000998542876914144,0.00112366967368871,0.00134014384821057,0.00134128797799349,0.0011751534184441,0.0013254681834951,0.00147142552305013,0.00104385823942721,0.00118000397924334,0.0012813467765227,
2076.0,0.00140783609822392,0.00138715759385377,0.00119797745719552,0.00115394045133144,0.00097198982257396,0.00107795896474272,0.00118210597429425,0.00133336731232703,0.00117880490142852,0.00140082754660398,0.00113871484063566,0.0012130894465372,0.00136597908567637,0.00148545380216092,0.00138248584698886,0.00138681114185601,0.00120916473679245,0.00141201505903155,0.00150546804070473,0.00139036716427654,0.00108473608270288,0.00141858216375113,0.00102547579444945,0.00145234423689544,0.00141341786365956,0.00151982356328517,0.00131941225845367,0.0012286176206544,0.000953075068537146,0.00118971278425306,0.00112391042057425,0.00124323484487832,0.0015718461945653,0.00149133976083249,0.00136246415786445,0.00148606114089489,0.00121502391993999,0.00110246648546308,0.00101809436455369,0.00114615436177701,0.00136574730277061,0.00136890623252839,0.00119755999185145,0.00135133462026715,0.00149829778820276,0.00106705131474882,0.00120623607654124,0.00131011963821948,
2077.0,0.00143521907739341,0.00141270970925689,0.00122229394037277,0.0011738701723516,0.000988972256891429,0.00109921873081475,0.00120793341193348,0.00135657133068889,0.00119934568647295,0.00142389035318047,0.00116068939678371,0.00123258784878999,0.00139377289451659,0.00151368498336524,0.00141331844497472,0.00141259713564068,0.00122884928714484,0.00143759662751108,0.0015328690642491,0.00141216942574829,0.00110060023143888,0.00143937801476568,0.00104842381551862,0.00148026656825095,0.00143897952511907,0.00154635356739163,0.0013446049997583,0.00125153455883265,0.000966964347753674,0.00121130666229874,0.00114606681745499,0.00126904190983623,0.00160167925059795,0.00151816022116691,0.00138833385426551,0.0015124180354178,0.00123499357141554,0.0011178629938513,0.00103446573484689,0.00116877222899348,0.00138672860339284,0.00139473343733698,0.00121557316742837,0.00137216842267662,0.0015207608230412,0.00108639616519213,0.00123223825357854,0.00133822858333588,
2078.0,0.00145494879689068,0.00143246876541525,0.0012448956258595,0.00119162409100682,0.00100707134697586,0.00111784716136754,0.00122743914835155,0.00137788662686944,0.00121720682363957,0.0014433468459174,0.00117942807264626,0.00124901242088526,0.00141492357943207,0.00153565022628754,0.00143870350439101,0.00143238017335534,0.00124523637350649,0.00145634415093809,0.00155487062875181,0.00143112253863364,0.0011169807985425,0.00145725405309349,0.00106377003248781,0.00150047068018466,0.00146027212031186,0.00156827305909246,0.00136528338771313,0.00126931222621351,0.000984604237601161,0.00123221043031663,0.00116744462866336,0.00128956465050578,0.00162513682153076,0.00154009670950472,0.001411052653566,0.00153384753502905,0.00125366495922208,0.00113330769818276,0.00104892661329359,0.00119227345567197,0.00140858779195696,0.0014149168273434,0.0012317078653723,0.00139153504278511,0.00154167704749852,0.00110167940147221,0.00125518732238561,0.00136186194140464,
2079.0,0.00147014018148184,0.00144803954754025,0.00125994835980237,0.00120409962255508,0.00101880973670632,0.00113406253512949,0.00124347303062677,0.00139621517155319,0.00123235455248505,0.00146115897223353,0.00119230453856289,0.00126332335639745,0.00143278250470757,0.00155382207594812,0.00145384343340993,0.00144845654722303,0.00125982600729913,0.0014699948951602,0.00157447659876198,0.00144763698335737,0.00113130873069167,0.00147505162749439,0.00107597152236849,0.00151444971561432,0.00147783756256104,0.00158366048708558,0.00138184439856559,0.00128650642000139,0.00100064766593277,0.00125017331447452,0.0011848135618493,0.00130548723973334,0.00164055661298335,0.00155270588584244,0.00142991892062128,0.00155686168000102,0.00127068802248687,0.00114808999933302,0.00106137758120894,0.00120960909407586,0.00142580340616405,0.00143210950773209,0.00124632765073329,0.00140776031184942,0.00155851326417178,0.00111192686017603,0.00127022841479629,0.00138004950713366,
2080.0,0.00147927855141461,0.00145744776818901,0.00127434288151562,0.00121310411486775,0.00102584343403578,0.00114864809438586,0.00125256669707596,0.00140767218545079,0.00124282704200596,0.00147186405956745,0.00120181601960212,0.00127319258172065,0.0014440402155742,0.00156403938308358,0.00146172917447984,0.00145792460534722,0.00127046182751656,0.00148155575152487,0.0015932897804305,0.00146139180287719,0.0011453015031293,0.00148683087900281,0.00108047784306109,0.00152759673073888,0.0014909174060449,0.00159314146731049,0.00139298720750958,0.00129751022905111,0.00100918672978878,0.00126345234457403,0.0011950017651543,0.00131618394516408,0.00165108300279826,0.00156321609392762,0.00143947592005134,0.00156979029998183,0.00128338532522321,0.00115855340845883,0.0010720695136115,0.00122329103760421,0.00143483653664589,0.00144289154559374,0.00125640153419226,0.00142147962469608,0.00156937236897647,0.00111886532977223,0.00128503236919641,0.00139021722134203,
2081.0,0.00148579839151353,0.00146401021629572,0.00128641654737294,0.00122233689762652,0.00103371334262192,0.0011559936683625,0.00125445611774921,0.00141833676025271,0.00125151476822793,0.00147952942643315,0.00120962969958782,0.00128297158516943,0.00145008799154311,0.0015712782042101,0.00146769301500171,0.00146381766535342,0.00127976550720632,0.0014871631283313,0.00160217029042542,0.00147477712016553,0.00115650810766965,0.00149899197276682,0.00108292675577104,0.00153764034621418,0.00150028662756085,0.00159774301573634,0.00139807455707341,0.00130446848925203,0.00101660483051091,0.00127408478874713,0.00120321358554065,0.00132442801259458,0.001661391928792,0.00157013151329011,0.001447414746508,0.00157933018635958,0.00129195966292173,0.00116896803956479,0.00107986084185541,0.00123361346777529,0.00144730531610548,0.00145293679088354,0.00126735353842378,0.00143302697688341,0.00158035452477634,0.0011271343100816,0.00129125593230128,0.00139501655939966,
2082.0,0.00149123789742589,0.00147188815753907,0.00129466305952519,0.00122878781985492,0.00103668752126396,0.00116093026008457,0.00125766918063164,0.00142334913834929,0.00125886511523277,0.00148673402145505,0.00121759693138301,0.00129122857470065,0.00145442853681743,0.00157789664808661,0.0014726493973285,0.00147047091741115,0.00128926476463675,0.00148980016820133,0.00160712236538529,0.00148141488898546,0.00116413552314043,0.00151136005297303,0.00108690687920898,0.00154542608652264,0.00150722835678607,0.00160211918409914,0.00140003673732281,0.00131091021467,0.00102206028532237,0.00128215132281184,0.00120849162340164,0.00132919754832983,0.00166780210565776,0.00157507287804037,0.00145259290002286,0.00158778729382902,0.00129760731942952,0.00117663422133774,0.00108357053250074,0.00123610638547689,0.00145685917232186,0.00146259751636535,0.00127511844038963,0.00144248839933425,0.00159362598787993,0.00113469595089555,0.00129339937120676,0.00139912986196578,
2083.0,0.00149220612365752,0.00147652451414615,0.00130127277225256,0.00123597111087292,0.00104091258253902,0.00116868934128433,0.0012607523240149,0.00143003615085036,0.00126162660308182,0.00149197247810662,0.00122490897774696,0.00129675609059632,0.00145718944258988,0.00158067315351218,0.00147861323785037,0.00147548643872142,0.00129340216517448,0.00149426620919257,0.00161100702825934,0.00148591352626681,0.00117150950245559,0.00151786452624947,0.00108956324402243,0.00155083136633039,0.00151460466440767,0.00160767138004303,0.00140295771416277,0.00131292478181422,0.00102469499688596,0.00128802820108831,0.00121141003910452,0.00133160501718521,0.00167429598513991,0.00158107676543295,0.00145527685526758,0.00159355788491666,0.00130073504988104,0.00118119863327593,0.00109016115311533,0.00123804400209337,0.00146546016912907,0.00146572233643383,0.00128209765534848,0.00144688528962433,0.0016024763463065,0.00114239938557148,0.00129798438865691,0.00140175351407379,
2084.0,0.00149540533311665,0.00148057658225298,0.00130177137907594,0.00124654604587704,0.00104685348924249,0.00117448845412582,0.00126301415730268,0.00143769988790154,0.00126535375602543,0.0014989769551903,0.00122712051961571,0.00130081654060632,0.00146106153260916,0.00158695667050779,0.00148551817983389,0.00148030510172248,0.00129548530094326,0.00149852107279003,0.00161197117995471,0.00149188213981688,0.00117441697511822,0.0015222521033138,0.00109337025787681,0.00155498692765832,0.0015185548691079,0.00161121913697571,0.00140445283614099,0.00131462106946856,0.00102778058499098,0.00129142950754613,0.00121344055514783,0.00133418652694672,0.00168037484399974,0.00158446922432631,0.00146042206324637,0.00160063954535872,0.00130334112327546,0.00118162191938609,0.00109539378900081,0.00124183460138738,0.00147398945409805,0.00146972318179905,0.00129019212909043,0.00144684419501573,0.0016077469335869,0.00114572374150157,0.0012997763697058,0.00140562991145998,
2085.0,0.00149908731691539,0.00148619781248271,0.00130391935817897,0.00125620793551207,0.00104989798273891,0.00117892271373421,0.00126814749091864,0.00143699976615608,0.00126985635142773,0.00150540226604789,0.0012281269300729,0.00130494614131749,0.0014671798562631,0.0015936583513394,0.00149029504973441,0.00148369919043034,0.00130090303719044,0.00150149094406515,0.00161739683244377,0.00149201112799346,0.00117754854727536,0.00152428972069174,0.00109576899558306,0.00156008801423013,0.0015204023802653,0.00161862780805677,0.00140676996670663,0.00131968036293983,0.00102930970024318,0.00129356433171779,0.00121732114348561,0.00133891450241208,0.0016835619462654,0.00158829358406365,0.00146449252497405,0.00160523946397007,0.00130642182193696,0.00118310109246522,0.00109865691047162,0.00124539562966675,0.00147844012826681,0.00147268269211054,0.0012941729510203,0.00144750298932195,0.00161480519454926,0.00114576879423112,0.00130333274137229,0.00141106301452965,
2086.0,0.00150567071978003,0.00149085593875498,0.00130985933355987,0.00126474746502936,0.00105391314718872,0.00118521007243544,0.0012727394932881,0.0014391572913155,0.00127094215713441,0.00150969240348786,0.00123116059694439,0.00131155189592391,0.00147095392458141,0.00159982149489224,0.00149483478162438,0.00148372701369226,0.00130345253273845,0.00150495301932096,0.00162599224131554,0.00149565108586103,0.00118104729335755,0.00152469694148749,0.00109994551166892,0.00156554579734802,0.00152331509161741,0.00162618421018124,0.00141085707582533,0.00132423872128129,0.00103069900069386,0.00129362149164081,0.0012174203293398,0.00134731701109558,0.00169127364642918,0.00158921629190445,0.001469028997235,0.00161010026931763,0.00130927434656769,0.0011886932188645,0.00110477034468204,0.00125002290587872,0.00148193957284093,0.00147458119317889,0.00130143656861037,0.00145059823989868,0.0016173217445612,0.00114585843402892,0.00130668736528605,0.0014163046143949,
2087.0,0.00151468836702406,0.00149489240720868,0.00131197634618729,0.00127230130601674,0.00105809478554875,0.00119049428030849,0.00127695768605918,0.00144207396078855,0.00127501832321286,0.00151516287587583,0.00123443850316107,0.00131758500356227,0.00147588457912207,0.00160523701924831,0.00150011049117893,0.00148759689182043,0.00130581401754171,0.00150846689939499,0.00163331511430442,0.00150244415272027,0.00117905728984624,0.00152625353075564,0.00110483402386308,0.00157141906674951,0.00152628403156996,0.00163137447088957,0.00141457805875689,0.00132915237918496,0.00103582034353167,0.00129608833231032,0.00121652928646654,0.00135508447419852,0.00169681501574814,0.00159101956523955,0.00147504778578877,0.00161667098291218,0.0013145866105333,0.00119306019041687,0.00110683823004365,0.00125597626902163,0.00148151582106948,0.00147918786387891,0.00130434823222458,0.00145658676046878,0.00162247091066092,0.00114463630598038,0.00130977656226605,0.00142404634971172,
2088.0,0.00152203207835555,0.00150011340156198,0.00131641014013439,0.00127314263954759,0.00106112868525088,0.00119364785496145,0.00128455075901002,0.00144516781438142,0.0012807558523491,0.00151970516890287,0.00123773515224457,0.00132448051590472,0.00148192513734102,0.00160847289953381,0.00150318082887679,0.00149154965765774,0.00131109217181802,0.0015130543615669,0.00163829780649394,0.00150769541505724,0.00117993145249784,0.00152772560250014,0.0011100668925792,0.00157774484250695,0.00153197313193232,0.00163676217198372,0.00142069591674954,0.00133571773767471,0.00103958428371698,0.00130125985015184,0.00122254074085504,0.00136016949545592,0.00169946788810194,0.00159807922318578,0.00148143130354583,0.00162252935115248,0.0013207319425419,0.00119977549184114,0.00110766000580043,0.00126195943448693,0.00148364854976535,0.00148234132211655,0.00130424625240266,0.0014669174561277,0.00163471535779536,0.00114740850403905,0.0013159530935809,0.00143043883144855,
2089.0,0.00152709265239537,0.00150355638470501,0.00131799466907978,0.00127419910859317,0.00106507621239871,0.00119701190851629,0.00129118526820093,0.00144986971281469,0.00128602364566177,0.00152198213618249,0.0012421760475263,0.00132831768132746,0.00148786848876625,0.00161194312386215,0.00150592240970582,0.00149414746556431,0.00131303851958364,0.00151809595990926,0.00163773540407419,0.00151468580588698,0.00118158501572907,0.00153220538049936,0.00111979164648801,0.00158029864542186,0.00154088879935443,0.00164020317606628,0.00142852053977549,0.00134093209635466,0.00104556407313794,0.00130717025604099,0.00122598779853433,0.00136303948238492,0.00170240527950227,0.00160621933173388,0.00148689083289355,0.00162604229990393,0.00132384896278381,0.00120620371308178,0.00111193221528083,0.00126477761659771,0.00148616207297891,0.00148797524161637,0.00130901043303311,0.0014765408122912,0.00164352334104478,0.00115220493171364,0.00132208655122668,0.00143250683322549,
2090.0,0.00152805785182863,0.00150417140685022,0.00131581863388419,0.00127634557429701,0.00106981827411801,0.00120070157572627,0.00129385374020785,0.00145355286076665,0.00129361776635051,0.00152476085349917,0.00124506570864469,0.00132821395527571,0.00149610871449113,0.00161641533486545,0.00150757259689271,0.00150021840818226,0.0013158613583073,0.00152370834257454,0.00163617683574557,0.00151886022649705,0.00118256057612598,0.00153851031791419,0.00112445920240134,0.00158176256809384,0.00155000190716237,0.00164475396741182,0.00143636134453118,0.0013464477378875,0.00105097610503435,0.00131448579486459,0.0012309238081798,0.00136284437030554,0.00170643406454474,0.00161548890173435,0.00149048131424934,0.00162919820286334,0.00132861617021263,0.00120798987336457,0.00111460546031594,0.00126825040206313,0.00148919702041894,0.00149241928011179,0.00131110299844295,0.00148322270251811,0.00165020662825555,0.0011555461678654,0.00132685992866755,0.00143701012711972,
2091.0,0.00153074681293219,0.00150598748587072,0.00131572666577995,0.00127651426009834,0.0010739314602688,0.00120341428555548,0.00129596784245223,0.00145634112413973,0.00129807111807168,0.00152592523954809,0.00124818354379386,0.00132949277758598,0.00150254578329623,0.00162042852025479,0.00150813988875598,0.00150268373545259,0.00132045918144286,0.00152837729547173,0.0016375194536522,0.00152124371379614,0.00118577165994793,0.00154291512444615,0.00112748076207936,0.00158525817096233,0.00155527202878147,0.00164729100652039,0.00144155044108629,0.00134908116888255,0.0010537423659116,0.00131943146698177,0.00123575690668076,0.00136442598886788,0.00170950347092003,0.0016208280576393,0.0014936049701646,0.00163264467846602,0.00133156240917742,0.00120939733460546,0.00111751083750278,0.00127167883329093,0.00149137619882822,0.00149524980224669,0.001313321525231,0.00148887874092907,0.00165423599537462,0.00115951697807759,0.0013312567025423,0.00143950060009956,
2092.0,0.00153279525693506,0.00150829344056547,0.00131556601263583,0.00127482682000846,0.00107766513247043,0.00120491872075945,0.00129620498046279,0.00145739200524986,0.00130196777172387,0.00152479740791023,0.00125040463171899,0.00133017962798476,0.00150989252142608,0.00162592472042888,0.00150614266749471,0.00150259328074753,0.00132677331566811,0.00153527781367302,0.00163940154016018,0.00152044009882957,0.00119208975229412,0.00154711748473346,0.00112866191193461,0.00159071735106409,0.00155885866843164,0.00164874154143035,0.00144589878618717,0.00135086907539517,0.00105287611950189,0.00132292066700757,0.00124162586871535,0.00136596732772887,0.00171247299294919,0.00162576325237751,0.00149498227983713,0.0016350137302652,0.00133246136829257,0.00120951409917325,0.00112204428296536,0.00127421715296805,0.00149469566531479,0.00149807170964777,0.00131638755556196,0.00149321719072759,0.00165549258235842,0.00116572435945272,0.00133589410688728,0.00143997999839485,
2093.0,0.00153548759408295,0.00150873616803437,0.00131467008031905,0.00127747154328972,0.00108176958747208,0.00120633118785918,0.00129509845282882,0.0014563495060429,0.0013014713767916,0.00152373255696148,0.00125438917893916,0.00133028556592762,0.00151378486771137,0.00162981462199241,0.00150776701048017,0.00150066474452615,0.00133251235820353,0.00153636035975069,0.00164150854106992,0.00152143451850861,0.00119782192632556,0.00155255442950875,0.00113279896322638,0.00159097148571163,0.00156057986896485,0.00165116542484611,0.00144756305962801,0.0013502377551049,0.0010540900984779,0.00132427888456732,0.00124415068421513,0.0013698412803933,0.00171529036015272,0.00162526604253799,0.00149546016473323,0.00163666857406497,0.0013319879071787,0.00121103331912309,0.0011253944830969,0.00127537129446864,0.00149359973147511,0.00150096020661294,0.00132011156529188,0.00149516970850527,0.00165331980679184,0.00116896722465754,0.0013374665286392,0.00143914471846074,
2094.0,0.00153937225695699,0.00151036342140287,0.00131842237897217,0.00127779471222311,0.00108390022069216,0.00120723049622029,0.00129449809901416,0.00145931157749146,0.00129859044682235,0.00152428518049419,0.00125681329518557,0.00133250001817942,0.00151286157779396,0.00163249240722507,0.0015104585327208,0.001499755657278,0.00133750890381634,0.00153420225251466,0.00164505618158728,0.00152205221820623,0.00120229250751436,0.00155301613267511,0.00113020150456578,0.00159081432502717,0.00156037404667586,0.00165307288989425,0.00144658249337226,0.00134925555903465,0.00105313456151634,0.00132594222668558,0.00124744127970189,0.00137087458278984,0.00171654380392283,0.00162298115901649,0.00149741338100284,0.00163740839343518,0.00133408245164901,0.00121144636068493,0.00112366012763232,0.00127975828945637,0.00149480439722538,0.00149652757681906,0.001319843926467,0.00149626261554658,0.0016519840573892,0.00116966397035867,0.00133688910864294,0.00144082598853856,
2095.0,0.00154383468907326,0.00151441909838468,0.00132218957878649,0.00127828749828041,0.00108493480365723,0.00120761105790734,0.00129917601589113,0.00146361999213696,0.0012978162849322,0.00152256933506578,0.00125997047871351,0.00133675173856318,0.00150904059410095,0.00163320975843817,0.00151089322753251,0.00149953202344477,0.00134075211826712,0.00153420970309526,0.00164994923397899,0.00152094382792711,0.00120284932199866,0.00154910783749074,0.00112827587872744,0.00159553531557322,0.00155774783343077,0.00165124679915607,0.00144391146022826,0.00134587893262506,0.00105307775083929,0.00132646050769836,0.00124843779485673,0.00137245433870703,0.00171266123652458,0.00162196846213192,0.00149876298382878,0.00163898628670722,0.00133312703110278,0.00121391122229397,0.00112433219328523,0.00128330674488097,0.00149503664579242,0.00149134534876794,0.00131880468688905,0.00149687158409506,0.00165137590374798,0.00116959027945995,0.00133821868803352,0.00143718277104199,
2096.0,0.00154371454846114,0.00151248252950609,0.00132408016361296,0.00128421105910093,0.00108421081677079,0.00120905344374478,0.00130408885888755,0.00146778672933578,0.00129784957971424,0.00152366433758289,0.00125943869352341,0.00133824173826724,0.0015030795475468,0.00162944756448269,0.00151262420695275,0.00150308408774436,0.001342753181234,0.00153209327254444,0.0016514859162271,0.00152332289144397,0.00120139017235488,0.00154563540127128,0.00113008718471974,0.00159449933562428,0.00155602768063545,0.00165060220751911,0.00144129153341055,0.00134412106126547,0.00105662189889699,0.00132646027486771,0.00125035538803786,0.00137374096084386,0.00171191489789635,0.00162317685317248,0.001496926182881,0.00163774623069912,0.00133506685961038,0.00121779914479703,0.00112684280611575,0.00128359615337104,0.00149547564797103,0.00148736708797514,0.001318903057836,0.0014954274520278,0.00165225949604064,0.00116710981819779,0.00133892719168216,0.00143339135684073,
2097.0,0.00154422712512314,0.00151050684507936,0.00132663839031011,0.00128828373271972,0.00108080299105495,0.00120942469220608,0.00130492425523698,0.0014714595163241,0.00129734876099974,0.00152658671140671,0.0012556710280478,0.00133915955666453,0.0014989385381341,0.00162787945009768,0.00151615857612342,0.00150961428880692,0.00134034978691489,0.00153214950114489,0.00165101385209709,0.00152342533692718,0.00120078178588301,0.00154192792251706,0.00112837343476713,0.00159427791368216,0.0015540134627372,0.00164999940898269,0.00144026090856642,0.00134590081870556,0.00105989607982337,0.00132774957455695,0.00125133409164846,0.00137425330467522,0.00171327299904078,0.00162579724565148,0.00149490521289408,0.00163350440561771,0.00133534544147551,0.0012178854085505,0.00112684431951493,0.00128474272787571,0.00149798765778542,0.00148294097743928,0.00131675042212009,0.00149229064118117,0.0016524299280718,0.00116633484140038,0.00133726373314857,0.00143341196235269,
2098.0,0.00154188496526331,0.00151051941793412,0.00132362497970462,0.0012899759458378,0.0010812294203788,0.00120875029824674,0.00130522798281163,0.00147162785287946,0.00129969418048859,0.00152755342423916,0.00125655916053802,0.00133934780023992,0.00150133948773146,0.00162803533021361,0.00151770934462547,0.00151461351197213,0.00133687222842127,0.00153624033555388,0.0016522544901818,0.00152127456385642,0.00120086455717683,0.00154276343528181,0.0011295290896669,0.00159904558677226,0.00155207247007638,0.00164807215332985,0.00143945915624499,0.0013472120044753,0.00106374360620975,0.00132725876756012,0.00125302735250443,0.00137781293597072,0.00171457033138722,0.00162720738444477,0.00149307586252689,0.00163582677487284,0.0013341479934752,0.00121774489525706,0.00112943595740944,0.00128433271311224,0.00149832956958562,0.00148636545054615,0.00131501164287329,0.00149011146277189,0.00165467360056937,0.00116597814485431,0.00133504858240485,0.00143426156137139,
2099.0,0.00153523671906441,0.0015075842384249,0.00132088654208928,0.00128927314653993,0.00108137016650289,0.00120978057384491,0.00130303390324116,0.00147114123683423,0.00129776529502124,0.001530981506221,0.00125459814444184,0.00133798632305115,0.00150757504161447,0.00162453134544194,0.00151901226490736,0.00151793053373694,0.00133636081591249,0.00153847027104348,0.00165081990417093,0.00152248085942119,0.00120373431127518,0.0015476067783311,0.00113322550896555,0.00160061160568148,0.00155017874203622,0.00164665328338742,0.00144045567139983,0.00134818535298109,0.00106885784771293,0.0013269066112116,0.00125534064136446,0.00138378771953285,0.00171923649031669,0.00163024861831218,0.00149234081618488,0.00163685576990247,0.00133786036167294,0.00121415732428432,0.0011341335484758,0.00128360430244356,0.00149977777618915,0.00149266608059406,0.00131603376939893,0.00149021204560995,0.00165785884018987,0.00116437603719532,0.00133577210363001,0.00143690395634621,
2100.0,0.00153353961650282,0.00150834978558123,0.00132191833108664,0.00128965289331973,0.00108227878808975,0.00121114228386432,0.00130270607769489,0.00146932923234999,0.00129491148982197,0.00153350050095469,0.00125554471742362,0.00133973953779787,0.00151468790136278,0.00162486976478249,0.00152327120304108,0.00151775416452438,0.00133821147028357,0.00154056120663881,0.00164876610506326,0.00152161717414856,0.00120941922068596,0.00155320821795613,0.00113644113298506,0.0016016757581383,0.00155185186304152,0.00164773326832801,0.00144436361733824,0.00135224708355963,0.00106823863461614,0.00132846448104829,0.00125741132069379,0.00139116577338427,0.0017231369856745,0.00163587066344917,0.00149626098573208,0.00163763156160712,0.0013393493136391,0.0012128766393289,0.00113481213338673,0.00128854182548821,0.00150198605842888,0.00149812689051032,0.00131820002570748,0.00149165443144739,0.00165972590912133,0.00116408732719719,0.00133838504552841,0.00144125788938254,
2101.0,0.00153473415412009,0.00150959962047637,0.00132601789664477,0.00128905475139618,0.00108830607496202,0.00121114077046514,0.00130609585903585,0.00146857206709683,0.00129771837964654,0.00153481296729296,0.00126667891163379,0.00134355144109577,0.001520283985883,0.00162933929823339,0.00152602756861597,0.00151590525638312,0.00134392490144819,0.00154172396287322,0.00164646259509027,0.00151918234769255,0.0012147311354056,0.00155714387074113,0.00114040041808039,0.00160471256822348,0.00155575922690332,0.00165181956253946,0.00144747970625758,0.00135735946241766,0.00106582802254707,0.00132986530661583,0.00125995895359665,0.00139836978632957,0.00172502303030342,0.00163969735149294,0.00150181958451867,0.00164088152814656,0.00134179717861116,0.0012170341797173,0.00113722437527031,0.00128953845705837,0.00150371040217578,0.00150703347753733,0.00132243940606713,0.00149548472836614,0.00166080275084823,0.00116393307689577,0.00134255574084818,0.00144344288855791,
2102.0,0.00153500505257398,0.00150965026114136,0.00133226020261645,0.00128803483676165,0.00109216081909835,0.00121366046369076,0.00130858132615685,0.00147331797052175,0.00129952235147357,0.001539028249681,0.00127269909717143,0.00134755088947713,0.00152258144225925,0.00163157994393259,0.00152752199210227,0.00151932961307466,0.00135117734316736,0.00154060684144497,0.00164469913579524,0.00151979574002326,0.00121617515105754,0.0015568082453683,0.00114292674697936,0.00160505366511643,0.00155555689707398,0.00165884802117944,0.00145239068660885,0.00136052200105041,0.00106939836405218,0.00133514718618244,0.00125844846479595,0.00140309007838368,0.0017253675032407,0.0016446546651423,0.00150650378782302,0.00164230959489942,0.00134445959702134,0.00122205074876547,0.0011403146199882,0.0012895833933726,0.00150666409172118,0.00151069031562656,0.00132785004097968,0.00150236813351512,0.00165921135339886,0.00116164225619286,0.00135024602059275,0.00144580367486924,
2103.0,0.00153835699893534,0.00151367555372417,0.00133647269103676,0.00129032821860164,0.00109552405774593,0.0012156127486378,0.0013115587644279,0.00147846585605294,0.00130278698634356,0.00154060695786029,0.0012763764243573,0.00134940561838448,0.00152395584154874,0.00163459475152195,0.00153004541061819,0.00152187375351787,0.00135549926199019,0.00153999903704971,0.00164489378221333,0.00152079842519015,0.00121797272004187,0.00155673956032842,0.00114365818444639,0.00160434131976217,0.00155865994747728,0.00166481512133032,0.0014553532237187,0.00136283121537417,0.00106929778121412,0.00134083372540772,0.00125824869610369,0.00140361150261015,0.00172578042838722,0.00164797692559659,0.0015094461850822,0.00164419854991138,0.00134683039505035,0.00122998445294797,0.00114221125841141,0.0012914736289531,0.00150944315828383,0.00151165842544287,0.00133351143449545,0.00150508142542094,0.00165867095347494,0.00116287218406796,0.00135573325678706,0.00144846411421895,
2104.0,0.00154312630183995,0.00151644181460142,0.0013397108996287,0.00129030575044453,0.00109908310696483,0.00121555419173092,0.00131466286256909,0.00148264761082828,0.00130780367180705,0.00154079857748002,0.00127805804368109,0.00135051610413939,0.00152359972707927,0.00163882970809937,0.00153135776054114,0.00152370531577617,0.00135789555497468,0.00154185516294092,0.0016452077543363,0.00152080052066594,0.00122019182890654,0.0015581282787025,0.00114297599066049,0.00160752877127379,0.00156338280066848,0.0016697176033631,0.00145503727253526,0.00136422400828451,0.00107176590245217,0.00134566810447723,0.00126075756270438,0.00140221498440951,0.00172672152984887,0.0016463624779135,0.00150822068098933,0.00164635933469981,0.00135026534553617,0.00123564468231052,0.00114588555879891,0.00128891295753419,0.00150874478276819,0.00151416554581374,0.00133574474602938,0.00150532042607665,0.00166040763724595,0.00116720527876168,0.00135390448849648,0.00144902453757823,
2105.0,0.00154283386655152,0.00152030913159251,0.00133708259090781,0.00129197898786515,0.00110189209226519,0.00121744780335575,0.00131717522162944,0.001487031346187,0.00130748655647039,0.00154008984100074,0.00127370050176978,0.00135090341791511,0.00152237189467996,0.00164232135284692,0.00152979767881334,0.00152837124187499,0.00135641009546816,0.00154359173029661,0.00164699309971184,0.00152264104690403,0.00122152827680111,0.00155997439287603,0.00114299065899104,0.00160858640447259,0.00156292680185288,0.00167410913854837,0.0014549414627254,0.0013623780105263,0.00107762508559972,0.00135082448832691,0.0012636249884963,0.00139889516867697,0.00172743352595717,0.00164467177819461,0.00150644790846854,0.00164922245312482,0.00134976534172893,0.00123784900642931,0.00114708743058145,0.00129089271649718,0.00151027063839138,0.00151282781735063,0.0013370371889323,0.00150984746869653,0.00166394817642868,0.00116922403685749,0.0013524730456993,0.00145142851397395,
2106.0,0.00154314236715436,0.00152609730139375,0.00133280293084681,0.00129611929878592,0.00110491504892707,0.00121961196418852,0.00132041645701975,0.00148895673919469,0.00130742182955146,0.00153810309711844,0.00127223914023489,0.0013505156384781,0.001523572136648,0.00164473836775869,0.00152855343185365,0.00152953353244811,0.00135187560226768,0.00154461327474564,0.00164884212426841,0.0015251183649525,0.00122329476289451,0.00156609923578799,0.0011442934628576,0.00160924240481108,0.00156572193372995,0.00167466537095606,0.00145403726492077,0.00136013200972229,0.0010783871402964,0.00135173532180488,0.00126599287614226,0.00139480433426797,0.00173069350421429,0.00164408225100487,0.00150445883627981,0.00165094120893627,0.0013475154992193,0.00123797077685595,0.0011499309912324,0.00129483838099986,0.0015131295658648,0.00151358940638602,0.00133871997240931,0.00151182827539742,0.00166876509319991,0.00117387715727091,0.00135381845757365,0.00145361991599202,
2107.0,0.00154192571062595,0.00152847834397107,0.0013315147953108,0.00129903014749289,0.00110462016891688,0.00122120592277497,0.0013238915707916,0.00148828607052565,0.00130918377544731,0.00153734267223626,0.00126955192536116,0.00135528377722949,0.00152268842794001,0.00164561718702316,0.00152834062464535,0.00152839778456837,0.00134986185003072,0.00154597882647067,0.00165005621965975,0.00152615376282483,0.001223647268489,0.00157083687372506,0.00114769663196057,0.0016126356786117,0.00156804081052542,0.00167251494713128,0.00145434343721718,0.00135992420837283,0.00108082522638142,0.00135213101748377,0.00126546062529087,0.00139426626265049,0.0017330952687189,0.00164274510461837,0.00150165893137455,0.00165257113985717,0.00134465005248785,0.00123717403039336,0.00115056906361133,0.00129561894573271,0.00151091674342752,0.00151460361666977,0.0013356083072722,0.00151269836351275,0.00167191086802632,0.00117781152948737,0.00135233858600259,0.00145475112367421,
2108.0,0.00154138007201254,0.0015298193320632,0.00133027893025428,0.00130104587879032,0.00110421213321388,0.00122276938054711,0.0013252318603918,0.00148822378832847,0.00131056748796254,0.00153641868382692,0.0012688604183495,0.00135659030638635,0.00152170669753104,0.00164599798154086,0.00152774213347584,0.00152779335621744,0.00134911050554365,0.00154699559789151,0.00164986995514482,0.00152864225674421,0.00122452189680189,0.00157131114974618,0.00115089095197618,0.00161334907170385,0.001569036510773,0.00167098129168153,0.00145362119656056,0.00135926366783679,0.0010830961400643,0.00135181634686887,0.00126515212468803,0.00139346066862345,0.00173231621738523,0.00164244475308806,0.00150002678856254,0.00165339815430343,0.00134404865093529,0.00123656983487308,0.00115078827366233,0.00129620474763215,0.00151111045852304,0.00151471106801182,0.0013336589327082,0.00151392119005322,0.00167340703774244,0.00118023157119751,0.00135233823675662,0.00145533995237201,
2109.0,0.00153938191942871,0.00153103622142226,0.00132865982595831,0.00130298989824951,0.00110268348362297,0.00122481945436448,0.00132487388327718,0.00148903648369014,0.0013123897369951,0.00153643009252846,0.00127038871869445,0.00135729776229709,0.00152115756645799,0.00164571544155478,0.00152725377120078,0.00152781431097537,0.00134846125729382,0.00154755357652903,0.00164809310808778,0.00153358851093799,0.00122530735097826,0.00156896526459605,0.00115577364340425,0.00161104719154537,0.0015682561788708,0.00166890141554177,0.00145228567998856,0.00135856063570827,0.00108718895353377,0.00135072041302919,0.00126262078993022,0.00139361515175551,0.00172814482357353,0.00164266547653824,0.00150022958405316,0.00165357941295952,0.00134344247635454,0.00123591197188944,0.00114896323066205,0.00129736808594316,0.00151298893615603,0.00151434843428433,0.00133139791432768,0.00151646719314158,0.00167352717835456,0.0011813152814284,0.00135531288105994,0.00145564670674503,
2110.0,0.0015406507300213,0.00153024937026203,0.00132941547781229,0.00130211468786001,0.00110136321745813,0.00122631841804832,0.0013228626921773,0.0014876548666507,0.00131482922006398,0.00153530423995107,0.00127213471569121,0.00135438749566674,0.00152146373875439,0.00164277013391256,0.00152797461487353,0.00152428413275629,0.00134968524798751,0.00154813483823091,0.00164641067385674,0.00153813022188842,0.0012237400515005,0.00156381644774228,0.00115973467472941,0.00160895881708711,0.00157057505566627,0.00166532886214554,0.00145161803811789,0.0013582045212388,0.00108623562846333,0.00134742190130055,0.00125848548486829,0.0013920160708949,0.00172421312890947,0.00164577446412295,0.00149857217911631,0.00165367324370891,0.00134368683211505,0.0012346274452284,0.00115095369983464,0.00129436911083758,0.00151410582475364,0.00151511176954955,0.00132940290495753,0.00151646300218999,0.00167196698021144,0.00118285708595067,0.00135728029999882,0.00145717069972306,
2111.0,0.00153781310655177,0.00152590835932642,0.0013309036148712,0.00129894074052572,0.00109906145371497,0.00122691551223397,0.00132076209411025,0.00148308090865612,0.00131419091485441,0.00153308047447354,0.00127020222134888,0.00135199993383139,0.00151735765393823,0.0016388762742281,0.00152528507169336,0.00152249436359853,0.00135104719083756,0.00154572492465377,0.00164722418412566,0.00153754150960594,0.0012227192055434,0.00155501021072268,0.00116113794501871,0.00160793983377516,0.00156645313836634,0.00166106608230621,0.00145271373912692,0.0013589789159596,0.00108508160337806,0.0013461111811921,0.00125843530986458,0.00139085261616856,0.00171912088990211,0.00164503580890596,0.00149558600969613,0.00165367138106376,0.00134893809445202,0.00123553001321852,0.00115086126606911,0.00128942728042603,0.00151231931522489,0.00151253142394125,0.00132564769592136,0.00151574914343655,0.00166941352654248,0.00118217046838254,0.00135591940488666,0.00145581748802215,
2112.0,0.00153617293108255,0.00152106117457151,0.00133087520953268,0.00129590521100909,0.0010966028785333,0.00122636801097542,0.00131964101456106,0.00148084398824722,0.00131150730885565,0.00153195578604937,0.00127255381084979,0.00134744844399393,0.00151440012268722,0.00163555878680199,0.00152098841499537,0.00152286747470498,0.00134880864061415,0.00154407287482172,0.00164757226593792,0.0015347006265074,0.00122316635679454,0.00154728477355093,0.00116041256114841,0.00160395679995418,0.00156199536286294,0.0016595188062638,0.00145148357842118,0.00135933863930404,0.00108307832852006,0.00134349230211228,0.00126410601660609,0.00138522987253964,0.00171617500018328,0.00164282019250095,0.00149241904728115,0.00165122968610376,0.00135512067936361,0.00123368611093611,0.00115169549826533,0.00128594075795263,0.00151301815640181,0.00151208555325866,0.0013256425736472,0.00151342980097979,0.00166667904704809,0.00118199200369418,0.00135572056751698,0.00145151652395725,
2113.0,0.00153342285193503,0.00151439756155014,0.00133083364926279,0.00129314791411161,0.00109585258178413,0.00122639175970107,0.00131821655668318,0.00147661287337542,0.00130537187214941,0.00152902374975383,0.00127012189477682,0.00134399428498,0.00151411013212055,0.00163152057211846,0.00151729350909591,0.00151965743862092,0.00134507997427136,0.00154337123967707,0.0016461843624711,0.00152804958634079,0.00121846236288548,0.00154159823432565,0.00115956703666598,0.00160003360360861,0.0015595763688907,0.00165430945344269,0.00145141687244177,0.00135639833752066,0.00107733847107738,0.00134077889379114,0.00126604153774679,0.00137992890086025,0.00171678932383657,0.00164056371431798,0.00148874591104686,0.00164966471493244,0.00135451089590788,0.00123257806990296,0.00115178932901472,0.0012826471356675,0.00151090847793967,0.0015124436467886,0.00132440263405442,0.00151614320930094,0.00166287599131465,0.00118017557542771,0.00135563861113042,0.001450837822631,
2114.0,0.00152808229904622,0.00151006795931607,0.00133201282005757,0.00129017641302198,0.00109433941543102,0.00122607534285635,0.00131505087483674,0.00147354998625815,0.00129627389833331,0.00152913248166442,0.00126689509488642,0.00134352874010801,0.00151115003973246,0.00162799714598805,0.00151130266021937,0.00151549372822046,0.00133885105606169,0.00153582135681063,0.00164400867652148,0.00151907280087471,0.00121660903096199,0.00154124200344086,0.00115462520625442,0.00159696536138654,0.00155237095896155,0.00164645758923143,0.00145121349487454,0.00135478959418833,0.00107554194983095,0.00133913836907595,0.00126558425836265,0.00137752166483551,0.0017154646338895,0.00163241184782237,0.00148681981954724,0.00164617551490664,0.00135379598941654,0.00123657425865531,0.00114745309110731,0.00128088472411036,0.00150682497769594,0.00151116691995412,0.00132403906900436,0.00151642260607332,0.00165934104006737,0.0011775215389207,0.00135310017503798,0.00144786876626313,
2115.0,0.00152824551332742,0.00150781380943954,0.00133262225426733,0.00128862564451993,0.00109104486182332,0.00122171174734831,0.00131346425041556,0.00147341913543642,0.00129089166875929,0.00153298326767981,0.00126637448556721,0.00134378799702972,0.00150977447628975,0.00162362644914538,0.00150832545477897,0.00151115283370018,0.00133548735175282,0.00153114146087319,0.00164234649855644,0.00151199044194072,0.00121767830569297,0.00154614145867527,0.00115219980943948,0.00159401108976454,0.00155083346180618,0.00164217199198902,0.00144880462903529,0.00135431543458253,0.00107298011425883,0.001336615299806,0.00126404559705406,0.001374292653054,0.00171629898250103,0.00163061777129769,0.00148636021185666,0.00164415489416569,0.00134964566677809,0.00123326387256384,0.00114402279723436,0.00128185620997101,0.00150361284613609,0.00150925305206329,0.00132657890208066,0.00151040824130177,0.0016551996814087,0.00117583048995584,0.00134891050402075,0.00144659064244479,
2116.0,0.00152949488256127,0.00150457816198468,0.00133200292475522,0.00128906778991222,0.00109216070268303,0.00121862685773522,0.00130899529904127,0.00147090363316238,0.0012907546479255,0.00153329828754067,0.00126238260418177,0.00134260766208172,0.00150794163346291,0.00162201502826065,0.00150724232662469,0.0015068236971274,0.0013358739670366,0.0015302668325603,0.00164014974143356,0.00150939042214304,0.00121726316865534,0.00155329250264913,0.0011488493764773,0.00159365648869425,0.00155397120397538,0.00163979630451649,0.00144671369343996,0.00135191471781582,0.00107104831840843,0.00133577303495258,0.00125884544104338,0.00137524656020105,0.00171707605477422,0.001631562365219,0.00148825952783227,0.00164302659686655,0.00134553911630064,0.00123177014756948,0.00114086468238384,0.00128547486383468,0.00149953411892056,0.00150381005369127,0.00132571964059025,0.00150983221828938,0.00165206391829997,0.00117260206025094,0.0013464781222865,0.00144901964813471,
2117.0,0.00153262179810554,0.0015062753809616,0.00133143900893629,0.00128929188940674,0.00109504244755954,0.00121826364193112,0.00130639469716698,0.00146946462336928,0.00129344046581537,0.00153401005081832,0.00126173312310129,0.00134155573323369,0.00150109839159995,0.00161884620320052,0.00150578375905752,0.00150512030813843,0.00133736478164792,0.00152556202374399,0.00163936242461205,0.00151240034028888,0.001220912206918,0.00156006123870611,0.00114310695789754,0.00159522751346231,0.00155358936171979,0.00164042820688337,0.00144583033397794,0.00135530019178987,0.00107475102413446,0.00133392622228712,0.00125577836297452,0.00137638638261706,0.00171644252259284,0.0016304625896737,0.00148973008617759,0.00163991691078991,0.00134275178425014,0.00123502500355244,0.00113892566878349,0.00128790584858507,0.00149482919368893,0.00150195602327585,0.0013258820399642,0.00150775373913348,0.00165398651733994,0.00117212207987905,0.00134458730462939,0.00144862802699208,
2118.0,0.00153589202091098,0.00151042896322906,0.00133107649162412,0.00128925871104002,0.00109465047717094,0.00121914176270366,0.00130752788390964,0.00147020479198545,0.00129924179054797,0.0015362068079412,0.00126300717238337,0.00134158809669316,0.00149968732148409,0.00161551905330271,0.00150930404197425,0.0015092589892447,0.00134087714832276,0.00152741826605052,0.00164354837033898,0.00151639129035175,0.001220443402417,0.00156292342580855,0.0011453905608505,0.00159631576389074,0.00155444559641182,0.0016463635256514,0.00144508329685777,0.00135858962312341,0.00107707863207906,0.00133090885356069,0.00125526066403836,0.00137849280145019,0.00171586801297963,0.00163421884644777,0.00149064348079264,0.00163950375281274,0.0013411536347121,0.00123213406186551,0.00114119739737362,0.00129125907551497,0.00149489566683769,0.00150408409535885,0.00132660940289497,0.00150251504965127,0.00165612890850753,0.00117431301623583,0.00134747242555022,0.00144926458597183,
2119.0,0.00153625872917473,0.00151307904161513,0.00133037997875363,0.00129107898101211,0.00109478132799268,0.00122533645480871,0.00130838633049279,0.00147259759251028,0.00130621006246656,0.00153812055941671,0.00126567855477333,0.00134168670047075,0.00150327908340842,0.00161966809537262,0.00151538744103163,0.00151251256465912,0.00134543387684971,0.00153340387623757,0.00164746574591845,0.00151832087431103,0.00121800869237632,0.00156396627426147,0.001147196511738,0.00159564940258861,0.00155808078125119,0.0016549548599869,0.00144899159204215,0.00136196229141206,0.00107966095674783,0.00132849044166505,0.00125536613631994,0.0013806646456942,0.0017166833858937,0.00163447926752269,0.00149385863915086,0.00163989886641502,0.00134409195743501,0.00123364687897265,0.00114378950092942,0.00129478343296796,0.00149900035466999,0.0015074439579621,0.0013269439805299,0.00150292611215264,0.00165819574613124,0.00117604597471654,0.00135168619453907,0.00145213049836457,
2120.0,0.00153697992209345,0.00151656963862479,0.00133234285749495,0.00129436329007149,0.00109607412014157,0.0012324252165854,0.00131234957370907,0.00147847319021821,0.00130898831412196,0.00153979938477278,0.0012699484359473,0.00134248018730432,0.0015075815608725,0.00162248441483825,0.00151934241876006,0.00151348405051976,0.00135095394216478,0.00153555814176798,0.00164692115504295,0.00152050517499447,0.00121840042993426,0.0015613988507539,0.00114740885328501,0.00159728177823126,0.0015584888169542,0.0016594958724454,0.00145456066820771,0.0013687894679606,0.0010825430508703,0.00132670043967664,0.00125873717479408,0.00138212693855166,0.00171774718910456,0.00163405144121498,0.0014970701886341,0.00164266990032047,0.00134731456637383,0.00123698881361634,0.00114682270213962,0.00129763875156641,0.00150336348451674,0.00151279661804438,0.00133073097094893,0.00150707573629916,0.00166261929553002,0.00118030339945108,0.00135494652204216,0.00145050010178238,
2121.0,0.00153652834706008,0.00151822273619473,0.00133612565696239,0.00129690661560744,0.00109709124080837,0.00123565515968949,0.00131653796415776,0.00148309080395848,0.00131182081531733,0.00154315202962607,0.0012727864086628,0.00134474120568484,0.00151262024883181,0.00162778561934829,0.00152510451152921,0.00151812320109457,0.00135259446687996,0.00154151034075767,0.00164764141663909,0.00152220635209233,0.00121570820920169,0.00155770557466894,0.00114981061778963,0.00160087854601443,0.00156019267160445,0.00166493176948279,0.00145774998236448,0.00137208786327392,0.00108384375926107,0.00132702279370278,0.00126145489048213,0.00138608983252198,0.00171855778899044,0.00163765263278037,0.00150224042590708,0.00164912699256092,0.00135180202778429,0.00123799673747271,0.00115123565774411,0.00130073423497379,0.00150909554213285,0.00151846627704799,0.00133609434124082,0.00150932453107089,0.00166659476235509,0.00118308782111853,0.00136048079002649,0.0014498382806778,
2122.0,0.00153721880633384,0.00151806406211108,0.00133704475592822,0.0013009492540732,0.00110125390347093,0.0012381641427055,0.00132134917657822,0.00148463295772672,0.00131646986119449,0.00154697394464165,0.00127645290922374,0.00134870235342532,0.00151590153109282,0.0016355135012418,0.00153118174057454,0.00151811679825187,0.00135355046950281,0.0015489017823711,0.00164995028171688,0.00152286130469292,0.0012208652915433,0.00156028941273689,0.00115038815420121,0.00160444329958409,0.00156451028306037,0.00167035299818963,0.00146295037120581,0.00137702724896371,0.00108586368151009,0.00133039860520512,0.00126307946629822,0.00138684269040823,0.00172601942904294,0.00164278445299715,0.00150706863496453,0.00165641913190484,0.00135741126723588,0.00124234915710986,0.00115431798622012,0.00130307429935783,0.0015131738036871,0.00152253045234829,0.00134132185485214,0.00151264492888004,0.00167082843836397,0.00118548260070384,0.00136486650444567,0.00145426427479833,
2123.0,0.00154080323409289,0.00152012577746063,0.00134030578192323,0.00130551506299525,0.0011049386812374,0.00124115752987564,0.00132648064754903,0.00148630479816347,0.00132113415747881,0.001550113549456,0.00128067214973271,0.00135225558187813,0.00151979911606759,0.00164122111164033,0.0015352355549112,0.00152161414735019,0.00135707808658481,0.00155237026046962,0.00165272143203765,0.00152663083281368,0.00122623285278678,0.0015637781471014,0.00115304545033723,0.00161059002857655,0.00156769366003573,0.00167271099053323,0.00146632664836943,0.00138003064785153,0.0010888478718698,0.00133569887839258,0.0012665637768805,0.00139206822495908,0.00173199491109699,0.0016470099799335,0.00151106319390237,0.00166108610574156,0.00136262457817793,0.00124479504302144,0.00115754292346537,0.00130582961719483,0.00151836744043976,0.00152565026655793,0.00134641921613365,0.00151810212992132,0.00167656561825424,0.00118961464613676,0.00136923731770366,0.00145777710713446,
2124.0,0.00154757685959339,0.00152476388029754,0.00134588603395969,0.00131157075520605,0.00111054605804384,0.00124122039414942,0.00133285985793918,0.00148442981299013,0.00132706796284765,0.00155102764256299,0.00128393212798983,0.00135631579905748,0.00152068049646914,0.00164516153745353,0.00153744441922754,0.00152982480358332,0.00135907216463238,0.00155318807810545,0.00165528431534767,0.00153594743460417,0.00123364489991218,0.0015687569975853,0.001156120095402,0.00162342225667089,0.00157021719496697,0.00166985753457993,0.00146478100214154,0.00137817941140383,0.00109293637797236,0.00134384911507368,0.00127089291345328,0.00140430883038789,0.00173895957414061,0.00165124016348273,0.0015140037285164,0.00166253687348217,0.00136686686892062,0.00124633440282196,0.00116077903658152,0.00130668736528605,0.00152220681775361,0.00152803980745375,0.00135236454661936,0.00152570498175919,0.00168608140666038,0.00119393575005233,0.0013737651752308,0.00146023649722338,
2125.0,0.00155433046165854,0.0015280427178368,0.00134960585273802,0.001316066714935,0.00111406983342022,0.00124499364756048,0.00133701495360583,0.00148550875019282,0.00133115821518004,0.00155539577826858,0.0012868014164269,0.00136063329409808,0.00152438972145319,0.00165045657195151,0.00154105667024851,0.00153479853179306,0.0013636127114296,0.00155613652896136,0.00165951426606625,0.00154096924234182,0.00123923865612596,0.00157511467114091,0.00116114353295416,0.00163044256623834,0.00157414784189314,0.00167218188289553,0.00146667542867362,0.00138045044150203,0.00109730893746018,0.00135030597448349,0.00127417454496026,0.00141084147617221,0.00174394086934626,0.00165624055080116,0.00151886884123087,0.00166670756880194,0.00137098471168429,0.00124983978457749,0.00116594356950372,0.00130949378944933,0.00152744690421969,0.00153374637011439,0.00135716679506004,0.0015312940813601,0.00169328623451293,0.00119815196376294,0.00137913867365569,0.00146645051427186,
2126.0,0.00156361772678792,0.00153072900138795,0.0013528912095353,0.00132030178792775,0.00111597112845629,0.00125221814960241,0.00134061463177204,0.00148684694431722,0.00133427954278886,0.00156192039139569,0.00129040225874633,0.00136456999462098,0.00153021526057273,0.00165549945086241,0.00154429429676384,0.00153817352838814,0.00137193920090795,0.00155729125253856,0.00166509416885674,0.00154485006351024,0.0012475997209549,0.00158552289940417,0.00116929435171187,0.00163534563034773,0.00157771352678537,0.00167418702039868,0.00146995822433382,0.00138431508094072,0.00110311096068472,0.00135776167735457,0.00127716257702559,0.00141631695441902,0.00175011705141515,0.00166154443286359,0.00152372883167118,0.00167125789448619,0.00137471442576498,0.00125374144408852,0.00117154640611261,0.00131268985569477,0.00153438979759812,0.00154037645552307,0.00136196217499673,0.00153689982835203,0.00170006731059402,0.00120374478865415,0.00138473440892994,0.00147651368752122,
2127.0,0.00157188309822232,0.00153530621901155,0.00135768251493573,0.00132487923838198,0.00111967860721052,0.00125651096459478,0.00134458288084716,0.00149211974348873,0.00133875687606633,0.0015675708418712,0.00129574455786496,0.00137033278588206,0.00153754267375916,0.00166205980349332,0.00154725369066,0.00154569244477898,0.00138050375971943,0.00155874574556947,0.00167225662153214,0.00154970493167639,0.00125068973284215,0.00159210979472846,0.00117589440196753,0.00164102914277464,0.00158344011288136,0.00167970324400812,0.00147494452539831,0.00138846086338162,0.00110765674617141,0.00136777677107602,0.001283346908167,0.00142305437475443,0.00175122218206525,0.00166657043155283,0.00152865285053849,0.00167439307551831,0.00138127885293216,0.00125564215704799,0.00117702584248036,0.00131988117936999,0.00154283200390637,0.00154416332952678,0.001364053809084,0.00154594017658383,0.00170623138546944,0.00120990979485214,0.00139020208735019,0.00148308533243835,
2128.0,0.00157836184371263,0.00154110218863934,0.00136128324083984,0.00132972549181432,0.00112597574479878,0.00126072345301509,0.0013465863885358,0.00149785354733467,0.00134195084683597,0.00157274177763611,0.00129848357755691,0.00137738802004606,0.00154221325647086,0.00166765344329178,0.00155100564006716,0.00154866883531213,0.00138626270927489,0.00156403286382556,0.00167985877487808,0.00155295885633677,0.00125360814854503,0.00159649690613151,0.00117935170419514,0.00164523057173938,0.00159229792188853,0.00168827234301716,0.00147882371675223,0.00139317009598017,0.00110933359246701,0.0013736056862399,0.00129126245155931,0.00142464111559093,0.0017500618705526,0.00167169596534222,0.00153794919606298,0.00168043712619692,0.00138485454954207,0.00126135372556746,0.0011847143759951,0.00132768473122269,0.00154757872223854,0.00155125756282359,0.00136688421480358,0.00155254011042416,0.00171135412529111,0.00121506291907281,0.00139610515907407,0.00148993055336177,
2129.0,0.00158234499394894,0.00154418183956295,0.00136658700648695,0.00132914178539068,0.00112992769572884,0.00126487750094384,0.00134731538128108,0.00150129210669547,0.0013468733523041,0.00157545483671129,0.00130547001026571,0.00138299085665494,0.00154629396274686,0.00167518353555351,0.00155292497947812,0.0015474259853363,0.00138932967092842,0.00157221860717982,0.001685835653916,0.0015550326788798,0.00125780235975981,0.00160315667744726,0.00118240981828421,0.00164740113541484,0.00159856188111007,0.00169615470804274,0.00148195528890938,0.00139686930924654,0.00111125165130943,0.00137776776682585,0.00129566062241793,0.00142267451155931,0.00175406865309924,0.00168014981318265,0.00154188845772296,0.00168738525826484,0.00139139336533844,0.0012690753210336,0.00118754734285176,0.00133702659513801,0.0015532165998593,0.00155623292084783,0.00136862439103425,0.00155651103705168,0.00171205902006477,0.00122235540766269,0.00140137574635446,0.00149551336653531,
2130.0,0.00158496212679893,0.00155088736210018,0.00137286877725273,0.00133335555437952,0.0011377363698557,0.00126668810844421,0.00134929618798196,0.00150788377504796,0.00135195069015026,0.00157499045599252,0.00131132791284472,0.00138976669404656,0.00154964963439852,0.0016810157103464,0.00155865272972733,0.00154923449736089,0.00138887448702008,0.00157896138262004,0.0016936247702688,0.00155994493979961,0.00125871074851602,0.00160530558787286,0.00118382775690407,0.00164877460338175,0.00160517147742212,0.00170193309895694,0.00148742366582155,0.00139783159829676,0.00111219857353717,0.00138247560244054,0.00130058161448687,0.00142349232919514,0.00176009978167713,0.00168569420929998,0.00154171092435718,0.00169039750471711,0.00139686616603285,0.00127521413378417,0.00118858553469181,0.00134360766969621,0.00155777577310801,0.00155661476310343,0.00137048389296979,0.00156066135969013,0.00171505217440426,0.00122826802544296,0.00140405748970807,0.00149882643017918,
2131.0,0.00158537109382451,0.00155460915993899,0.00137756555341184,0.00133823836222291,0.00114192662294954,0.00126989849377424,0.00134981819428504,0.00151186774019152,0.00135319528635591,0.00157385342754424,0.00131238845642656,0.0013920902274549,0.00154801225289702,0.0016807607607916,0.00156264379620552,0.00155021750833839,0.00138907472137362,0.00158362078946084,0.00169794471003115,0.00156348175369203,0.00126068200916052,0.00160648231394589,0.00118340377230197,0.00164925819262862,0.0016094968887046,0.00170268316287547,0.00149071821942925,0.00139991648029536,0.00111386249773204,0.00138222216628492,0.00130599981639534,0.00142525613773614,0.00176604511216283,0.00168834498617798,0.00154297694098204,0.00169373559765518,0.00139735825359821,0.00128170929383487,0.00118922407273203,0.00134591851383448,0.00155871280003339,0.00155623920727521,0.00137717183679342,0.00156059325672686,0.0017206504708156,0.00123016303405166,0.0014033664483577,0.00149761105421931,
2132.0,0.00158489984460175,0.00155376817565411,0.00138064671773463,0.0013381673488766,0.00114014709834009,0.00127261655870825,0.00135173869784921,0.0015126004582271,0.00135490915272385,0.00157545239198953,0.00131164758931845,0.00138693093322217,0.00154699524864554,0.00168133911211044,0.00156385928858072,0.00155331578571349,0.00138884014450014,0.00158807542175055,0.0016988079296425,0.00156695477198809,0.00126074848230928,0.00160742504522204,0.0011840135557577,0.00164827087428421,0.00161067093722522,0.00170121341943741,0.0014939378015697,0.00140335981268436,0.00111687043681741,0.00137860397808254,0.00130485335830599,0.00142636895179749,0.00177228287793696,0.00169081054627895,0.00154110894072801,0.00169530208222568,0.00140002276748419,0.00128626602236181,0.00119063560850918,0.00134712504222989,0.00155795644968748,0.00155683187767863,0.00138104078359902,0.00155904202256352,0.00172205048147589,0.00122965022455901,0.00140081252902746,0.00149497285019606,
2133.0,0.00158420624211431,0.00155179528519511,0.00137972447555512,0.00134252989664674,0.00114204082638025,0.00127452611923218,0.001353481085971,0.00151663331780583,0.00135486922226846,0.00157711585052311,0.00131142430473119,0.00138636131305248,0.00154547556303442,0.00167908193543553,0.00156731542665511,0.00155485735740513,0.00138820998836309,0.00159025622997433,0.00169939431361854,0.00157061964273453,0.00125930027570575,0.00160608277656138,0.00118255405686796,0.00164830451831222,0.0016140149673447,0.00169875216670334,0.00149912526831031,0.00140772969461977,0.00112123019061983,0.00137817417271435,0.0013038277393207,0.00142629828769714,0.00177243293728679,0.00169154396280646,0.00153996050357819,0.00169657228980213,0.00140022195409983,0.00128417788073421,0.00119316636119038,0.00134824053384364,0.0015567890368402,0.00155802932567894,0.00137935043312609,0.00156022561714053,0.0017244010232389,0.00123001949395984,0.00140198750887066,0.00149564212188125,
2134.0,0.00158581219147891,0.00155062193516642,0.00137772969901562,0.00134263455402106,0.0011415146291256,0.00127531075850129,0.00135466735810041,0.00151689059566706,0.00135445024352521,0.00157990865409374,0.00131315109319985,0.00138508854433894,0.00154233770444989,0.00167631078511477,0.00156808597967029,0.00155571207869798,0.00139224692247808,0.00158976798411459,0.0016980959335342,0.00157361314631999,0.00126006524078548,0.00160887383390218,0.00118213461246341,0.00165047729387879,0.0016174177872017,0.001695760875009,0.00150150503031909,0.00141125847585499,0.00112423673272133,0.00137815938796848,0.00130425370298326,0.00142616394441575,0.00176853034645319,0.00169296783860773,0.00154241605196148,0.00169932399876416,0.00140064966399223,0.00128071685321629,0.00119409302715212,0.00135121773928404,0.00155737122986466,0.00155980733688921,0.00137892679776996,0.00156152050476521,0.00172660883981735,0.00122945627663285,0.00140356807969511,0.00149896705988795,
2135.0,0.00158720358740538,0.00154941284563392,0.00137799791991711,0.00134000414982438,0.001140694366768,0.0012773082125932,0.00135596166364849,0.00151624961290509,0.00135776586830616,0.00158421916421503,0.0013158229412511,0.0013805414782837,0.00154536787886173,0.00167697481811047,0.00156635558232665,0.00155762245412916,0.00139536114875227,0.00158813281450421,0.00169516820460558,0.00157666089944541,0.0012600104091689,0.00160828046500683,0.00118401134386659,0.00165285135153681,0.00161798868793994,0.00169286376331002,0.00150245567783713,0.00141185708343983,0.00112169573549181,0.00137827591970563,0.00130222097504884,0.00142572517506778,0.00176547339651734,0.00169148144777864,0.00154687277972698,0.00170094962231815,0.00140158645808697,0.0012800944969058,0.00119771354366094,0.00135231693275273,0.00155783782247454,0.00156295741908252,0.00137756590265781,0.0015670774737373,0.00172415364068002,0.00123044603969902,0.00140331033617258,0.00150514440611005,
2136.0,0.00158668274525553,0.00154874566942453,0.00137622898910195,0.00133997551165521,0.00114030891563743,0.0012783178826794,0.00135386409237981,0.00151702202856541,0.00135781965218484,0.00158446643035859,0.00132075045257807,0.00138236465863883,0.00155130797065794,0.00167595781385899,0.00156705395784229,0.00155305082444102,0.00139730423688889,0.00158635794650763,0.00169277878012508,0.00157291360665113,0.0012604664079845,0.00160831643734127,0.00118490552995354,0.00165411515627056,0.00161795190069824,0.00169162137899548,0.00150246440898627,0.00140875799115747,0.00112126895692199,0.00138176011387259,0.00129960721824318,0.00142567290458828,0.00176362076308578,0.00168929656501859,0.00155188352800906,0.00170292961411178,0.00140037469100207,0.00128045585006475,0.00119884626474231,0.00135111063718796,0.00155801000073552,0.00156596512533724,0.00137564400210977,0.00157069240231067,0.00172327051404864,0.00123218074440956,0.00140492175705731,0.00151019834447652,
2137.0,0.00158707064110786,0.00155162543524057,0.00137452478520572,0.00134007132146508,0.00113920017611235,0.00127795047592372,0.00135419692378491,0.00151918805204332,0.00135772896464914,0.00158515083603561,0.00131984532345086,0.00138624757528305,0.00155584828462452,0.00167367793619633,0.00156905746553093,0.00154936139006168,0.00140009366441518,0.0015843651490286,0.00168992183171213,0.00156810635235161,0.00126264861319214,0.00160986697301269,0.00118989718612283,0.00165261491201818,0.00161723454948515,0.00169332046061754,0.00150079920422286,0.00140503223519772,0.00112141482532024,0.00138366606552154,0.00129823735915124,0.00142509548459202,0.00176308944355696,0.00168964336626232,0.00155285187065601,0.00170406955294311,0.00140218122396618,0.00128451245836914,0.00119791785255075,0.00135283824056387,0.00155812804587185,0.0015666123945266,0.00137779861688614,0.00157065247185528,0.00172332522924989,0.00122958642896265,0.0014032021863386,0.00151370489038527,
2138.0,0.00158649252261966,0.00155099469702691,0.00137522746808827,0.00134096888359636,0.00113959447480738,0.00127924256958067,0.00135369889903814,0.00152448832523078,0.00136021105572581,0.00158567435573786,0.00131767918355763,0.00138696655631065,0.00156080187298357,0.00167544046416879,0.00156741088721901,0.00154762715101242,0.0014003572287038,0.00158106524031609,0.00168829888571054,0.00156665500253439,0.00126289704348892,0.00160418741870672,0.00119157577864826,0.00164989172481,0.00161770381964743,0.00169398670550436,0.00149960268754512,0.00140664470382035,0.00111899897456169,0.00138329830951989,0.00129616120830178,0.00142436695750803,0.00176425534300506,0.00168675102759153,0.0015504154143855,0.0017039158847183,0.00140188343357295,0.00128885032609105,0.00120019749738276,0.0013497753534466,0.0015565745998174,0.00156283820979297,0.00138197711203247,0.00157313502859324,0.00172249274328351,0.00122705032117665,0.00139971962198615,0.0015138293383643,
2139.0,0.00158740615006536,0.00154972949530929,0.0013740201247856,0.00134034443181008,0.00113797537051141,0.00127863313537091,0.00135120481718332,0.00152764562517405,0.00135848869103938,0.00158363115042448,0.00131856591906399,0.00139054353348911,0.0015648981789127,0.00167851289734244,0.00156428839545697,0.00154328811913729,0.00139960937667638,0.00157889747060835,0.00168891041539609,0.0015657062176615,0.00126318796537817,0.00160063279327005,0.00119082059245557,0.00164689007215202,0.00161798659246415,0.00169320800341666,0.00149903853889555,0.00140724272932857,0.00112143962178379,0.00138374511152506,0.00129392475355417,0.0014249449595809,0.00176653789822012,0.00168784544803202,0.00154878699686378,0.00170334964059293,0.00140193174593151,0.00128973205573857,0.00119905767496675,0.00134748138953,0.00155592802911997,0.0015561516629532,0.00138511613477021,0.00157251302152872,0.00172226526774466,0.00122356705833226,0.00140167365316302,0.0015101678436622,
2140.0,0.00158817577175796,0.00155271356925368,0.00137405632995069,0.0013392549008131,0.00113917118869722,0.00127628166228533,0.00135040027089417,0.00152660789899528,0.00135925621725619,0.00158234988339245,0.00131482072174549,0.00139526778366417,0.00156483100727201,0.0016786539927125,0.00155993609223515,0.00154350884258747,0.00139714265242219,0.00157877325545996,0.00168875302188098,0.00156705488916487,0.00126252393238246,0.00160058808978647,0.00119326869025826,0.00164413871243596,0.00161773711442947,0.00169116479810327,0.00149886356666684,0.00140565051697195,0.00112388783600181,0.00138411461375654,0.00129251985345036,0.00142617465462536,0.00176734244450927,0.00169050833210349,0.00154545914847404,0.00170215242542326,0.00140503537841141,0.00128845020662993,0.00119680154602975,0.00134988187346607,0.00155861023813486,0.00155285885557532,0.0013865843648091,0.00157004373613745,0.00172264990396798,0.00121936830691993,0.00140476354863495,0.00150814489461482,
2141.0,0.00158838869538158,0.00155333336442709,0.00137352128513157,0.00133637071121484,0.00114274513907731,0.00127452402375638,0.00134762853849679,0.00152313942089677,0.00135973049327731,0.00157979608047754,0.00131357833743095,0.00139182119164616,0.00156282051466405,0.00167835736647248,0.00155514827929437,0.00154409930109978,0.00139516755007207,0.00157726218458265,0.00168645032681525,0.00157009740360081,0.00125846161972731,0.00160096923355013,0.00119100953452289,0.00164247467182577,0.00161700684111565,0.00168949272483587,0.00149760441854596,0.00140538020059466,0.00112488004378974,0.0013850909890607,0.00128749303985387,0.00142687617335469,0.00176733755506575,0.00168786942958832,0.00154121511150151,0.00169878813903779,0.00140226981602609,0.0012874745298177,0.00119575671851635,0.00134826847352087,0.00155745062511414,0.00155111274216324,0.00138631777372211,0.00156901415903121,0.0017223012400791,0.00121851684525609,0.00140340358484536,0.00150427082553506,
2142.0,0.00158572162035853,0.00155121018178761,0.00137209030799568,0.00133398873731494,0.0011424059048295,0.00127186230383813,0.00134465692099184,0.00151859992183745,0.00135613256134093,0.00157681293785572,0.00131134374532849,0.00138894107658416,0.00155977671965957,0.0016758837737143,0.00155175244435668,0.00154256459791213,0.00139226159080863,0.0015738345682621,0.00168225774541497,0.00156816374510527,0.00125604181084782,0.00159778911620378,0.00118751951958984,0.00163908710237592,0.00161299586761743,0.00168590119574219,0.00149460195098072,0.00140376621857286,0.0011237874859944,0.00138238852377981,0.00128401489928365,0.00142481189686805,0.00176506233401597,0.00168330268934369,0.00153823010623455,0.00169352872762829,0.0013993417378515,0.00128474412485957,0.0011936747469008,0.00134592328686267,0.00155444187112153,0.00154754624236375,0.00138365477323532,0.00156554323621094,0.00171908736228943,0.00121598120313138,0.00140070694033056,0.00149880978278816,
2143.0,0.00158057454973459,0.00154804869089276,0.00136907387059182,0.00133093004114926,0.00113948993384838,0.0012681792723015,0.00134134409017861,0.00150919810403138,0.00134871597401798,0.00157358672004193,0.00131018820684403,0.00138488924130797,0.00155591464135796,0.00167031155433506,0.00155027431901544,0.00154026143718511,0.00138898147270083,0.00157062499783933,0.00167652161326259,0.00156220560893416,0.00125393480993807,0.00159425439778715,0.001183025771752,0.00163471978157759,0.00160431780386716,0.00168200058396906,0.00149087759200484,0.0013995140325278,0.00112303986679763,0.00137856579385698,0.00128044444136322,0.00142195867374539,0.00176198792178184,0.00167722441256046,0.00153883756138384,0.00168576778378338,0.00139522191602737,0.0012809376930818,0.0011899380479008,0.00134426727890968,0.00154956395272166,0.00154494226444513,0.00137760280631483,0.0015595022123307,0.00171346159186214,0.00121332344133407,0.00139716372359544,0.00149148842319846,
2144.0,0.00157214957289398,0.00154413818381727,0.00136599689722061,0.00132960500195622,0.00113860087003559,0.00126272439956665,0.00133849179837853,0.00150085834320635,0.00134255015291274,0.0015689447754994,0.00130139384418726,0.00138054415583611,0.00154851365368813,0.00166176888160408,0.0015469245845452,0.00153658026829362,0.00138343661092222,0.00156469899229705,0.00166847661603242,0.00155189738143235,0.00125277973711491,0.00158968404866755,0.0011781103676185,0.00162876467220485,0.00159948726650327,0.00167544733267277,0.00148440536577255,0.00139414961449802,0.001115886378102,0.00137100287247449,0.00127813720609993,0.00141588866245002,0.00175351870711893,0.00166721409186721,0.00153308699373156,0.00167718669399619,0.00139093399047852,0.00127498188521713,0.00118696549907327,0.00134229997638613,0.001544373575598,0.00154478673357517,0.00136823463253677,0.00155242963228375,0.00170576153323054,0.00120970606803894,0.001389563200064,0.00148385646753013,
2145.0,0.00156523042824119,0.00153389514889568,0.00136068265419453,0.00132504012435675,0.00113678758498281,0.00125666684471071,0.00133474508766085,0.00149638811126351,0.0013342642923817,0.00156211422290653,0.0012957148719579,0.00137079041451216,0.00153900997247547,0.00165156566072255,0.00154113245662302,0.00153050082735717,0.00137634214479476,0.00155564455781132,0.00165718444623053,0.00154357997234911,0.00125025550369173,0.00158134987577796,0.0011702902847901,0.00162198639009148,0.00159204960800707,0.00166947126854211,0.00147308979649097,0.0013898191973567,0.00110899133142084,0.00136274716351181,0.0012736878124997,0.00140736345201731,0.00174187344964594,0.00165582180488855,0.00152215152047575,0.00166777381673455,0.00138336804229766,0.00126995728351176,0.00118262972682714,0.00133597757667303,0.00153704918920994,0.00153705675620586,0.00136159430257976,0.00154600583482534,0.00169644400011748,0.00120475573930889,0.00138171948492527,0.00147627841215581,
2146.0,0.00155602965969592,0.00152231240645051,0.00135364069137722,0.00132044148631394,0.00112996762618423,0.00125004816800356,0.00132749369367957,0.00149203732144088,0.0013256473466754,0.00155303138308227,0.00129117467440665,0.0013651258777827,0.00152932561468333,0.00164219830185175,0.00153226614929736,0.00152422429528087,0.00136892718728632,0.00154857721645385,0.00164570054039359,0.00153405137825757,0.00124441215302795,0.00156733952462673,0.00116366718430072,0.00161495013162494,0.00158006185665727,0.00165952753741294,0.00146396923810244,0.0013855699216947,0.00110374600626528,0.00135013263206929,0.00127191445790231,0.00139963021501899,0.00172840675804764,0.00164560729172081,0.00151275377720594,0.00165737990755588,0.00137740070931613,0.00126117246691138,0.00117629964370281,0.00132541730999947,0.00153078453149647,0.00152437807992101,0.00135764153674245,0.0015388181200251,0.00168771168682724,0.00119618861936033,0.00137991807423532,0.00146899512037635,
2147.0,0.00154924718663096,0.00151274946983904,0.00134344154503196,0.00131415331270546,0.00112615874968469,0.00124252785462886,0.0013195255305618,0.00148502446245402,0.00132084009237587,0.00154224596917629,0.00128224864602089,0.00135875411797315,0.00151745602488518,0.00163525086827576,0.00152170448563993,0.00151672994252294,0.00136191141791642,0.00154394388664514,0.00163672363851219,0.00152591418009251,0.00123537261970341,0.00156166858505458,0.00115823419764638,0.00160781270824373,0.00157351943198591,0.00164741778280586,0.00145882996730506,0.00137569231446832,0.00109738542232662,0.00134008855093271,0.00127012329176068,0.0013922891812399,0.00171539501752704,0.00163588079158217,0.00149969302583486,0.00164757645688951,0.00136966840364039,0.00125462969299406,0.00116864161100239,0.00131524680182338,0.00152444723062217,0.00151527300477028,0.00134909339249134,0.00153238943312317,0.00167823815718293,0.00119052559603006,0.00137713295407593,0.00146283151116222,
2148.0,0.00154387636575848,0.00150249502621591,0.00133317685686052,0.00130515056662261,0.00111938186455518,0.00123478868044913,0.00131158903241158,0.00147633836604655,0.00131803739350289,0.00153393321670592,0.00127984746359289,0.00134951900690794,0.00150835793465376,0.00162660679779947,0.00151376496069133,0.00150712253525853,0.00135299586690962,0.00153816991951317,0.00162880658172071,0.0015186017844826,0.0012241608928889,0.0015560039319098,0.00115197338163853,0.00159930507652462,0.00156274193432182,0.0016404875786975,0.00145179813262075,0.00136368034873158,0.0010945595568046,0.0013341954909265,0.00126572360750288,0.00138449831865728,0.00170398782938719,0.00162478152196854,0.00148751772940159,0.0016388533404097,0.00136272155214101,0.00125086505431682,0.001160470652394,0.00130671914666891,0.00151724519673735,0.00150294799823314,0.00134150055237114,0.00152392534073442,0.00166765041649342,0.0011871944880113,0.00137366610579193,0.00145943893585354,
2149.0,0.00153609691187739,0.00149534863885492,0.00132563035003841,0.00129908334929496,0.00111019297037274,0.00122975534759462,0.00130221992731094,0.00146983005106449,0.00131599395535886,0.00152767612598836,0.00127791846171021,0.00134535948745906,0.00150450749788433,0.00162199721671641,0.00150629959534854,0.00149783969391137,0.00134743063244969,0.00153378304094076,0.00162491679657251,0.00151233247015625,0.0012104120105505,0.00154671433847398,0.00114608998410404,0.00159330025780946,0.00155330949928612,0.0016358895227313,0.00144705607090145,0.00135659985244274,0.00109320867341012,0.00132566527463496,0.00126254779752344,0.00137861014809459,0.00169549777638167,0.00161569530609995,0.00148009124677628,0.00163112313020974,0.00135662290267646,0.00124444963876158,0.00115736597217619,0.00129864749033004,0.00150800857227296,0.00149320450145751,0.00133738527074456,0.00151486007962376,0.00166190124582499,0.00118340132758021,0.00137002521660179,0.00145586719736457,
2150.0,0.00153160095214844,0.00149141799192876,0.00132193614263088,0.0012917184503749,0.00110589375253767,0.00122729118447751,0.00129786191973835,0.00146114209201187,0.00131248869001865,0.00152310589328408,0.0012719442602247,0.00134255120065063,0.00150001794099808,0.00161850778385997,0.001503188861534,0.0014901653630659,0.00134403305128217,0.00152712606359273,0.00162521924357861,0.00150648469571024,0.00120380148291588,0.00154475355520844,0.00114274362567812,0.00158917857334018,0.00154920679051429,0.00163205224089324,0.00144474266562611,0.0013487481046468,0.0010892148129642,0.00132156547624618,0.00126149097923189,0.00137350044678897,0.00169378356076777,0.00160837965086102,0.00147460692096502,0.00162453600205481,0.0013518895721063,0.0012398436665535,0.00115525117143989,0.00129636283963919,0.00150114495772868,0.00148948538117111,0.00133092247415334,0.0015099635347724,0.00165546499192715,0.00118200643919408,0.00136260921135545,0.00145372585393488,
2151.0,0.0015275418991223,0.00148924463428557,0.00132379925344139,0.00128680176567286,0.00110274704638869,0.00122878118418157,0.00129588996060193,0.00145407253876328,0.00131130835507065,0.00152195990085602,0.00127177033573389,0.00134163163602352,0.0014981220010668,0.00161308143287897,0.00150242017116398,0.00148640852421522,0.00134177086874843,0.00151993648614734,0.00162527454085648,0.00149983575101942,0.00120414595585316,0.00154118286445737,0.00114150193985552,0.00158407271374017,0.00154322013258934,0.00162894034292549,0.00143968011252582,0.00134447508025914,0.00108571082819253,0.00132155977189541,0.001258589560166,0.00137062824796885,0.00169171998277307,0.00160476856399328,0.00147263787221164,0.0016206243308261,0.00134894449729472,0.00123715482186526,0.00115280807949603,0.00129458121955395,0.00149855145718902,0.00148861948400736,0.00132862059399486,0.00150838086847216,0.00165075703989714,0.00118198920972645,0.00135739601682872,0.00145180942490697,
2152.0,0.00152440939564258,0.00149247969966382,0.00132668518926948,0.0012869241181761,0.00110347056761384,0.00123186386190355,0.00129526469390839,0.00145138404332101,0.00131238019093871,0.00152113765943795,0.00127173075452447,0.00134446297306567,0.00149816542398185,0.00161122786812484,0.00149935961235315,0.00148607301525772,0.0013438438763842,0.00151824741624296,0.00162615394219756,0.00149844202678651,0.00120483990758657,0.00153779739048332,0.00114280101843178,0.00158235628623515,0.00154076609760523,0.00162902718875557,0.00143890455365181,0.0013475336600095,0.00108664901927114,0.00132067792583257,0.00125517218839377,0.00137312815058976,0.00169190112501383,0.00160735589452088,0.00147402542643249,0.00161854934412986,0.00134793692268431,0.00123582046944648,0.00115371006540954,0.00129211158491671,0.00149759801570326,0.00148869887925684,0.00132956460583955,0.00150846131145954,0.0016515355091542,0.00118245021440089,0.00135751813650131,0.00144860777072608,
2153.0,0.00152526248712093,0.0014964051079005,0.0013265268644318,0.00128678267356008,0.00110617047175765,0.00123467855155468,0.00129515212029219,0.00144946156069636,0.00131103256717324,0.00152016431093216,0.0012691569281742,0.00134476122912019,0.00149693945422769,0.00160980969667435,0.00149911874905229,0.00148299033753574,0.00134752283338457,0.00151608826126903,0.00162375625222921,0.00149987055920064,0.00121024576947093,0.00153681845404208,0.00114395492710173,0.00158016162458807,0.00154251442290843,0.00162751297466457,0.00144367513712496,0.00135039247106761,0.00108692701905966,0.00131914869416505,0.00125525065232068,0.00137532665394247,0.00169735634699464,0.00160704145673662,0.00147607701364905,0.00161555898375809,0.00135103578213602,0.00123747030738741,0.00115268828812987,0.001291798427701,0.00149853236507624,0.00148868781980127,0.00132722849957645,0.0015120959142223,0.00165049801580608,0.00118220841977745,0.00135616271290928,0.00144734443165362,
2154.0,0.00152578589040786,0.00149330543354154,0.0013247582828626,0.00128857302479446,0.00110750901512802,0.00123483408242464,0.00129177852068096,0.001450419658795,0.0013103592209518,0.00152169610373676,0.0012675627367571,0.00134308391716331,0.00149654876440763,0.00161143345758319,0.0014994814991951,0.0014791184803471,0.00135072856210172,0.00151785649359226,0.00162088731303811,0.00149917369708419,0.0012143017956987,0.00153416953980923,0.00114344351459295,0.0015740878880024,0.00154501828365028,0.00162314937915653,0.0014465736458078,0.00135327386669815,0.00108768709469587,0.00131785357370973,0.00125379476230592,0.00137646065559238,0.00169881666079164,0.00160804309416562,0.00147727970033884,0.00161536526866257,0.00135289458557963,0.00124318280722946,0.00115068012382835,0.00129010702949017,0.00149704259820282,0.0014888308942318,0.00132470007520169,0.00151207984890789,0.00165041827131063,0.00118101062253118,0.00135505886282772,0.00144607690162957,
2155.0,0.00152384396642447,0.00148807198274881,0.00131925009191036,0.00128926720935851,0.0011083745630458,0.00122827722225338,0.00128876208327711,0.00144753255881369,0.00130909541621804,0.00152007595170289,0.00126611662562937,0.00134029285982251,0.00149636203423142,0.00161367061082274,0.00149777985643595,0.00147298281081021,0.00134747929405421,0.00152041122782975,0.00161870766896755,0.00149851466994733,0.00121196149848402,0.00153127289377153,0.0011428197612986,0.00157081859651953,0.00154727243352681,0.00162118207663298,0.00144862686283886,0.00135397166013718,0.00108717323746532,0.00131537672132254,0.00125353375915438,0.00137968815397471,0.00169859663583338,0.001606211415492,0.00147416279651225,0.00161479448433965,0.00135243393015116,0.00124519877135754,0.00114968162961304,0.00129075883887708,0.00149286258965731,0.00148593238554895,0.00132344290614128,0.0015069532673806,0.00164957181550562,0.00117632676847279,0.00135612010490149,0.00144242774695158,
2156.0,0.00151984090916812,0.00148084992542863,0.00131306517869234,0.00128735147882253,0.00110612669959664,0.00122172618284822,0.00128523260354996,0.00144309864845127,0.00130133714992553,0.00151690316852182,0.00126513361465186,0.00133156392257661,0.00149469368625432,0.0016066589159891,0.00149311486165971,0.00146560999564826,0.00134172639809549,0.00151874672155827,0.00161316909361631,0.0014973011566326,0.00120737846009433,0.00152476970106363,0.00114042230416089,0.00156657095067203,0.0015466035110876,0.00161478493828326,0.00144761032424867,0.00134973239619285,0.00108045409433544,0.00131017167586833,0.00125478336121887,0.00137855345383286,0.00169586983975023,0.00159882463049144,0.00146639253944159,0.00161198945716023,0.00134598172735423,0.00124427932314575,0.00114838662557304,0.00129068549722433,0.00148779281880707,0.00148217426612973,0.00132138154003769,0.00150412111543119,0.0016442381311208,0.0011667994549498,0.00135265244171023,0.00144010479561985,
2157.0,0.00151365366764367,0.00147174810990691,0.00130958156660199,0.00128383503761142,0.00110219174530357,0.00121367885731161,0.00128261919599026,0.00143761979416013,0.00129414745606482,0.00151196192018688,0.00126413290854543,0.00132194848265499,0.00148966792039573,0.00159566977526993,0.00148635148070753,0.00145992368925363,0.00133570039179176,0.00151557265780866,0.0016078221378848,0.00148941366933286,0.00119888258632272,0.00151629594620317,0.00113715312909335,0.00155753665603697,0.00154191569890827,0.00160849990788847,0.00144004088360816,0.00134140066802502,0.00107376056257635,0.00130737863946706,0.00125146098434925,0.00137310370337218,0.00168384122662246,0.00159269233699888,0.00145660061389208,0.00160712306387722,0.00133809330873191,0.00123947311658412,0.00114530697464943,0.0012865801109001,0.00148001208435744,0.00147780776023865,0.00131739769130945,0.00149707228410989,0.00163722282741219,0.00115971185732633,0.00134677917230874,0.00143673876300454,
2158.0,0.00150583102367818,0.00146639731246978,0.00130453601013869,0.00127600226551294,0.001095563871786,0.00120519963093102,0.00128141767345369,0.00142760202288628,0.00129024893976748,0.00150088092777878,0.00126169621944427,0.00131322653032839,0.00148209475446492,0.00158426188863814,0.00147664127871394,0.00145241455174983,0.00132465700153261,0.0015087864594534,0.00159918470308185,0.00148065737448633,0.00118963827844709,0.00150606932584196,0.001132961246185,0.0015469144564122,0.00153344520367682,0.00160097982734442,0.00142992555629462,0.00133155344519764,0.00106500741094351,0.00130397989414632,0.0012452561641112,0.00136680749710649,0.00166982831433415,0.00158309703692794,0.00144567189272493,0.00159667106345296,0.00133035471662879,0.00122932263184339,0.00113911565858871,0.0012821335112676,0.00147134496364743,0.00146874820347875,0.00131116830743849,0.0014878319343552,0.00163021485786885,0.00115012819878757,0.00134115549735725,0.00143049843609333,
2159.0,0.00149813108146191,0.0014580418355763,0.0012977261794731,0.00126861955504864,0.00108663190621883,0.00119711342267692,0.00127518782392144,0.00141884747426957,0.00128407450392842,0.00149009679444134,0.00125477847177535,0.00130415859166533,0.00147237558849156,0.00157336483243853,0.00146721920464188,0.00144383835140616,0.00131400325335562,0.00149902934208512,0.00159005878958851,0.00147254427429289,0.00118171400390565,0.00149571837391704,0.00112648913636804,0.00153670983854681,0.00152291497215629,0.00158989441115409,0.00141932675614953,0.00132246408611536,0.0010580993257463,0.00129788985941559,0.001237349701114,0.00135952932760119,0.00165637792088091,0.00157241115812212,0.00143570592626929,0.00158753769937903,0.00132106442470104,0.00122107937932014,0.00113161979243159,0.00127550354227424,0.00146281183697283,0.00145928643178195,0.0013041706988588,0.00147888308856636,0.00162173702847213,0.00114130671136081,0.0013335207477212,0.00142426579259336,
2160.0,0.00148990179877728,0.00144753640051931,0.0012893209932372,0.00125896220561117,0.00107178965117782,0.0011875422205776,0.00126348971389234,0.00141001422889531,0.00127671216614544,0.0014748607063666,0.00124023389071226,0.00129310938064009,0.00145658664405346,0.00155849999282509,0.00145471468567848,0.00143257342278957,0.00130180339328945,0.00148182967677712,0.00157756882254034,0.00146180693991482,0.00117340590804815,0.00148001220077276,0.00111500779166818,0.00152169493958354,0.00150484952609986,0.00157395855057985,0.00140323815867305,0.00131120521109551,0.00105309346690774,0.00128974777180701,0.00122387998271734,0.00134778500068933,0.00163712003268301,0.0015572136035189,0.00142443052027375,0.00157505017705262,0.00131116458214819,0.00120963447261602,0.00111914577428252,0.0012641450157389,0.00145258079282939,0.00144639366772026,0.00129322858992964,0.00146667379885912,0.00161051319446415,0.00113234901800752,0.00132071611005813,0.00141753966454417,
2161.0,0.00148079823702574,0.0014385103713721,0.00127993442583829,0.0012510244268924,0.00106246036011726,0.00118042703252286,0.00125638267491013,0.00140214362181723,0.00127045798581094,0.00146512966603041,0.00123033637646586,0.00128646695520729,0.00144500494934618,0.00154888350516558,0.00144631043076515,0.00142373866401613,0.00129215803463012,0.00147138559259474,0.00156741961836815,0.00145220605190843,0.00116602913476527,0.00147113879211247,0.00110831251367927,0.00151103234384209,0.00149360054638237,0.00156369234900922,0.0013927920954302,0.0013041035272181,0.00104829808697104,0.00128275691531599,0.00121463218238205,0.00133969611488283,0.00162450806237757,0.00154758023563772,0.00141576898749918,0.00156484369654208,0.00130452588200569,0.0012015700340271,0.00111211638431996,0.00125731492880732,0.00144383183214813,0.00143626274075359,0.00128476205281913,0.00145774334669113,0.00160128332208842,0.00112758122850209,0.00131172139663249,0.00141045497730374,
2162.0,0.00146939046680927,0.0014271151740104,0.00126663839910179,0.00124087918084115,0.00105230836197734,0.00117394211702049,0.00124783476348966,0.00139328115619719,0.00126339821144938,0.00145475438330323,0.00121861009392887,0.00128079089336097,0.00143116363324225,0.0015421750722453,0.00143842457327992,0.001413932768628,0.00128138845320791,0.0014613049570471,0.00155604397878051,0.00144184834789485,0.00115978578105569,0.00146490905899554,0.00110198487527668,0.00150088430382311,0.00148169649764895,0.00155085045844316,0.00138332380447537,0.00129859149456024,0.00104335614014417,0.00127346254885197,0.00120491301640868,0.00133192725479603,0.00161392346490175,0.00153844035230577,0.00140718161128461,0.00155325513333082,0.00129748601466417,0.00119482446461916,0.00110429245978594,0.00125123327597976,0.00143432011827827,0.00142399512697011,0.00127524603158236,0.00144910987000912,0.00159125484060496,0.00112264533527195,0.0013030837289989,0.00140081509016454,
2163.0,0.00146211788523942,0.00141842127777636,0.00125803926493973,0.0012371726334095,0.00104608491528779,0.00116921262815595,0.00123893597628921,0.00138685421552509,0.00125676125753671,0.00144999683834612,0.00120892690028995,0.00127734965644777,0.00142480083741248,0.00153636327013373,0.00143408786971122,0.00140589103102684,0.00127274566330016,0.00145086424890906,0.00154880119953305,0.00143731571733952,0.00115282239858061,0.00146111706271768,0.00109590741340071,0.00149766996037215,0.0014765989035368,0.00154420582111925,0.00137551070656627,0.00129408005159348,0.00104045448824763,0.00126452941913158,0.00119760644156486,0.00132569402921945,0.00160747300833464,0.00153171003330499,0.00140315038152039,0.00155028060544282,0.00128888466861099,0.00119097717106342,0.00110182503703982,0.00124389515258372,0.00142796617001295,0.00141811021603644,0.00127084937412292,0.00144325918518007,0.00158321298658848,0.001121447654441,0.0012957873987034,0.00139516533818096,
2164.0,0.00145756138954312,0.00141813617665321,0.00125443551223725,0.0012385118752718,0.00104566931258887,0.00116737873759121,0.00123819557484239,0.00138359423726797,0.0012523359619081,0.00145297776907682,0.00120656925719231,0.00127861043438315,0.00142455985769629,0.00153276103083044,0.00143223919440061,0.00140402908436954,0.00127091410104185,0.00144922325853258,0.00154574227053672,0.00143332127481699,0.00114744226448238,0.00145808176603168,0.00109539716504514,0.00149557879194617,0.00147506897337735,0.0015454615931958,0.00137558695860207,0.00129246071446687,0.00103678309824318,0.00126330298371613,0.00119394913781434,0.00132567575201392,0.00160535122267902,0.00152783410158008,0.00140194466803223,0.00154785776976496,0.00128703273367137,0.00118655734695494,0.00110529991798103,0.00124212331138551,0.00142613984644413,0.00141800311394036,0.00126867403741926,0.00144110037945211,0.00157878024037927,0.00112622114829719,0.00129155453760177,0.00139439234044403,
2165.0,0.00146079959813505,0.00142126972787082,0.00125672342255712,0.00124062690883875,0.00105277681723237,0.00116910447832197,0.00124011875595897,0.0013854808639735,0.0012517855502665,0.00145799538586289,0.00121100398246199,0.00128220883198082,0.00143041298724711,0.00153499655425549,0.00142970588058233,0.00140715402085334,0.00127438071649522,0.00145152350887656,0.00154691422358155,0.00143398332875222,0.00114702142309397,0.00146136165130883,0.00109832384623587,0.00149852538015693,0.00148146867286414,0.00155051273759454,0.00137606402859092,0.00129336945246905,0.00103811954613775,0.00126091542188078,0.00119163480121642,0.00132692372426391,0.00160918897017837,0.0015288315480575,0.00140643317718059,0.0015479396097362,0.00128871260676533,0.00118691485840827,0.00110878702253103,0.00124260643497109,0.00142805743962526,0.00141890207305551,0.00127069652080536,0.00144239235669374,0.00158300925977528,0.00112668727524579,0.00129411614034325,0.00139836198650301,
2166.0,0.00146922655403614,0.00142809911631048,0.0012661509681493,0.00124823907390237,0.00106103240977973,0.00117088644765317,0.00124444393441081,0.00138974736910313,0.00125882099382579,0.00146637309808284,0.00121680891606957,0.00128974136896431,0.00144262576941401,0.00154265842866153,0.00143429625313729,0.00141448236536235,0.0012800459517166,0.00145330536179245,0.00155201659072191,0.00144152017310262,0.00115307176019996,0.00146709359250963,0.00110017252154648,0.00150848948396742,0.00149179878644645,0.00155737274326384,0.00137832597829401,0.00129793828818947,0.00104467605706304,0.00126277003437281,0.00119508046191186,0.00132955505978316,0.00161586748436093,0.00153002748265862,0.00141592149157077,0.00155564327724278,0.00129225931596011,0.00119003199506551,0.00111286737956107,0.00124814081937075,0.00143421243410558,0.00142846233211458,0.00127851462457329,0.001445536268875,0.0015916486736387,0.001130361109972,0.00129983632359654,0.00140546238981187,
2167.0,0.00147691532038152,0.00143648497760296,0.00127959647215903,0.0012585564982146,0.00107022793963552,0.00117452919948846,0.00125365634448826,0.00139711238443851,0.00126319576520473,0.00147909740917385,0.00122735043987632,0.00129905028734356,0.00145304424222559,0.00155412883032113,0.00144084368366748,0.00142261513974518,0.00129207759164274,0.00146123778540641,0.00156275450717658,0.00145110033918172,0.00116455159150064,0.00147374055813998,0.00110559328459203,0.00151721958536655,0.00150011212099344,0.001564193633385,0.00138834724202752,0.00130566477309912,0.0010475741000846,0.00127272261306643,0.00120301614515483,0.00133663509041071,0.00162153760902584,0.00153397873509675,0.0014229133957997,0.00156352086924016,0.00130157778039575,0.00119649735279381,0.00111717765685171,0.0012574678985402,0.00144428049679846,0.00143812119495124,0.0012855821987614,0.00145416636951268,0.00159909785725176,0.00113952776882797,0.00130861846264452,0.00141130574047565,
2168.0,0.00148385390639305,0.00144334079232067,0.0012916314881295,0.00126689951866865,0.0010815525893122,0.0011801504297182,0.00126590463332832,0.00140616879798472,0.00127116777002811,0.00148717372212559,0.00123966473620385,0.00130822812207043,0.00146019458770752,0.00156375009100884,0.00144670088775456,0.00143113487865776,0.0013036469463259,0.00146888720337301,0.00157405878417194,0.00146032741758972,0.00117517367471009,0.00148396147415042,0.00111103616654873,0.00152723724022508,0.00150938623119146,0.00157023000065237,0.00139537116046995,0.00131775555200875,0.00105663167778403,0.00127914047334343,0.00120945973321795,0.00134065258316696,0.00163024791982025,0.0015425126766786,0.00142903812229633,0.00157135783229023,0.00131496170070022,0.00120478554163128,0.00112373696174473,0.00126340973656625,0.0014532731147483,0.0014446786371991,0.00129219132941216,0.0014668304938823,0.00160622538533062,0.00114785810001194,0.0013213362544775,0.00141630112193525,
2169.0,0.00148864730726928,0.00145264447201043,0.00130087346769869,0.00127565092407167,0.00108753214590251,0.00118597585242242,0.00127785711083561,0.0014152352232486,0.00128309254068881,0.00149248621892184,0.00124772870913148,0.00131857744418085,0.00146850349847227,0.00157401035539806,0.00145636568777263,0.00143578555434942,0.00131418195087463,0.00147413392551243,0.00158407946582884,0.00146860885433853,0.00118381250649691,0.00149293045978993,0.00111490045674145,0.00153651798609644,0.00151730817742646,0.00157457671593875,0.00140340509824455,0.00132900488097221,0.00106687366496772,0.0012880121357739,0.00121820101048797,0.00134572479873896,0.0016410507960245,0.00155104591976851,0.00143429217860103,0.00157855777069926,0.00132672535255551,0.00121321575716138,0.00113273318856955,0.00127138930838555,0.00146360159851611,0.00145404413342476,0.00130055635236204,0.00147777190431952,0.00161326839588583,0.0011544277658686,0.00132946844678372,0.00142044632229954,
2170.0,0.00149459508247674,0.00146040262188762,0.00130578537937254,0.00128207728266716,0.00109452253673226,0.00119419232942164,0.00128413934726268,0.00142419000621885,0.00128846312873065,0.00149787461850792,0.00125590432435274,0.00132631591986865,0.00147292413748801,0.0015839230036363,0.00146298867184669,0.00143817521166056,0.00132427481003106,0.00148415914736688,0.00159646745305508,0.00147816119715571,0.00118980987463146,0.00149796018376946,0.00111984508112073,0.00154318870045245,0.00152311101555824,0.00158475525677204,0.0014107309980318,0.0013364611659199,0.00107119092717767,0.00129764678422362,0.00122397730592638,0.00134994136169553,0.00165031373035163,0.00155786226969212,0.00143859395757318,0.00158426619600505,0.00133446312975138,0.001222382648848,0.00113796419464052,0.00127688271459192,0.00147225242108107,0.00146026420406997,0.00130633648950607,0.00148646219167858,0.00161892909090966,0.00116202374920249,0.00133418187033385,0.00142544240225106,
2171.0,0.00149876950308681,0.00146643223706633,0.00130534381605685,0.00128510606009513,0.00110002211295068,0.00119978934526443,0.00128625228535384,0.0014311270788312,0.00129291403573006,0.00149890186730772,0.00126241880934685,0.0013309100177139,0.0014748185640201,0.00158538459800184,0.0014649125514552,0.00144588528200984,0.00133048137649894,0.00149276154115796,0.00160249439068139,0.00148185226134956,0.00119225890375674,0.00150081445463002,0.00112461228854954,0.00154795555863529,0.00152589485514909,0.00159193447325379,0.00141302065458149,0.00134231022093445,0.00107788224704564,0.00130011443980038,0.00122877967078239,0.00135249248705804,0.0016594382468611,0.00156277685891837,0.00144039618317038,0.00158629135694355,0.00133757968433201,0.00122577697038651,0.00114172429312021,0.00127840472850949,0.00147706503048539,0.00146442896220833,0.0013113257009536,0.00149137387052178,0.00162367604207247,0.00116557243745774,0.00133824569638819,0.00143161707092077,
2172.0,0.0015035014366731,0.00147335801739246,0.00130575778894126,0.00128785497508943,0.0011017284123227,0.00120298995170742,0.00128495099488646,0.00143916811794043,0.00129577191546559,0.00150203937664628,0.00126283313147724,0.00133627129253,0.00147890904918313,0.00158672442194074,0.00146853073965758,0.00145239115227014,0.00133671355433762,0.00149676681030542,0.00160102150402963,0.00148238893598318,0.00119487789925188,0.00150407559704036,0.00113027787301689,0.00154655508231372,0.00152740441262722,0.00159297580830753,0.00141677248757333,0.00134396308567375,0.0010794191621244,0.00130194460507482,0.00123660650569946,0.00135801173746586,0.00166581466328353,0.00156674184836447,0.00144175603054464,0.00158676446881145,0.00133708131033927,0.00122726452536881,0.00114326318725944,0.00128259579651058,0.00148105062544346,0.00146959896665066,0.00131604634225369,0.00149280624464154,0.00163015013094991,0.00116446637548506,0.00133713847026229,0.00143535574898124,
2173.0,0.00150817423127592,0.00147487467620522,0.00130803918000311,0.00128851004410535,0.001104217604734,0.00120540615171194,0.0012841506395489,0.00144551717676222,0.00129425909835845,0.00150536524597555,0.00126241834368557,0.00133894174359739,0.00147941836621612,0.00158884923439473,0.00147093541454524,0.00145536789204925,0.00133774289861321,0.00150112062692642,0.00159951683599502,0.00148728047497571,0.00119838945101947,0.00150415149983019,0.00113446032628417,0.00154434947762638,0.00152927008457482,0.00159885361790657,0.0014168384950608,0.0013440934708342,0.00107743078842759,0.00130225182510912,0.0012387833558023,0.00135913386475295,0.0016680684639141,0.00156914594117552,0.00144437723793089,0.00158750161062926,0.00133344298228621,0.00123008864466101,0.00114009156823158,0.0012866574106738,0.00148265366442502,0.00147212808951735,0.00131778686773032,0.00149200111627579,0.00163608638104051,0.00116591400001198,0.00133732683025301,0.00143711140844971,
2174.0,0.00150822370778769,0.00147428084164858,0.00131048017647117,0.00129026232752949,0.00110233447048813,0.00120407633949071,0.00128349929582328,0.00144635420292616,0.00129369308706373,0.00150275730993599,0.0012630398850888,0.00133882218506187,0.00147894024848938,0.00158528087195009,0.00147216173354536,0.00145506008993834,0.00133590318728238,0.00150181620847434,0.00159694685135037,0.00148820038884878,0.00119905662722886,0.00149996089749038,0.0011346866376698,0.00154307228513062,0.0015297441277653,0.00160028610844165,0.00141712289769202,0.00134376552887261,0.00107897375710309,0.00130257825367153,0.00123973318841308,0.00136184098664671,0.00166726333554834,0.0015687191626057,0.00144630135037005,0.00158570928033441,0.00133195566013455,0.00122896779794246,0.00113834673538804,0.00128673459403217,0.00148062931839377,0.00147236173506826,0.00131627661176026,0.00148904707748443,0.00163813552353531,0.00116627174429595,0.00134002778213471,0.00143602874595672,
2175.0,0.00150972336996347,0.00147300120443106,0.00131303898524493,0.0012930363882333,0.00109760905615985,0.00120484072249383,0.00128281151410192,0.00144402729347348,0.00129354721866548,0.00150052446406335,0.00126104231458157,0.00133792869746685,0.00147824885789305,0.00158072006888688,0.00147316139191389,0.00145076867192984,0.00133371364790946,0.00149943865835667,0.00159292086027563,0.00148320465814322,0.00119844893924892,0.00149907323066145,0.00113065366167575,0.00154043396469206,0.00153251108713448,0.00159525999333709,0.00141921127215028,0.00134159543085843,0.00107775558717549,0.00130399654153734,0.00123822363093495,0.00136544066481292,0.00166253210045397,0.00156711135059595,0.00144829298369586,0.00158360798377544,0.00132898916490376,0.00122780620586127,0.00113647559192032,0.00128414470236748,0.00147750438190997,0.0014711176045239,0.00131049321498722,0.00148642680142075,0.00163904670625925,0.00116134015843272,0.00133785384241492,0.00143369205761701,
2176.0,0.00150847621262074,0.00146866659633815,0.00131099589634687,0.00129239133093506,0.00109099422115833,0.00120318867266178,0.00128178473096341,0.00143733201548457,0.00129106850363314,0.00149683875497431,0.0012581484625116,0.0013347459025681,0.00147492124233395,0.00157769490033388,0.0014717704616487,0.00144474336411804,0.00132802571170032,0.00149753945879638,0.00159272621385753,0.0014794918242842,0.00119590724352747,0.00149726821109653,0.00112405128311366,0.00154009321704507,0.00153160921763629,0.0015938418218866,0.00141819124110043,0.00133858027402312,0.00107646407559514,0.00130362203344703,0.00123396469280124,0.00136443541850895,0.00165742298122495,0.00156495068222284,0.00144735898356885,0.00157966557890177,0.00132370134815574,0.00122818327508867,0.00113245169632137,0.00128337927162647,0.00147533544804901,0.00146873644553125,0.00130490027368069,0.00148290675133467,0.00163617404177785,0.0011579591082409,0.00133411039132625,0.00143287237733603,
2177.0,0.00150475453119725,0.00146598473656923,0.00130729307420552,0.00129108235705644,0.00108478195033967,0.00119954568799585,0.00127672590315342,0.00143048819154501,0.00128701946232468,0.00149342778604478,0.00125434482470155,0.00132841430604458,0.00147010444197804,0.00157231977209449,0.00146589044015855,0.00143946602474898,0.00132402626331896,0.00149539043195546,0.00159365823492408,0.00147385569289327,0.00119029951747507,0.00149432616308331,0.00111999257933348,0.00154021626804024,0.00153033970855176,0.00159146648366004,0.00141637492924929,0.00133572076447308,0.00107628293335438,0.0013003209605813,0.00123074639122933,0.00136459502391517,0.00165178324095905,0.0015595720615238,0.00144388142507523,0.00157289032358676,0.00132395641412586,0.00122466532047838,0.00113071966916323,0.00127986306324601,0.00147031713277102,0.00146458554081619,0.00129997450858355,0.00147706223651767,0.00162729539442807,0.00115543731953949,0.00132733443751931,0.00142861565109342,
2178.0,0.00150035216938704,0.00145896116737276,0.00130147801246494,0.00128585554193705,0.00108201126568019,0.00119643087964505,0.00127283728215843,0.00142469513230026,0.00127930263988674,0.00149064767174423,0.00124431878793985,0.00131950527429581,0.00146297609899193,0.00156521564349532,0.00145290803629905,0.00143407331779599,0.00131804565899074,0.00148964358959347,0.00158838927745819,0.00146192312240601,0.0011834999313578,0.00149341567885131,0.00111887638922781,0.0015344611601904,0.00152723758947104,0.00158353999722749,0.0014129257760942,0.0013293424854055,0.00107041804585606,0.00129287771414965,0.00122492539230734,0.001360650989227,0.00164416793268174,0.00155075779184699,0.00143490720074624,0.00156718981452286,0.00132303300779313,0.00121919147204608,0.00112612801603973,0.00127268047071993,0.00146436190698296,0.00145555823110044,0.00129684107378125,0.00147143972571939,0.00161837111227214,0.0011482194531709,0.00131788349244744,0.00142299372237176,
2179.0,0.00149220833554864,0.00145008054096252,0.00129252020269632,0.00127504498232156,0.0010776441777125,0.00118963478598744,0.00126510462723672,0.00141711533069611,0.00127300468739122,0.00148479535710067,0.00123511871788651,0.00131061673164368,0.00145488232374191,0.00155782024376094,0.00144203321542591,0.00142820051405579,0.00131019344553351,0.0014818359632045,0.00158020423259586,0.00145346729550511,0.00117532233707607,0.00148770515806973,0.00111635692883283,0.00152408587746322,0.00151446450036019,0.00157508708070964,0.00140660593751818,0.00132147816475481,0.00106227165088058,0.00128289125859737,0.0012168352259323,0.00135203660465777,0.00164168456103653,0.00154321209993213,0.0014213357353583,0.0015596488956362,0.00131895672529936,0.00121368921827525,0.00112236989662051,0.00126772036310285,0.00145702820736915,0.00144592707511038,0.00129437225405127,0.00146582839079201,0.00160840572789311,0.00114445737563074,0.00131389312446117,0.00141923548653722,
2180.0,0.00148599047679454,0.00144346384331584,0.00128601584583521,0.00126737426035106,0.00107250397559255,0.00118547456804663,0.00125784892588854,0.0014114499790594,0.00126758706755936,0.0014805692480877,0.00123046943917871,0.00130398257169873,0.00144898681901395,0.0015508740907535,0.00143506994936615,0.00142196612432599,0.00130418804474175,0.00147626583930105,0.00157287856563926,0.00144771405030042,0.001169175026007,0.00148247950710356,0.00111190916504711,0.0015171569539234,0.00150643195956945,0.00156828109174967,0.00140154571272433,0.00131477066315711,0.00105608149897307,0.00127568375319242,0.00121023273095489,0.00134462513960898,0.00163644866552204,0.00153651926666498,0.00141068734228611,0.00155236187856644,0.00131492060609162,0.0012070668162778,0.00111921259667724,0.00126266933511943,0.00145061418879777,0.00143973145168275,0.00129032065160573,0.00145884125959128,0.00160030031111091,0.00114031392149627,0.00130867620464414,0.00141347222961485,
2181.0,0.0014784358208999,0.00143686018418521,0.00128013547509909,0.00125955685507506,0.00106745003722608,0.00118267140351236,0.00124875118490309,0.00140704843215644,0.00126247957814485,0.0014761759666726,0.00122803263366222,0.00129703362472355,0.00144277175422758,0.00154319067951292,0.00142809713725001,0.00141437002457678,0.00129849871154875,0.0014712045667693,0.00156340841203928,0.00144331681076437,0.00116353842895478,0.00147504883352667,0.00110644812230021,0.00151016958989203,0.00149911886546761,0.00156131479889154,0.00139480142388493,0.00130677036941051,0.00105026573874056,0.00126827659551054,0.00120131717994809,0.00133539258968085,0.00163056154269725,0.00152760720811784,0.00139915500767529,0.00154418090824038,0.00131161487661302,0.00119779026135802,0.00111655204091221,0.00125590933021158,0.00144270341843367,0.00143391662277281,0.0012851944193244,0.00144905759952962,0.0015915532130748,0.00113639456685632,0.0013033541617915,0.00140453758649528,
2182.0,0.00147464638575912,0.00142768188379705,0.00127405044622719,0.00125180825125426,0.00106279004830867,0.00117968756239861,0.00124379550106823,0.00140154268592596,0.0012580924667418,0.00146987976040691,0.00122803647536784,0.00129293231293559,0.00143881281837821,0.00153463636524975,0.00142479955684394,0.00140728452242911,0.0012908122735098,0.00146413082256913,0.00155441334936768,0.00143833761103451,0.00115825096145272,0.00146833353210241,0.00109942373819649,0.00150308082811534,0.00149117351975292,0.00155394291505218,0.00139210210181773,0.00129834841936827,0.00104269268922508,0.00126342056319118,0.00119723624084145,0.00132412789389491,0.00162118580192327,0.0015210600104183,0.00139059929642826,0.00153883954044431,0.00130391051061451,0.00119047716725618,0.0011106007732451,0.00125032651703805,0.00143627531360835,0.00142817129381001,0.00128012732602656,0.0014405456604436,0.00158865877892822,0.00113115482963622,0.00129961315542459,0.00139740912709385,
2183.0,0.00147493637632579,0.00142278848215938,0.00127090490423143,0.00124666572082788,0.0010561078088358,0.00117819232400507,0.00123705936130136,0.00139558874070644,0.0012580183101818,0.00146719405893236,0.00123230530880392,0.00129063066560775,0.00143741292413324,0.00152854050975293,0.00143017619848251,0.00140545691829175,0.00128770002629608,0.0014605118194595,0.00155098747927696,0.00143902760464698,0.00115534442011267,0.00146504666190594,0.00109271169640124,0.00149849383160472,0.00148497137706727,0.00155112508218735,0.00138929719105363,0.00129574746824801,0.00103766040410846,0.0012592914281413,0.00119768816512078,0.00131730816792697,0.00161421718075871,0.00152049108874053,0.00138889893423766,0.00153322599362582,0.00129654991906136,0.00118759146425873,0.00110869051422924,0.00124683685135096,0.00143200077582151,0.00142687454354018,0.00127420539502054,0.00143800536170602,0.00158597156405449,0.00113092304673046,0.00129978090990335,0.00139535660855472,
2184.0,0.00147764920257032,0.00142155436333269,0.00127162621356547,0.0012474269606173,0.00105278159026057,0.00118056975770742,0.00123732979409397,0.00139503076206893,0.00125723949167877,0.00146981712896377,0.00123321544378996,0.0012901381123811,0.00144021259620786,0.0015288881259039,0.00143452442716807,0.00140490545891225,0.0012900804867968,0.0014624297618866,0.00155051797628403,0.00144026416819543,0.00115615699905902,0.00146756006870419,0.00109023484401405,0.00150263414252549,0.00148913590237498,0.00155281694605947,0.00138885201886296,0.00129768915940076,0.00103807612322271,0.00126125162933022,0.0011987624457106,0.00132003426551819,0.00160778244026005,0.00151974300388247,0.00139165227301419,0.00153318664524704,0.00129621755331755,0.00118728796951473,0.00110835011582822,0.00124499073717743,0.00143259111791849,0.00142854580190033,0.0012723874533549,0.00143724400550127,0.00158628611825407,0.001129558426328,0.00129824108444154,0.00139586708974093,
2185.0,0.00148253748193383,0.00142188917379826,0.00127444940153509,0.00124702136963606,0.00105516391340643,0.00118251319509,0.00124228501226753,0.00139734894037247,0.00126121938228607,0.001470856834203,0.00123301078565419,0.00129415758419782,0.00144397304393351,0.00153279071673751,0.00144013937097043,0.0014080967521295,0.00129522546194494,0.00146414630580693,0.00155419751536101,0.00144231400918216,0.00115647364873439,0.00147049408406019,0.00109602569136769,0.00150763313286006,0.00149193697143346,0.00155232846736908,0.00139038637280464,0.00130056124180555,0.00104146648664027,0.00126484455540776,0.00120166689157486,0.00132722430862486,0.00161015032790601,0.00152355036698282,0.00139984849374741,0.00153982359915972,0.001298792893067,0.00119254307355732,0.00111022405326366,0.00124682660680264,0.0014311590930447,0.00142832042183727,0.00127585395239294,0.00144249689765275,0.00159215356688946,0.00113250676076859,0.00130083179101348,0.00140057818498462,
2186.0,0.00148778513539582,0.0014297483721748,0.00128111871890724,0.0012497795978561,0.00105957919731736,0.00118636037223041,0.00124504452105612,0.00139863800723106,0.00126729265321046,0.001475237775594,0.00123518332839012,0.00129890372045338,0.00144715560600162,0.00154166598804295,0.00144694920163602,0.00141524500213563,0.00130625977180898,0.00147155195008963,0.0015605220105499,0.00144800601992756,0.00116043805610389,0.00147617666516453,0.00110354961361736,0.00151390675455332,0.00149683782365173,0.00155458436347544,0.00138821580912918,0.001305429963395,0.00104821694549173,0.00126794283278286,0.00120462675113231,0.00133697339333594,0.00162051361985505,0.00152870512101799,0.00141092715784907,0.00154681771527976,0.00130419887136668,0.00120183976832777,0.00111688626930118,0.00125130510423332,0.00143269600812346,0.00142913742456585,0.00128162105102092,0.00145325146149844,0.00159697991330177,0.00113925512414426,0.00130634487140924,0.00140964332967997,
2187.0,0.00149349856656045,0.00144084508065134,0.00128767278511077,0.00125528452917933,0.00106570799835026,0.00118836702313274,0.00125356204807758,0.00140545074827969,0.00127313146367669,0.00148046493995935,0.00123915099538863,0.00130643078591675,0.00145593110937625,0.00155568262562156,0.0014539819676429,0.00141996692400426,0.00131769094150513,0.00148309522774071,0.00156484439503402,0.00145530875306576,0.00116607791278511,0.00148185936268419,0.00110884406603873,0.00152454525232315,0.00150737469084561,0.00156292982865125,0.00139160477556288,0.0013131492305547,0.00105886231176555,0.00127655337564647,0.00120682700071484,0.00134631944820285,0.0016314327949658,0.00153169059194624,0.00141839846037328,0.00155690661631525,0.00131158495787531,0.00121028209105134,0.00112446001730859,0.00126317224930972,0.00144033075775951,0.00143425539135933,0.00128897116519511,0.00145917385816574,0.0016038550529629,0.00114364689216018,0.00131378485821187,0.0014174641110003,
2188.0,0.00149860640522093,0.00145281560253352,0.00129483873024583,0.00126267969608307,0.00107299466617405,0.00119085784535855,0.00126059202011675,0.00141552707646042,0.00128014828078449,0.00148735521361232,0.00124844210222363,0.00131613772828132,0.00146534596569836,0.00156852859072387,0.00146408518776298,0.00142546801362187,0.00132495502475649,0.00149266689550132,0.00157455762382597,0.00146255583968014,0.00117222941480577,0.00148515147157013,0.00111560022924095,0.00153291784226894,0.00151474040467292,0.00157016888260841,0.00139720551669598,0.00131942657753825,0.00106862373650074,0.00128378311637789,0.00121247547212988,0.0013503055088222,0.00164069153834134,0.00154049566481262,0.00142687221523374,0.001566999591887,0.00131729920394719,0.00121789809782058,0.0011312720598653,0.00127533334307373,0.00144771672785282,0.0014413280878216,0.00129802001174539,0.00146601849701256,0.00161401659715921,0.00114967988338321,0.00131989980582148,0.00142284447792917,
2189.0,0.00150349678006023,0.00146265176590532,0.00130267930217087,0.00127404206432402,0.00107959436718374,0.00119466858450323,0.00126457889564335,0.00142179301474243,0.00128284876700491,0.00149525445885956,0.00125653424765915,0.00132138095796108,0.00147163437213749,0.00157940573990345,0.00147198757622391,0.00143111275974661,0.00132882839534432,0.00150133168790489,0.0015836184611544,0.00146753154695034,0.00117639452219009,0.00148852856364101,0.00111771153751761,0.0015382282435894,0.00151904323138297,0.00157879898324609,0.00140163826290518,0.00132410263177007,0.00107259000651538,0.00129032437689602,0.00121714710257947,0.00135132169816643,0.00164655386470258,0.00154371815733612,0.00143500010017306,0.00156893150415272,0.00132129841949791,0.00122424424625933,0.00113686756230891,0.00128135422710329,0.00145688257180154,0.00145011581480503,0.00130806432571262,0.00147162075154483,0.00162057671695948,0.00115362578071654,0.00132532860152423,0.00142638909164816,
2190.0,0.00150601752102375,0.00146390590816736,0.00130633416119963,0.00128136796411127,0.00108344352338463,0.00119955581612885,0.00126873468980193,0.00142753170803189,0.00128455006051809,0.0014989769551903,0.00125969236250967,0.00132402603048831,0.00147856934927404,0.00158356700558215,0.00147566432133317,0.00143313128501177,0.00132718938402832,0.00150764407590032,0.00158522429410368,0.00146880198735744,0.00117738789413124,0.00148875790182501,0.00111608556471765,0.00153988401871175,0.00152178131975234,0.00158442498650402,0.00140656216535717,0.00132775248493999,0.00107119767926633,0.00129584269598126,0.00121915969066322,0.00135132158175111,0.00164920964743942,0.00154313212260604,0.00143812282476574,0.00156920251902193,0.00132204953115433,0.00122806464787573,0.00113807606976479,0.00128391350153834,0.00146228971425444,0.00145824521314353,0.00130974862258881,0.00147175660822541,0.00162310339510441,0.00115330412518233,0.00133111875038594,0.0014272698899731,
2191.0,0.00150524906348437,0.00146389578003436,0.001306934049353,0.00128442270215601,0.00108385842759162,0.00120407540816814,0.00126544025260955,0.00142820342443883,0.00128223083447665,0.00150175939779729,0.00125917128752917,0.00132136489264667,0.00147718482185155,0.00157748919446021,0.0014744825894013,0.00143528904300183,0.00132291542831808,0.00150776479858905,0.00158468098379672,0.00146645994391292,0.00118056067731231,0.00148602284025401,0.00111480162013322,0.00153838552068919,0.00151825079228729,0.00157973763998598,0.00140549917705357,0.00132682966068387,0.00106722803320736,0.00129550276324153,0.00122290954459459,0.00134896440431476,0.00164705864153802,0.00154662283603102,0.00143361568916589,0.00156621739733964,0.00131980935111642,0.00122679572086781,0.00113715254701674,0.00128055037930608,0.00146249716635793,0.00145984452683479,0.0013060481287539,0.00147003144957125,0.00162320234812796,0.00115071714390069,0.0013294923119247,0.00142674800008535,
2192.0,0.00150106253568083,0.00145793950650841,0.00130357057787478,0.00128112861420959,0.00108001939952374,0.00119970075320452,0.00126014079432935,0.00142357975710183,0.00127761880867183,0.00149710406549275,0.00125451188068837,0.00131742178928107,0.00146705401130021,0.00156838225666434,0.00146896473597735,0.0014330706326291,0.0013193303020671,0.00150088430382311,0.00157667428720742,0.0014633231330663,0.0011780901113525,0.00148051755968481,0.00111318181734532,0.00153086567297578,0.00150873011443764,0.00157024967484176,0.00140269310213625,0.00132297864183784,0.00106086069718003,0.00129168876446784,0.00121927307918668,0.0013451223494485,0.00164399563800544,0.00154237460810691,0.00142388988751918,0.00155840185470879,0.00131428416352719,0.00122106284834445,0.0011340492637828,0.00127353030256927,0.00145815731957555,0.00145722005981952,0.00130274845287204,0.00146675633732229,0.00161466037388891,0.00114627531729639,0.00132726819720119,0.00142071035224944,
2193.0,0.00148939236532897,0.00144543626811355,0.00129721965640783,0.00127040094230324,0.00107265636324883,0.00119091069791466,0.00125467241741717,0.00141529645770788,0.001273900619708,0.00148566963616759,0.00124887807760388,0.00131042185239494,0.00145586172584444,0.00155462301336229,0.00145435682497919,0.00142245937604457,0.00131203432101756,0.00149008398875594,0.00156366243027151,0.00145821494515985,0.00116977619472891,0.00147330318577588,0.00110973243135959,0.00151972204912454,0.00149821257218719,0.00155837472993881,0.00139806780498475,0.00131467683240771,0.00105509266722947,0.00128146004863083,0.00121076463256031,0.00133753684349358,0.00163759069982916,0.00153404637239873,0.0014122745487839,0.00155126652680337,0.00130738702137023,0.00121206021867692,0.00112644128967077,0.00126735016237944,0.00144823000300676,0.00144552881829441,0.00129183195531368,0.00145646708551794,0.00160000065807253,0.00114234280772507,0.00132202042732388,0.00141014344990253,
2194.0,0.0014782480429858,0.00143291684798896,0.0012885705800727,0.00125827419105917,0.00106226827483624,0.00117905961815268,0.00124605605378747,0.00140342966187745,0.00126604584511369,0.00147402379661798,0.0012431126087904,0.00129684596322477,0.00144215696491301,0.00153966643847525,0.00143902946729213,0.00140938721597195,0.00130432459991425,0.00147695513442159,0.00155145791359246,0.0014497508527711,0.00116330082528293,0.00146724795922637,0.001102494308725,0.0015100734308362,0.00148644985165447,0.0015444866148755,0.00138762255664915,0.00130698864813894,0.00105110974982381,0.0012699164217338,0.00120195373892784,0.00132422754541039,0.00162437499966472,0.00152237201109529,0.00139638420660049,0.00154059496708214,0.00130159687250853,0.00120065500959754,0.00111736520193517,0.00125876837410033,0.00143840408418328,0.00142821378540248,0.00127784814685583,0.00144134112633765,0.00158547691535205,0.00113512494135648,0.00131092360243201,0.00139940320514143,
2195.0,0.00146746216341853,0.00141759170219302,0.00127654254902154,0.00124437920749187,0.00105346366763115,0.00116418849211186,0.00123572780285031,0.00139104295521975,0.00125657243188471,0.00146127690095454,0.00123202905524522,0.00128754077013582,0.001430110540241,0.00153020245488733,0.00142619025427848,0.00139460060745478,0.00129847414791584,0.00146217551082373,0.00153844605665654,0.00143828126601875,0.00115370994899422,0.00145738362334669,0.00109339412301779,0.00149682618211955,0.00147577538155019,0.00153001945000142,0.00137510313652456,0.00130032445304096,0.0010442096972838,0.00125993241090328,0.00118993083015084,0.00131356774363667,0.00161195790860802,0.00150610192213207,0.00138210714794695,0.00152875366620719,0.00129442545585334,0.00119178497698158,0.00110612518619746,0.00124668586067855,0.00142628699541092,0.00141212716698647,0.00127087521832436,0.0014295510482043,0.00157035118900239,0.00112564070150256,0.00130086170975119,0.00138667598366737,
2196.0,0.00145389197859913,0.00140414736233652,0.00126562651712447,0.00123229471500963,0.00104713975451887,0.00115302647463977,0.00122588558588177,0.00137869350146502,0.00124651682563126,0.00144653744064271,0.00121718202717602,0.00127625931054354,0.00142081850208342,0.00151974789332598,0.00140700407791883,0.00138152728322893,0.00128743704408407,0.00145103328395635,0.00152433116454631,0.00142468593548983,0.00114120973739773,0.00144356477539986,0.0010835372377187,0.00148243014700711,0.00146711559500545,0.00151552574243397,0.00135900662280619,0.00128884427249432,0.00103649112861603,0.00125289312563837,0.00117883330676705,0.00130809785332531,0.00159956456627697,0.00149019621312618,0.00136961077805609,0.00151359406299889,0.0012857032706961,0.00118074414785951,0.00109668844379485,0.0012350850738585,0.00141412171069533,0.00139296089764684,0.00126056920271367,0.00141526653897017,0.00155945727601647,0.00111497717443854,0.00129013799596578,0.0013756169937551,
2197.0,0.00144286849536002,0.00139605242293328,0.00125718698836863,0.00122348393779248,0.0010416287695989,0.00114474224392325,0.00121836201287806,0.0013699863338843,0.00123614072799683,0.00143342616502196,0.00120654178317636,0.0012633865699172,0.00141046778298914,0.00151149474550039,0.0013924662489444,0.00137281941715628,0.00127485173288733,0.00144300248939544,0.00151322409510612,0.00141271518077701,0.00113460747525096,0.00143100321292877,0.00107459537684917,0.00147326302248985,0.00145720457658172,0.00150367803871632,0.00134473771322519,0.00128046330064535,0.00102834193967283,0.00124715908896178,0.00117214501369745,0.00130253238603473,0.00158615130931139,0.00147572439163923,0.00135795830283314,0.00149780721403658,0.00127575569786131,0.00117051915731281,0.00108720606658608,0.00122490245848894,0.00140589592047036,0.00137940945569426,0.00124859542120248,0.001404112088494,0.00155062042176723,0.00110265437979251,0.00127992837224156,0.00136808084789664,
2198.0,0.00143394898623228,0.00139262073207647,0.00125205749645829,0.00121525267604738,0.00103832955937833,0.00113913102541119,0.00120964262168854,0.00136532005853951,0.00122949772048742,0.001425497001037,0.00119967362843454,0.00125759351067245,0.00140356132760644,0.00150729552842677,0.00138563255313784,0.00136561994440854,0.0012653365265578,0.0014355881139636,0.00150684034451842,0.00140538858249784,0.00113246287219226,0.00142079871147871,0.00106695073191077,0.00146778963971883,0.00145176390651613,0.00149886298459023,0.0013372766552493,0.00127514591440558,0.00102240941487253,0.0012404506560415,0.00117164477705956,0.00129849091172218,0.00157829537056386,0.0014677164144814,0.00135166931431741,0.00149057840462774,0.00126651488244534,0.00116632471326739,0.0010796234710142,0.0012193814618513,0.00139894522726536,0.00137603376060724,0.00124495918862522,0.00140000565443188,0.00154386600479484,0.00109615945257246,0.0012738456716761,0.00136371166445315,
2199.0,0.00142654101364315,0.00139056425541639,0.0012522175675258,0.00121413765009493,0.0010344753973186,0.001138208899647,0.00120359391439706,0.00136385997757316,0.00122945988550782,0.0014198572607711,0.00119793938938528,0.00125529442448169,0.00140021182596684,0.0015019834972918,0.00138005521148443,0.001362040406093,0.00125708314590156,0.00143245828803629,0.00150164496153593,0.00140408135484904,0.00113130873069167,0.00141487538348883,0.0010618397500366,0.00146131904330105,0.0014488302404061,0.00149857706855983,0.00133473158348352,0.00126929755788296,0.00102185260038823,0.0012390409829095,0.00117086840327829,0.00129848020151258,0.00157403864432126,0.00146436190698296,0.00134895520750433,0.00148667104076594,0.0012608531396836,0.00116052967496216,0.00107849307823926,0.00121711601968855,0.00139522354584187,0.00137611362151802,0.00124231749214232,0.00139850343111902,0.00154095783364028,0.00109385489486158,0.00127175927627832,0.00136335741262883,
2200.0,0.00142443110235035,0.00138925551436841,0.0012576476437971,0.00121602334547788,0.00103216315619648,0.00114010169636458,0.00120566238183528,0.00136355892755091,0.0012336908839643,0.00141894689295441,0.00120196095667779,0.00125533121172339,0.00140006514266133,0.00149911921471357,0.00137928640469909,0.00136134552303702,0.00125433632638305,0.00143298855982721,0.00150150491390377,0.00140701129566878,0.00113083107862622,0.00141384161543101,0.00105927896220237,0.00146321032661945,0.00144757505040616,0.00150147685781121,0.00133737525902689,0.00126811605878174,0.00102248950861394,0.00123323895968497,0.00117035338189453,0.00129987800028175,0.00157157890498638,0.00146426213905215,0.00134966394398361,0.00148631981573999,0.00125888793263584,0.00116022594738752,0.00107617489993572,0.00121628667693585,0.00139408523682505,0.00137926905881613,0.00124129059258848,0.00140053557697684,0.00153867492917925,0.00109427608549595,0.00126886332873255,0.00136416452005506,
2201.0,0.00142642273567617,0.00139028788544238,0.00126176979392767,0.00121913116890937,0.00103381834924221,0.00114267156459391,0.001208815141581,0.0013638943200931,0.00123747892212123,0.0014218584401533,0.00120485830120742,0.00125684298109263,0.00140220823232085,0.00149961677379906,0.00138210668228567,0.00136227998882532,0.00125671760179102,0.00143543246667832,0.00150344765279442,0.00141046661883593,0.00113203830551356,0.00141608319245279,0.00106019922532141,0.00146774936001748,0.00145007285755128,0.00150568236131221,0.00133949832525104,0.00126963818911463,0.00102507835254073,0.00123170600272715,0.00117278937250376,0.00130085158161819,0.00157333968672901,0.00146627658978105,0.00135243136901408,0.00148908491246402,0.00126006209757179,0.00116189976688474,0.00107621122151613,0.00121775642037392,0.00139521306846291,0.00138326513115317,0.00124273123219609,0.00140364025719464,0.00154038553591818,0.00109670986421406,0.00126973318401724,0.00136647780891508,
2202.0,0.0014355753082782,0.00139299628790468,0.00126739661209285,0.00122472865041345,0.00103842082899064,0.00114784657489508,0.00121367315296084,0.00136437464971095,0.00124333810526878,0.0014307718956843,0.00120820826850832,0.00126211671158671,0.00140872853808105,0.00150319037493318,0.00139129115268588,0.00136558793019503,0.00126679625827819,0.00144115998409688,0.00150838575791568,0.00141652091406286,0.00113499071449041,0.00142351037357002,0.0010634099598974,0.00147590646520257,0.00145804358180612,0.00151329417712986,0.00134290219284594,0.00127456430345774,0.00103199481964111,0.00123134604655206,0.00117805670015514,0.00130231934599578,0.0015800412511453,0.00147185893729329,0.00135791080538183,0.00149722362402827,0.00126650289166719,0.00116788689047098,0.00107881345320493,0.00122125283814967,0.00139860645867884,0.00139052548911422,0.00124752463307232,0.0014090551994741,0.00154613947961479,0.00110277987550944,0.00127309316303581,0.00137085514143109,
2203.0,0.00144494941923767,0.00139727420173585,0.00127195590175688,0.00123492802958935,0.00104699016083032,0.0011520633706823,0.00122202944476157,0.00136758177541196,0.00125092407688498,0.00143958162516356,0.00121234473772347,0.0012678683269769,0.00141487829387188,0.00150650541763753,0.00139789737295359,0.00137474737130105,0.00127711368259043,0.0014473854098469,0.0015141605399549,0.00142436777241528,0.00113810098264366,0.00142993894405663,0.00107210979331285,0.00148100825026631,0.00146521592978388,0.00151885347440839,0.00134742888621986,0.00128150125965476,0.00103812664747238,0.00123970198910683,0.00118261633906513,0.00130693963728845,0.00158741930499673,0.00147842243313789,0.00136452715378255,0.0015031776856631,0.00127374997828156,0.00117005209904164,0.00108562142122537,0.001226746593602,0.00140536134131253,0.00139464216772467,0.00125461420975626,0.00141712860204279,0.00155396689660847,0.00110769306775182,0.00128182081971318,0.0013762644957751,
2204.0,0.00145323399920017,0.0014057265361771,0.00127852044533938,0.00124363647773862,0.00105624529533088,0.00115587445907295,0.00123493152204901,0.001375024439767,0.00125781714450568,0.00144980649929494,0.00122006924357265,0.0012738280929625,0.00142248184420168,0.00151419744361192,0.00140618241857737,0.00138285127468407,0.00128665170632303,0.00145487964618951,0.00152480124961585,0.00143247819505632,0.00114472198765725,0.00143713038414717,0.00108440744224936,0.00149719428736717,0.00147309433668852,0.00152862130198628,0.00135441625025123,0.00129130796995014,0.00104038848076016,0.00124857656192034,0.00119076098781079,0.00131232873536646,0.00159579154569656,0.00148868630640209,0.00137483107391745,0.00151283829472959,0.00128180522006005,0.00117627321742475,0.00109126162715256,0.0012348189484328,0.00141568738035858,0.00140163209289312,0.00126428331714123,0.00142617023084313,0.00156266149133444,0.00111493864096701,0.00129131239373237,0.00138498574960977,
2205.0,0.00146425142884254,0.00141868577338755,0.00128318089991808,0.00125424016732723,0.00106535118538886,0.00116420455742627,0.00124280387535691,0.00138509925454855,0.00126432231627405,0.00146330788265914,0.0012310198508203,0.00128139380831271,0.00143243686761707,0.00152705982327461,0.00141691544558853,0.00139056285843253,0.00129620905499905,0.00146673468407243,0.00153440632857382,0.00144120748154819,0.00115726690273732,0.00144849508069456,0.00109837029594928,0.0015092077665031,0.00148277741391212,0.0015396123053506,0.00136379047762603,0.00130141468252987,0.00104627665132284,0.00126300053671002,0.00120078900363296,0.0013183985138312,0.00160658941604197,0.00150050653610379,0.00138823804445565,0.00152520660776645,0.00129197421483696,0.0011835612822324,0.00110228871926665,0.00124332297127694,0.001428157906048,0.00141233368776739,0.00127325393259525,0.00143707159440964,0.00157193455379456,0.0011235506972298,0.00130377535242587,0.00139732286334038,
2206.0,0.00147749518509954,0.00143268762622029,0.00129134475719184,0.00126609858125448,0.00107510981615633,0.00117356609553099,0.00125133723486215,0.00139759248122573,0.00127455417532474,0.0014772959984839,0.001245302031748,0.00129236653447151,0.00144276849459857,0.00153933581896126,0.00142774626147002,0.00140178832225502,0.00130403274670243,0.00147775956429541,0.00154542468953878,0.00145293900277466,0.00116766418796033,0.00145913404412568,0.00111250311601907,0.00151599466335028,0.00149183929897845,0.0015489065553993,0.00137846299912781,0.00131332571618259,0.00105348729994148,0.00127650506328791,0.00120912026613951,0.00133008533157408,0.00161773571744561,0.00151533272583038,0.00140280509367585,0.00153396534733474,0.00130285241175443,0.00119302631355822,0.00111920502968132,0.00125469453632832,0.00144005543552339,0.00142295390833169,0.00128446170128882,0.00144966482184827,0.00158061389811337,0.00113357044756413,0.00131649116519839,0.0014109299518168,
2207.0,0.00149021169636399,0.00144427781924605,0.00130302645266056,0.00127616291865706,0.00108240195550025,0.00118276930879802,0.00126080168411136,0.00141102180350572,0.00128391932230443,0.00149005162529647,0.00125566159840673,0.00130474974866956,0.00145345006603748,0.00155461055692285,0.00144116894807667,0.00141053670085967,0.00131092697847635,0.00149033160414547,0.00155703071504831,0.00146294943988323,0.00117964739911258,0.00146984623279423,0.00112388643901795,0.0015295100165531,0.00150463462341577,0.00156385533045977,0.0013928993139416,0.00132347038015723,0.00106019165832549,0.00128642248455435,0.00121576280798763,0.00134200288448483,0.00162615568842739,0.00153173238504678,0.00141446443740278,0.00154369988013059,0.0013119907816872,0.00120648613665253,0.00113186112139374,0.00126431055832654,0.00144905282650143,0.00143326900433749,0.00129669392481446,0.00145935628097504,0.00159071397501975,0.00114573538303375,0.00132347864564508,0.00142300967127085,
2208.0,0.00150388851761818,0.00145306752528995,0.00131327041890472,0.00128545542247593,0.00108937011100352,0.00119468208868057,0.00126600998919457,0.00142285088077188,0.00129306642338634,0.00150351913180202,0.00126461079344153,0.00131676369346678,0.00146760500501841,0.00157028809189796,0.00145060161594301,0.00141986715607345,0.0013188028242439,0.00150578375905752,0.00156703440006822,0.00147097767330706,0.00119032931979746,0.00148217007517815,0.0011317286407575,0.00153453671373427,0.00151667604222894,0.00157600152306259,0.00140584073960781,0.00132994749583304,0.00106955540832132,0.00129578844644129,0.00122237333562225,0.00135126174427569,0.0016372948884964,0.00154194154310971,0.00142524938564748,0.0015524688642472,0.00132048304658383,0.0012180891353637,0.00114177726209164,0.00127264379989356,0.00145549851004034,0.00144348619505763,0.00130484474357218,0.00146895542275161,0.00160029123071581,0.00115556188393384,0.00132951897103339,0.00143156864214689,
2209.0,0.0015139551833272,0.00145873450674117,0.00132213602773845,0.00129083089996129,0.0010973650496453,0.00120178959332407,0.00127134937793016,0.00143177714198828,0.00130186066962779,0.001515724346973,0.0012713362229988,0.00132690428290516,0.00147753779310733,0.00157942541409284,0.00145875767339021,0.00142605463042855,0.00132906995713711,0.00151585810817778,0.00157759117428213,0.00147642567753792,0.00119401747360826,0.00149418041110039,0.00113541074097157,0.00153810589108616,0.00152485491707921,0.00158541020937264,0.00141516525764018,0.00133405206725001,0.00107507314532995,0.00130328326486051,0.00122819317039102,0.00135970115661621,0.00165009801276028,0.00155095511581749,0.00143481907434762,0.00155836250633001,0.0013295563403517,0.00122659583576024,0.00114830851089209,0.00128122279420495,0.00146045559085906,0.00145203433930874,0.00131255853921175,0.00147530867252499,0.0016102526569739,0.00116627884563059,0.00133495475165546,0.00143882958218455,
2210.0,0.00151518429629505,0.00146129075437784,0.00132632139138877,0.00129697564989328,0.00110276381019503,0.00120335887186229,0.00127375626470894,0.00144156324677169,0.00130591355264187,0.00152328365948051,0.00127220258582383,0.00133492285385728,0.00148448057007045,0.00158517737872899,0.00146703701466322,0.00142899877391756,0.00133586104493588,0.00152193324174732,0.00158637331333011,0.00148135935887694,0.00119930680375546,0.00149886182043701,0.00113586732186377,0.00154889666009694,0.00153284741099924,0.00159670866560191,0.00142048241104931,0.00133735116105527,0.00107652286533266,0.00131093640811741,0.00123403046745807,0.00136097159702331,0.00165670074056834,0.00155809172429144,0.0014393514720723,0.00156726327259094,0.0013356483541429,0.0012308027362451,0.00114840676542372,0.00128418591339141,0.00146429776214063,0.00145607395097613,0.0013209629105404,0.00148087809793651,0.00162247358821332,0.00117420451715589,0.00133689912036061,0.00144300831016153,
2211.0,0.00151639222167432,0.00146212836261839,0.00132951594423503,0.00129982631187886,0.00110005028545856,0.00120678858365864,0.00127391831483692,0.00145013991277665,0.00130677665583789,0.0015262954402715,0.00127118662931025,0.00134152546525002,0.00149401288945228,0.00158630800433457,0.00147071853280067,0.00143554981332272,0.00133982580155134,0.00152449647430331,0.00159268220886588,0.00148365611676127,0.00120259379036725,0.00150018720887601,0.0011361395008862,0.00155421101953834,0.00153436535038054,0.00160086946561933,0.00142365100327879,0.00133941485546529,0.00107814418151975,0.00131533714011312,0.00123842712491751,0.00136210420168936,0.0016639520181343,0.00155974761582911,0.00144225521944463,0.00157643074635416,0.0013425707584247,0.00123160041403025,0.0011471260804683,0.00128567323554307,0.00146854110062122,0.00146156968548894,0.00132361380383372,0.00148657499812543,0.00163117260672152,0.00117645168211311,0.00134097214322537,0.00144372007343918,
2212.0,0.00151745497714728,0.00146525644231588,0.00133173062931746,0.00129741907585412,0.00109501520637423,0.00120833318214864,0.00127585977315903,0.00145093072205782,0.00130811019334942,0.00152588961645961,0.00127088604494929,0.00134116399567574,0.00149397947825491,0.00158336746972054,0.00147467968054116,0.00143928779289126,0.00134098459966481,0.00152295990847051,0.00159238209016621,0.0014816882321611,0.00120085710659623,0.0015018506674096,0.00113660423085093,0.00155719870235771,0.00153544754721224,0.00160084583330899,0.0014247604412958,0.0013411893742159,0.00107878050766885,0.00131598755251616,0.00123771408107132,0.0013639034004882,0.00166589615400881,0.00156252959277481,0.00144463335163891,0.00158007373102009,0.00134689116384834,0.00122910586651415,0.00114482524804771,0.00128571386449039,0.00146850582677871,0.00146683875937015,0.00132433651015162,0.0014890261227265,0.00163555622566491,0.00117909954860806,0.00134284945670515,0.00144435907714069,
2213.0,0.00151730899233371,0.00146782665979117,0.00133275950793177,0.00129800231661648,0.00109320797491819,0.00120735808741301,0.00127746723592281,0.00145018182229251,0.00130793382413685,0.00152340531349182,0.00127107126172632,0.00134117249399424,0.00149160309229046,0.00158053764607757,0.00147851381916553,0.00144185405224562,0.00133387895766646,0.00152145337779075,0.00159088557120413,0.00148250558413565,0.00119815033394843,0.00149987253826112,0.0011348957195878,0.00156101048924029,0.00153891078662127,0.00160031265113503,0.00142611807677895,0.00134417635854334,0.00107928027864546,0.00131444761063904,0.00123620929662138,0.00135951966512948,0.00166238495148718,0.00156421144492924,0.00144277571234852,0.00158039596863091,0.00134591886308044,0.00122573750559241,0.00114325864706188,0.00128499371930957,0.00146469578612596,0.00146497564855963,0.00132471194956452,0.00149312848225236,0.00163752865046263,0.00117652968037874,0.00133980240207165,0.00144378456752747,
2214.0,0.00152209249790758,0.00146999571006745,0.00133428268600255,0.00129509135149419,0.00109013263136148,0.00121019571088254,0.00128070812206715,0.00144957983866334,0.00130415894091129,0.0015196556923911,0.00127031491138041,0.001339539187029,0.00149022857658565,0.00157813122496009,0.00147642195224762,0.00144623755477369,0.00132951128762215,0.00152026582509279,0.00159177707973868,0.00148174283094704,0.00119647313840687,0.00150236824993044,0.00113520829472691,0.00155967229511589,0.00154019368346781,0.00159831834025681,0.00142770807724446,0.00134372070897371,0.00107875769026577,0.00131117203272879,0.00123234954662621,0.0013596344506368,0.00166400265879929,0.0015627316897735,0.00144200306385756,0.00158027641009539,0.00134343735408038,0.00122522853780538,0.00114299764391035,0.00128683308139443,0.00146093138027936,0.00146705319639295,0.00132080097682774,0.00149334094021469,0.0016339278081432,0.00117056001909077,0.00133772997651249,0.00143988057971001,
2215.0,0.00152318808250129,0.00147410831414163,0.00133375846780837,0.00129233999177814,0.00109102018177509,0.00121065776329488,0.00128485017921776,0.00144676002673805,0.00130443903617561,0.00151646940503269,0.00127225287724286,0.00133160315454006,0.00148756429553032,0.00157746928744018,0.00147256546188146,0.00144423835445195,0.00132993352599442,0.00152392336167395,0.00158992421347648,0.00148196471855044,0.00119651609566063,0.00150705513078719,0.00113907223567367,0.00155359948985279,0.00154239730909467,0.001596276066266,0.00142744509503245,0.0013417205773294,0.00107623997610062,0.00130860111676157,0.00123217771761119,0.00136081967502832,0.00166439451277256,0.00156175275333226,0.00144562113564461,0.00158077175728977,0.00133755756542087,0.00122262816876173,0.00114204594865441,0.00128884648438543,0.00145862973295152,0.00147120095789433,0.00131778791546822,0.00149083056021482,0.00162968714721501,0.0011664223857224,0.00133507756981999,0.00144098442979157,
2216.0,0.00152248505037278,0.00147615920286626,0.00133180781267583,0.00129281647969037,0.00109631172381341,0.00120707566384226,0.00128543365281075,0.00144687411375344,0.0013043824583292,0.00151605671271682,0.00127187045291066,0.00133034202735871,0.00148823321796954,0.00157775136176497,0.00147240713704377,0.00144019140861928,0.00133099313825369,0.00152930768672377,0.00159230863209814,0.00148664892185479,0.00119614007417113,0.00150870834477246,0.00114132731687278,0.00154920388013124,0.00154025631491095,0.00159622053615749,0.00142614461947232,0.0013413114938885,0.00107205740641803,0.00130609143525362,0.00123224209528416,0.0013615523930639,0.00166570174042135,0.00156271038576961,0.00144533638376743,0.00158267479855567,0.0013332748785615,0.00122055562678725,0.00114373071119189,0.00129133614245802,0.00146054802462459,0.00146510521881282,0.00131819187663496,0.00148888677358627,0.00162673660088331,0.00116013817023486,0.00133246672339737,0.00144209119025618,
2217.0,0.001523164100945,0.00147668784484267,0.00132981443312019,0.00129121541976929,0.00109576852992177,0.00120804109610617,0.00128521583974361,0.00145068566780537,0.00130154204089195,0.00151419593021274,0.00126904668286443,0.00132872932590544,0.00148789829108864,0.00157622946426272,0.00147315673530102,0.00144065613858402,0.00133583764545619,0.00152808567509055,0.00159541855100542,0.00148871238343418,0.00119637814350426,0.00150732661131769,0.00114314362872392,0.00154936593025923,0.00153394660446793,0.00159735593479127,0.00142343656625599,0.00134091952349991,0.00106925459112972,0.00130356987938285,0.00122922856826335,0.00136600411497056,0.00166752852965146,0.00156339490786195,0.00144420680589974,0.00158550892956555,0.00133181817363948,0.00122360396198928,0.00114466110244393,0.00129076302982867,0.00146182964090258,0.00146308157127351,0.00131686893291771,0.001484518754296,0.00162522308528423,0.00115643988829106,0.00133277755230665,0.00143853609915823,
2218.0,0.00151704123709351,0.00147393927909434,0.0013302102452144,0.0012916469713673,0.00109196559060365,0.00120753911323845,0.00128390919417143,0.0014499289682135,0.00130300631280988,0.00150940415915102,0.00126865052152425,0.00132534257136285,0.00148778350558132,0.00157442933414131,0.00147071632090956,0.00144282157998532,0.00133938260842115,0.00152461847756058,0.00159538397565484,0.00148535787593573,0.00119611155241728,0.00150168954860419,0.00114172138273716,0.00154816010035574,0.00152892398182303,0.00159695977345109,0.00141676538623869,0.00134088343475014,0.00107016682159156,0.00130480958614498,0.00123057444579899,0.00136749411467463,0.00166302034631371,0.00156166451051831,0.00144192459993064,0.00158505665604025,0.00132896890863776,0.00122462469153106,0.00114153325557709,0.00128738256171346,0.00146272743586451,0.00146454304922372,0.00131567823700607,0.00147945573553443,0.00162543903570622,0.00115695630665869,0.00133361853659153,0.00143667974043638,
2219.0,0.00151151116006076,0.00146824773401022,0.00132958730682731,0.00129214930348098,0.00109040073584765,0.00120429811067879,0.00128041859716177,0.00144618691410869,0.00130297511350363,0.00150751590263098,0.00126925576478243,0.00132711778860539,0.00148499652277678,0.00157156051136553,0.00146913947537541,0.00144550029654056,0.00133926467970014,0.00151961948722601,0.00159618852194399,0.00147962698247284,0.00119146984070539,0.0014942818088457,0.00113372527994215,0.00154604588169605,0.00152378238271922,0.00159500422887504,0.00140938337426633,0.00134036783128977,0.00107335019856691,0.00130381714552641,0.00122921727597713,0.00136593170464039,0.00165938946884125,0.00155935797374696,0.00143630767706782,0.00158087536692619,0.00133092829491943,0.00122204516083002,0.00114036595914513,0.00128494575619698,0.00146442477125674,0.00145976466592401,0.00131504354067147,0.00147605466190726,0.00162409106269479,0.00115859671495855,0.00133373402059078,0.00143133488018066,
2220.0,0.00151002802886069,0.00146149413194507,0.00132810277864337,0.00129216478671879,0.00108820002060384,0.00120582419913262,0.00127819995395839,0.00144473428372294,0.00129976589232683,0.00150583242066205,0.00127062120009214,0.0013264196459204,0.00148160289973021,0.00156863848678768,0.00146714178845286,0.00144567096140236,0.00133607431780547,0.00151300651486963,0.00159357499796897,0.00147364696022123,0.00118834862951189,0.00148801447357982,0.00112616422120482,0.00154334853868932,0.00151804275810719,0.00159200991038233,0.00140325608663261,0.00133982836268842,0.00107597804162651,0.00129859044682235,0.00122869596816599,0.00136261049192399,0.0016543100355193,0.0015563954366371,0.00143312674481422,0.00157609977759421,0.00133568048477173,0.00122124084737152,0.00113796140067279,0.00127943756524473,0.00146243872586638,0.00145763007458299,0.00131062348373234,0.00147512706462294,0.00162196555174887,0.00115972652565688,0.00133232132066041,0.00142830610275269,
2221.0,0.00150779890827835,0.00145574728958309,0.00132733036298305,0.00129062647465616,0.00108677102252841,0.00120372395031154,0.00127667502965778,0.00144053809344769,0.00129531475249678,0.00150454440154135,0.00126702163834125,0.00132419390138239,0.00147942698094994,0.00156632752623409,0.00145863031502813,0.00144374335650355,0.00133222958538681,0.00150986132211983,0.00158964947331697,0.00146726600360125,0.00118844653479755,0.00148096715565771,0.00112071353942156,0.00153726746793836,0.001515036332421,0.00158749567344785,0.00139844813384116,0.00133934745099396,0.00107478594873101,0.00129516853485256,0.00122842902783304,0.0013566828565672,0.00164649309590459,0.00155246770009398,0.00143146759364754,0.00157216982915998,0.00133166031446308,0.00121959019452333,0.00113073422107846,0.00127515406347811,0.0014601374277845,0.00145623285789043,0.00130682450253516,0.00147022109013051,0.00161921721883118,0.00115820835344493,0.00133076286874712,0.00142572110053152,
2222.0,0.00150642939843237,0.00145532772876322,0.0013254196383059,0.00128241640049964,0.00108705461025238,0.0012006756151095,0.00127393391449004,0.0014366697287187,0.00129127036780119,0.001502271508798,0.00126244442071766,0.00132352730724961,0.00147564988583326,0.00156400993000716,0.00145540025550872,0.00144004041794688,0.00132649845909327,0.0015058177523315,0.00158657960128039,0.0014632964739576,0.0011866403510794,0.00147564813960344,0.00111600384116173,0.00152847671415657,0.00151307077612728,0.00158088724128902,0.00139652285724878,0.00133930251467973,0.00106984935700893,0.0012888356577605,0.0012242702068761,0.00134984753094614,0.00164197268895805,0.00155046640429646,0.0014282293850556,0.00156832684297115,0.00132677122019231,0.0012155428994447,0.00112572649959475,0.00127493764739484,0.0014579581329599,0.00145173189230263,0.00130394950974733,0.00146647845394909,0.00161612324882299,0.00115677330177277,0.00133040314540267,0.00142259278800339,
2223.0,0.00150432798545808,0.00145540735684335,0.00131931342184544,0.00127256498672068,0.00108738569542766,0.00119965558405966,0.00127174274530262,0.00143335689790547,0.0012874148087576,0.00149680790491402,0.0012575548607856,0.00131804356351495,0.00147302763070911,0.00156280735973269,0.00145430047996342,0.001434356556274,0.00131667358800769,0.00150008127093315,0.00157889572437853,0.00146025943104178,0.00118367129471153,0.00147317652590573,0.00111200765240937,0.0015238436171785,0.00150984572246671,0.00157685577869415,0.00139623775612563,0.00133822683710605,0.00106393196620047,0.00128314387984574,0.0012207463150844,0.0013431184925139,0.0016370314406231,0.00154794519767165,0.00142330233938992,0.00156264787074178,0.00132396386470646,0.00121243996545672,0.00111956452019513,0.0012734504416585,0.00145350932143629,0.00144875270780176,0.00129945308435708,0.0014652325771749,0.00161063636187464,0.00115092878695577,0.00132693978957832,0.00142044073436409,
2224.0,0.00149907835293561,0.00145383772905916,0.00131273653823882,0.00126605306286365,0.00108554738108069,0.00119495205581188,0.00127008673734963,0.00142971333116293,0.00128246180247515,0.00149273022543639,0.00125229952391237,0.00131326273549348,0.00146696425508708,0.00155873107723892,0.00145070638973266,0.00142946012783796,0.00130973791237921,0.00149666320066899,0.00157358020078391,0.00145760783925653,0.00118115940131247,0.00147021014709026,0.00110805127769709,0.00152162392623723,0.00150584324728698,0.00157297891564667,0.0013932652072981,0.00133408431429416,0.00105851539410651,0.00128114514518529,0.00121786072850227,0.00133735104463995,0.0016332360683009,0.00154542119707912,0.00141918787267059,0.00155680533498526,0.0013199340319261,0.00120824959594756,0.00111401185858995,0.00127098604571074,0.00144874153193086,0.00144458294380456,0.00129611697047949,0.00146287155803293,0.00160602410323918,0.00114550977014005,0.00132330320775509,0.00141398818232119,
2225.0,0.00148794730193913,0.00145517091732472,0.00130276032723486,0.00125949562061578,0.00108102383092046,0.00118441961240023,0.00127077428624034,0.00142650841735303,0.00127795129083097,0.00148786860518157,0.00124649540521204,0.00130810646805912,0.00145584461279213,0.00155157980043441,0.00144640367943794,0.00142647069878876,0.00130339874885976,0.00149571592919528,0.00157021335326135,0.00145540502853692,0.00117804401088506,0.00146854214835912,0.00110280374065042,0.00152277864981443,0.00150301156099886,0.00156942801550031,0.00138806481845677,0.00132615421898663,0.0010517017217353,0.00128500477876514,0.00121494592167437,0.00133205112069845,0.00163284211885184,0.00154455285519361,0.00141235557384789,0.00154840317554772,0.00131415517535061,0.00120179785881191,0.00110891694203019,0.00126924039795995,0.00144432438537478,0.00143978546839207,0.00129407504573464,0.00146186468191445,0.00160397461149842,0.00114023592323065,0.00131990516092628,0.00139974162448198,
2226.0,0.00147987343370914,0.00145083677489311,0.00129723886493593,0.00125502119772136,0.00107617233879864,0.00117930665146559,0.00126725528389215,0.00141991989221424,0.0012734237825498,0.00148090580478311,0.00124183658044785,0.00130349851679057,0.00144784443546087,0.00154757627751678,0.00144248479045928,0.00142172712367028,0.0012991022085771,0.0014900560490787,0.00156661111395806,0.00145040289498866,0.00117451790720224,0.00146582699380815,0.00110133038833737,0.00152162392623723,0.00149746495299041,0.00156518328003585,0.00138404779136181,0.00131988141220063,0.00104759889654815,0.00128391874022782,0.00121131201740354,0.0013286602916196,0.00162947410717607,0.00154195399954915,0.00140746275428683,0.00154149474110454,0.00130928808357567,0.00119669758714736,0.00110623135697097,0.00126537273172289,0.00143884343560785,0.00143507705070078,0.00129054242279381,0.00145745405461639,0.00159858434926718,0.00113641319330782,0.0013151167659089,0.00139333074912429,
2227.0,0.00147133599966764,0.0014416454359889,0.00129156012553722,0.00125402177218348,0.00107011257205158,0.00117450777906924,0.00126222509425133,0.00141133228316903,0.00126801920123398,0.00147345499135554,0.0012365406146273,0.00129750382620841,0.00143930630292743,0.00154427078086883,0.00143780175130814,0.00141569960396737,0.00129663443658501,0.00148398149758577,0.00156265858095139,0.00144435500260442,0.00117064418736845,0.00146339077036828,0.00110128126107156,0.00152323313523084,0.00148872041609138,0.00156201282516122,0.00137868442106992,0.00131119950674474,0.00104517047293484,0.00128305517137051,0.00120884366333485,0.00132650835439563,0.00162606092635542,0.00153864896856248,0.00140417763032019,0.00153479957953095,0.00130593113135546,0.00119164783973247,0.00110460654832423,0.00125954172108322,0.0014322167262435,0.00142990180756897,0.00128672225400805,0.00145127705764025,0.00159066892229021,0.00113188324030489,0.00130754744168371,0.00138744513969868,
2228.0,0.00146282557398081,0.00143277563620359,0.00128842098638415,0.00125250942073762,0.00106424582190812,0.00117161590605974,0.00125584984198213,0.00140478857792914,0.00126026303041726,0.00146665645297617,0.00123392674140632,0.00129498320166022,0.00143133150413632,0.00153705500997603,0.00143174605909735,0.0014092264464125,0.00129510834813118,0.00147631706204265,0.00156087451614439,0.00144212099257857,0.00116723100654781,0.00145838514436036,0.00110333424527198,0.00152067490853369,0.00148236227687448,0.0015558562008664,0.00137458834797144,0.00130430981516838,0.00104253459721804,0.00128141581080854,0.00120438484009355,0.00132490380201489,0.00161837658379227,0.00153222284279764,0.00140247528906912,0.00152915378566831,0.0012992792762816,0.00118640786968172,0.00110351177863777,0.00125359056983143,0.00142334005795419,0.0014233160763979,0.00128236832097173,0.00144400936551392,0.00158356025349349,0.00112778111360967,0.00130362960044295,0.00138534035068005,
2229.0,0.00145497638732195,0.00142544007394463,0.00128873100038618,0.00124873744789511,0.00105861306656152,0.00116849946789443,0.00125008600298315,0.00139382458291948,0.00125495670363307,0.00145884812809527,0.001231505186297,0.00129105884116143,0.00142546463757753,0.00153094378765672,0.00142423331271857,0.00140208750963211,0.00129091960843652,0.001465073088184,0.00155567144975066,0.00143401173409075,0.00116503972094506,0.00145340559538454,0.00110561645124108,0.00151404028292745,0.00147663708776236,0.00154917198233306,0.00137401616666466,0.00130322645418346,0.00104013329837471,0.00127325358334929,0.00119655847083777,0.00132292218040675,0.00161073775961995,0.00152564607560635,0.00139736081473529,0.00152469787281007,0.00129062961786985,0.00118209642823786,0.00110134750138968,0.00124627409968525,0.00141742057166994,0.0014193196548149,0.00127754244022071,0.0014367193216458,0.00157698022667319,0.00112419237848371,0.00129969045519829,0.00138424313627183,
2230.0,0.00144748226739466,0.00141708552837372,0.00128533085808158,0.00124065927229822,0.0010578150395304,0.00116791436448693,0.00124375754967332,0.00138178223278373,0.00124958041124046,0.00145007378887385,0.00123030529357493,0.00128291756846011,0.00142148055601865,0.00152329856064171,0.00141965551301837,0.00139515835326165,0.00128326844424009,0.00145363085903227,0.00154690735507756,0.00142737256828696,0.00115758844185621,0.00144620577339083,0.00110275880433619,0.00150615675374866,0.00146901642438024,0.00154101429507136,0.00137332722079009,0.00129683827981353,0.00103616144042462,0.00126337015535682,0.00118999637197703,0.00131611106917262,0.00160394934937358,0.00151299952995032,0.00139118346851319,0.00151911075226963,0.00128319917712361,0.00117703655268997,0.00109837797936052,0.00124028814025223,0.00141062657348812,0.00141403253655881,0.00126965099480003,0.00142848200630397,0.00156709179282188,0.00111726357135922,0.00129331822972745,0.00138237897772342,
2231.0,0.00143822026439011,0.00140795123297721,0.00127801322378218,0.00123531359713525,0.00105553772300482,0.00116686220280826,0.00123659626115113,0.00137236749287695,0.0012448817724362,0.00144231086596847,0.0012304688571021,0.00127843779046088,0.00141655339393765,0.00151397834997624,0.0014137695543468,0.00138666015118361,0.00127587374299765,0.00144356908276677,0.00153523031622171,0.00142196612432599,0.00114947138354182,0.0014410816365853,0.00109667354263365,0.00149415526539087,0.00146373407915235,0.00153391645289958,0.00136759493034333,0.0012918149586767,0.00103243661578745,0.00125341163948178,0.00118464371189475,0.00130535627249628,0.00159765721764416,0.00150093564298004,0.00138346757739782,0.00151144515257329,0.00127794302534312,0.00117046548984945,0.00109648448415101,0.00123449764214456,0.00140399357769638,0.00140841654501855,0.00126315676607192,0.00142359244637191,0.00155723583884537,0.00110920111183077,0.00128626218065619,0.00137913855724037,
2232.0,0.00143081799615175,0.00140145723707974,0.00127027032431215,0.00123014312703162,0.00105138518847525,0.00116135191638023,0.00123238179367036,0.00136071722954512,0.001238371594809,0.00143871642649174,0.00122290849685669,0.00127224368043244,0.00140661932528019,0.00150417350232601,0.00140643445774913,0.00138110353145748,0.00126905855722725,0.00143700279295444,0.00152162904851139,0.00141203368548304,0.00114190496969968,0.0014337464235723,0.00108567636925727,0.00148295145481825,0.0014557825634256,0.00152945297304541,0.00135732151102275,0.00128710770513862,0.00102625065483153,0.00124648376367986,0.00117840536404401,0.0012935179984197,0.00159188511315733,0.0014949714532122,0.00137291802093387,0.00150624371599406,0.00126960885245353,0.0011659727897495,0.00109086208976805,0.00122556975111365,0.0014002927346155,0.00140490510966629,0.00125752564053982,0.00141836027614772,0.00154829060193151,0.00110351422335953,0.00127930322196335,0.00136897270567715,
2233.0,0.00142415333539248,0.00139230978675187,0.0012617465108633,0.00122274341993034,0.00104435987304896,0.00115820614155382,0.00122481642756611,0.00135257362853736,0.00123095547314733,0.00142927805427462,0.00121288246009499,0.00126609310973436,0.00139692414086312,0.00149487727321684,0.00140290532726794,0.0013749849749729,0.00126126199029386,0.00143151869997382,0.00151072849985212,0.00140228844247758,0.00113276019692421,0.00142399303149432,0.00107702391687781,0.00147221435327083,0.0014441148377955,0.00152405735570937,0.00134482700377703,0.00127462367527187,0.00101914384867996,0.00124380527995527,0.00117382197640836,0.00128442025743425,0.0015839112456888,0.00148545717820525,0.0013620451791212,0.00149917765520513,0.0012625209055841,0.00116167974192649,0.00108627404551953,0.00121871731244028,0.00139327917713672,0.00139508477877825,0.00125088298227638,0.00141050107777119,0.00153911055531353,0.00110159791074693,0.00127286952920258,0.00135814736131579,
2234.0,0.0014168816851452,0.00137794821057469,0.00125005538575351,0.0012198316399008,0.00103659520391375,0.00114961096551269,0.00121627794578671,0.00134659267496318,0.00122348719742149,0.00141527759842575,0.00120307982433587,0.00126098224427551,0.00138889765366912,0.00148627115413547,0.00139481842052191,0.00136705988552421,0.00125290208961815,0.00142333167605102,0.00149836088530719,0.00139441469218582,0.00112403079401702,0.00141683826223016,0.00106915377546102,0.00146030623000115,0.00143352919258177,0.00151690060738474,0.00133217789698392,0.00126442441251129,0.00101655279286206,0.00124064285773784,0.00116617372259498,0.00127596978563815,0.00157331326045096,0.001475187134929,0.00135282659903169,0.00149089097976685,0.00125683471560478,0.00115471053868532,0.00107890495564789,0.0012122446205467,0.00138786574825644,0.00138732930645347,0.00124281900934875,0.00140093953814358,0.00153008277993649,0.0010978770442307,0.00126358692068607,0.00134856486693025,
2235.0,0.00140882446430624,0.00136971659958363,0.00123941362835467,0.00121267244685441,0.00103261682670563,0.00113854405935854,0.00120934820733964,0.00134101451840252,0.00121332239359617,0.00140160589944571,0.00119041698053479,0.00125185190699995,0.00138395198155195,0.00147395418025553,0.00138860486913472,0.00136068952269852,0.00124560436233878,0.00141757668461651,0.00148879177868366,0.00138789985794574,0.00111774133983999,0.00140752375591546,0.00106127758044749,0.00145003211218864,0.00142188894096762,0.00150643277447671,0.00132246443536133,0.00125451711937785,0.00101206486579031,0.00123696203809232,0.00115673674736172,0.00127152143977582,0.00155912956688553,0.00146518903784454,0.00134271988645196,0.00148549466393888,0.00125001720152795,0.00114765157923102,0.00106709485407919,0.00120595924090594,0.00138164160307497,0.001380137167871,0.00123413361143321,0.00139213993679732,0.0015217219479382,0.0010902778012678,0.00125501083675772,0.00133692694362253,
2236.0,0.00139681971631944,0.00136100908275694,0.00123048713430762,0.00120649510063231,0.00102431536652148,0.00112805259414017,0.00120068772230297,0.00133744534105062,0.00120246363803744,0.00138945644721389,0.00118087197188288,0.00124145636800677,0.00138130015693605,0.001463120453991,0.00138154067099094,0.00134970189537853,0.00123855203855783,0.00141362100839615,0.0014820524957031,0.00137895997613668,0.00111730606295168,0.0014027077704668,0.00105597171932459,0.0014371374854818,0.00141019048169255,0.00149206817150116,0.00131683808285743,0.00124431715812534,0.0010060362983495,0.00122902693692595,0.00114689092151821,0.00126876728609204,0.00154902902431786,0.00145160092506558,0.00133523310068995,0.00147744314745069,0.00124719389714301,0.00113968760706484,0.00105954578612,0.00120450300164521,0.00137297355104238,0.0013654517242685,0.0012279407819733,0.00138491508550942,0.0015147008234635,0.00108238868415356,0.00124510400928557,0.00132342614233494,
2237.0,0.00138808274641633,0.00135279959067702,0.00122212630230933,0.00120215734932572,0.00102106807753444,0.00111908186227083,0.00119117100257427,0.00133255321998149,0.0011937691597268,0.00138269842136651,0.00117550685536116,0.00123458018060774,0.00137427332811058,0.00145931902807206,0.00137140543665737,0.00133746233768761,0.00123199832160026,0.00140749732963741,0.00147472252137959,0.0013725453754887,0.00111553643364459,0.00139765976928174,0.00104679854121059,0.00142615742515773,0.00139997794758528,0.00147722067777067,0.00131404912099242,0.00123811548110098,0.00100093800574541,0.00121659913565964,0.00113569397944957,0.00126149540301412,0.00154158205259591,0.00144053448457271,0.00132912455592304,0.00146814761683345,0.00124351517297328,0.00112834351602942,0.00105205352883786,0.00120000937022269,0.00136491761077195,0.00135060981847346,0.00121813826262951,0.00137491652276367,0.00151009787805378,0.00106994365341961,0.00123458495363593,0.00131295062601566,
2238.0,0.00138030794914812,0.00134983449243009,0.00121486617717892,0.00118949927855283,0.00102032406721264,0.00111571745947003,0.00118268199730664,0.00132220075465739,0.00118288455996662,0.00137568765785545,0.00116924336180091,0.00123042822815478,0.00136539584491402,0.00145048706326634,0.00135982898063958,0.00132634362671524,0.00123019609600306,0.0014003609539941,0.00146592757664621,0.00136578816454858,0.00111104873940349,0.00138627353589982,0.00103760906495154,0.00141737307421863,0.00139168964233249,0.00146473722998053,0.00130712112877518,0.00123127945698798,0.000991433393210173,0.0012071697274223,0.00112692953553051,0.00125487241894007,0.00152866495773196,0.00143218820448965,0.00132108200341463,0.00146165955811739,0.00123420066665858,0.00111853529233485,0.00104612042196095,0.00119288719724864,0.00135373510420322,0.0013378479052335,0.00120964134112,0.00136404274962842,0.00149926287122071,0.00105573865585029,0.00122734939213842,0.00130447291303426,
2239.0,0.00136717362329364,0.00134397565852851,0.00120674911886454,0.00117970630526543,0.00101029407233,0.00111065991222858,0.00117665366269648,0.00131311151199043,0.00117120344657451,0.00136886548716575,0.00116180721670389,0.00122338894288987,0.00135180715005845,0.00144025392364711,0.00134416157379746,0.00131538219284266,0.00122247997205704,0.00139242818113416,0.00145183643326163,0.00135708576999605,0.00110474857501686,0.00137487705796957,0.00102964811958373,0.00140602793544531,0.00138568761758506,0.00145235494710505,0.00129441497847438,0.00122439407277852,0.000983645557425916,0.00119991635438055,0.00111716217361391,0.00124605884775519,0.00151675823144615,0.00142419850453734,0.00131457846146077,0.00145307870116085,0.00122351013123989,0.00110989646054804,0.00104299397207797,0.00118790566921234,0.00134190183598548,0.00132475490681827,0.00120086409151554,0.0013538523344323,0.00148544227704406,0.00104960985481739,0.00122284726239741,0.00129682384431362,
2240.0,0.00135726295411587,0.00133875594474375,0.00120078236795962,0.00117094127926975,0.00100423849653453,0.00110476172994822,0.00116938259452581,0.00130496523343027,0.00116646778769791,0.00136018602643162,0.00115437339991331,0.00121566478628665,0.00133455428294837,0.00143245083745569,0.00133078859653324,0.00130469049327075,0.00121049501467496,0.00137939408887178,0.00143600383307785,0.00135041715111583,0.00109371880535036,0.00136017263866961,0.00102203781716526,0.0014018933288753,0.00137684564106166,0.00144092051777989,0.00128260266501456,0.00121570087503642,0.000978183117695153,0.0011894415365532,0.00111021066550165,0.00123338075354695,0.00150648097041994,0.00141697807703167,0.00130816583987325,0.00144316966179758,0.00121155742090195,0.00109939544927329,0.00103645166382194,0.001176419085823,0.00132772407960147,0.00131260231137276,0.00118590868078172,0.00134212989360094,0.00147652218583971,0.0010441467165947,0.0012195558520034,0.00129346281755716,
2241.0,0.00134612387046218,0.00133327685762197,0.00119150255341083,0.00115971465129405,0.00099558976944536,0.00109648832585663,0.00115967658348382,0.00129085418302566,0.00116195413284004,0.00134755996987224,0.00114343664608896,0.00120811397209764,0.00132358400151134,0.00142043712548912,0.00131740467622876,0.00129453034605831,0.00120238540694118,0.0013643637066707,0.00142037053592503,0.00133848947007209,0.00108236551750451,0.00134857348166406,0.00101852987427264,0.00139625836163759,0.00136601005215198,0.00143137527629733,0.00126834970433265,0.00120314059313387,0.000972116307821125,0.00118026626296341,0.00110627000685781,0.00122094177640975,0.00149552535731345,0.0014071639161557,0.00130076322238892,0.00143381650559604,0.00119813496712595,0.00109353102743626,0.00103114440571517,0.00116370909381658,0.00131368171423674,0.00130372471176088,0.00117665505968034,0.0013301168801263,0.00146404502447695,0.00103799859061837,0.00120986544061452,0.00128566974308342,
2242.0,0.00133124343119562,0.00132448866497725,0.00118044693954289,0.00115401018410921,0.000979862059466541,0.00108593585900962,0.00114956533070654,0.00127832510042936,0.0011574310483411,0.00134065747261047,0.00112871907185763,0.00119582691695541,0.00131737196352333,0.00140870490577072,0.00130613194778562,0.00128565134946257,0.00119098788127303,0.00135255814529955,0.00140761374495924,0.0013247022870928,0.00107424124144018,0.00134111207444221,0.00101696350611746,0.00138426793273538,0.00135716982185841,0.00142055994365364,0.00125566439237446,0.0011927547166124,0.000969923741649836,0.00117222382687032,0.00110150943510234,0.00121073890477419,0.00148521084338427,0.00139531516470015,0.00129324174486101,0.00141954224091023,0.00118836027104408,0.00108782772440463,0.00102473807055503,0.0011540474370122,0.00130169186741114,0.00129739078693092,0.0011668389197439,0.00131883018184453,0.00145342445466667,0.00103159970603883,0.00119895325042307,0.0012772420886904,
2243.0,0.00132134126033634,0.00131632178090513,0.00117443909402937,0.00114544352982193,0.000973029993474483,0.0010805093916133,0.00114120927173644,0.00126762106083333,0.00115170376375318,0.00133370084222406,0.00111809791997075,0.00118791637942195,0.00130920321680605,0.00139670248609036,0.00129909091629088,0.00127532030455768,0.00118090014439076,0.00133993208874017,0.00140188087243587,0.00131516472902149,0.00106762524228543,0.00133387255482376,0.00101366546005011,0.0013764527393505,0.00134854658972472,0.00140919908881187,0.00125014851801097,0.0011840759543702,0.000965451821684837,0.00116290408186615,0.00110017252154648,0.00119810632895678,0.00147723383270204,0.00138595059979707,0.00128576788119972,0.00140445190481842,0.00118224963080138,0.00107887305784971,0.0010165044805035,0.00114323396701366,0.00129039597231895,0.0012916293926537,0.00115555478259921,0.0013085245154798,0.00144449819345027,0.00101892475504428,0.00118801183998585,0.0012706775451079,
2244.0,0.00131217786110938,0.00130504544358701,0.0011684347409755,0.00113311805762351,0.000968934444244951,0.00107735232450068,0.0011325222440064,0.00125665066298097,0.00114018935710192,0.00132287060841918,0.00110939098522067,0.00118409562855959,0.00130235648248345,0.00138497247826308,0.00129243265837431,0.00126534758601338,0.00117426190990955,0.00132780289277434,0.00139532401226461,0.00130737863946706,0.00105898582842201,0.00132847588974983,0.00100798532366753,0.00136882206425071,0.00134087004698813,0.00140096340328455,0.00124331715051085,0.00117201451212168,0.000959611556027085,0.00115582626312971,0.00109552429057658,0.00118727830704302,0.00146518915425986,0.00137768674176186,0.0012766036670655,0.00139397522434592,0.00117438414599746,0.00107144331559539,0.00100896460935473,0.00113395741209388,0.00128296238835901,0.0012865950120613,0.00115113484207541,0.00130206951871514,0.00143155246041715,0.00100611965171993,0.00117688777390867,0.00125855440273881,
2245.0,0.00130108080338687,0.00129118922632188,0.00116099102888256,0.00112290657125413,0.000963384634815156,0.00107169058173895,0.00112462427932769,0.00125177996233106,0.00112995388917625,0.00131220801267773,0.00110170210245997,0.00117357028648257,0.00129601056687534,0.0013694470981136,0.00128345564007759,0.00125725311227143,0.00116633740253747,0.00131881749257445,0.00138882454484701,0.00130219967104495,0.00105094560422003,0.00132013310212642,0.000999798881821334,0.00135702383704484,0.0013338781427592,0.00139269977807999,0.00123598275240511,0.00116143678314984,0.000954550341702998,0.00115043995901942,0.00108630873728544,0.00118281226605177,0.0014521119883284,0.00137198041193187,0.00126599729992449,0.00138356571551412,0.00116588163655251,0.00106119178235531,0.000997715862467885,0.00112500495743006,0.00127320899628103,0.00128197413869202,0.00114661571569741,0.00129603454843163,0.00141577224712819,0.000996609916910529,0.00117009575478733,0.00125012407079339,
2246.0,0.0012928171781823,0.00127927120774984,0.00115358829498291,0.00110947154462337,0.000962071353569627,0.00106844992842525,0.00112034310586751,0.00125016423407942,0.00112033484037966,0.00129994552116841,0.00109772977884859,0.00116612541023642,0.0012866094475612,0.00135333626531065,0.0012732878094539,0.00124987482558936,0.0011595954420045,0.00130740227177739,0.00138127617537975,0.00129560625646263,0.00104404543526471,0.00130930007435381,0.000990279600955546,0.00134596589487046,0.00132618832867593,0.00138299481477588,0.00122895336244255,0.00115120795089751,0.000946273910813034,0.00114319159183651,0.00107624009251595,0.00117690640036017,0.00144418654963374,0.00136644765734673,0.00125691515859216,0.00137566309422255,0.00115786876995116,0.00105413526762277,0.000987540697678924,0.00111889920663089,0.00126189435832202,0.00127608538605273,0.00114174245391041,0.00128887302707881,0.00139983976259828,0.000989309861324728,0.0011630414519459,0.00124129373580217,
2247.0,0.00128341687377542,0.00126748904585838,0.00114357692655176,0.00109672569669783,0.000956874690018594,0.00105873378925025,0.00111618579830974,0.00124482880346477,0.00111192010808736,0.00129039527382702,0.00109291973058134,0.00115632871165872,0.00127740541938692,0.00134394026827067,0.00126405316404998,0.00124160444829613,0.00115405570250005,0.00129440217278898,0.00136840168852359,0.00128066609613597,0.0010387662332505,0.00129882537294179,0.000979739823378623,0.00133807852398604,0.00131684832740575,0.00137130555231124,0.00122090254444629,0.00113919912837446,0.00093631842173636,0.00113442295696586,0.00106415362097323,0.00117356213741004,0.00143347738776356,0.00135678634978831,0.00124700111337006,0.00136947061400861,0.00115005800034851,0.00104919902514666,0.000978742493316531,0.00111176271457225,0.00125431350897998,0.00126830150838941,0.00113640434574336,0.00128296343609691,0.00139262981247157,0.000987081089988351,0.0011569345369935,0.00122224597726017,
2248.0,0.00126959069166332,0.00125672807916999,0.0011273444397375,0.00108816032297909,0.0009446672629565,0.00104293564800173,0.00110967271029949,0.00123505503870547,0.00110621994826943,0.00127973488997668,0.0010866035008803,0.00114122522063553,0.00126895646099001,0.00133504287805408,0.00125344539992511,0.00123145466204733,0.00114462163764983,0.00128371070604771,0.00135694199707359,0.00126570195425302,0.00103317620232701,0.00128610990941525,0.000973869406152517,0.00132679042872041,0.00130505871493369,0.00135687331203371,0.00121123192366213,0.00113149476237595,0.00092463952023536,0.0011277322191745,0.00105601653922349,0.00116932601667941,0.00142752332612872,0.00134767103008926,0.00123807531781495,0.00136154249776155,0.00114350137300789,0.00104123773053288,0.000970066175796092,0.00110068824142218,0.00124794931616634,0.00125816906802356,0.00112969428300858,0.0012743934057653,0.0013868062524125,0.000985667924396694,0.0011486146831885,0.00120214419439435,
2249.0,0.00125777022913098,0.00124586327001452,0.00111386540811509,0.00107845361344516,0.000931840681005269,0.00103157898411155,0.00109948311001062,0.00122270698193461,0.00109983561560512,0.00126592465676367,0.0010815248824656,0.00113148579839617,0.00126271205954254,0.00132846785709262,0.00124609505292028,0.00122053059749305,0.00113503390457481,0.00127157976385206,0.00134497869294137,0.00125206890515983,0.00102473760489374,0.00127676513511688,0.000971680448856205,0.00131607358343899,0.00129574642051011,0.00134648371022195,0.00119943858589977,0.00112581322900951,0.000911180744878948,0.00112007954157889,0.00105004385113716,0.00115878926590085,0.001420728280209,0.00133745232596993,0.00123210879974067,0.00135236326605082,0.00113858096301556,0.00103871070314199,0.000966064224485308,0.00109278259333223,0.00124156230594963,0.00124628469347954,0.00112376140896231,0.00126708683092147,0.00137861794792116,0.000978833064436913,0.00113887735642493,0.00118666945490986,
2250.0,0.00124797772150487,0.00123872747644782,0.00110344612039626,0.00106996146496385,0.000921476399526,0.00102064060047269,0.00108790851663798,0.0012088535586372,0.00109199469443411,0.00125384668353945,0.00107502716127783,0.00111931248102337,0.00125527195632458,0.00132453243713826,0.00124041782692075,0.00120945507660508,0.00112577294930816,0.00125974242109805,0.00133535754866898,0.00123669998720288,0.00101729284506291,0.00126998126506805,0.000964578764978796,0.00130826991517097,0.00128770852461457,0.00133395299781114,0.00119033933151513,0.00111785379704088,0.00089936499716714,0.00111060019116849,0.0010466908570379,0.00114589626900852,0.00140611792448908,0.00132785586174577,0.00122275564353913,0.00134062522556633,0.00113414134830236,0.00103423278778791,0.000959710974711925,0.00108537741471082,0.00123532814905047,0.00123439275193959,0.00111645052675158,0.00125869340263307,0.00137092580553144,0.00097181712044403,0.00113216741010547,0.00117425539065152,
2251.0,0.00123749510385096,0.00123008934315294,0.0010928011033684,0.00106289121322334,0.000912680465262383,0.00101234565954655,0.00107809237670153,0.00119665113743395,0.00108235434163362,0.00124239386059344,0.00106565176974982,0.00110908795613796,0.00124509097076952,0.0013170427409932,0.00123189459554851,0.00119937874842435,0.00111565703991801,0.00124964315909892,0.00132563628721982,0.00122484506573528,0.00100747123360634,0.00126184988766909,0.000955856055952609,0.00129848043434322,0.00127825711388141,0.0013234973885119,0.00118044030386955,0.00110916944686323,0.000889571500010788,0.00110061245504767,0.0010412655537948,0.00113329896703362,0.00139405496884137,0.00131860200781375,0.00121349270921201,0.00132829206995666,0.00112630787771195,0.00102649617474526,0.000952858303207904,0.00107582996133715,0.00122800620738417,0.0012229421408847,0.00110775034409016,0.0012481608428061,0.00136191258206964,0.000963583297561854,0.00112289481330663,0.00116554903797805,
2252.0,0.00122572586406022,0.00122119765728712,0.00108202314004302,0.0010584054980427,0.000904584943782538,0.0010077707702294,0.00106570473872125,0.00118471472524107,0.00107091781683266,0.00122956826817244,0.00105358811561018,0.00109942443668842,0.00123377016279846,0.00130766991060227,0.00122229102998972,0.00118961767293513,0.00110363657586277,0.00124102737754583,0.00131785590201616,0.00121835537720472,0.000993383466266096,0.00125396251678467,0.000945921114180237,0.00128696858882904,0.00126798148266971,0.001316137611866,0.00117003556806594,0.00109924073331058,0.000881862069945782,0.00109024520497769,0.00103705818764865,0.00111781805753708,0.00138264033012092,0.00131167040672153,0.00120388984214514,0.00131468451581895,0.00111609592568129,0.00101699924562126,0.0009459009161219,0.00106415711343288,0.00121894560288638,0.00121082924306393,0.00109966425225139,0.00123662385158241,0.00134916964452714,0.000952800968661904,0.00111227913293988,0.00116407917812467,
2253.0,0.00121976109221578,0.0012092444812879,0.00107578421011567,0.00105153792537749,0.000899561156984419,0.00100320798810571,0.00105550768785179,0.00117701501585543,0.00105886580422521,0.00121924967970699,0.00104266696143895,0.00109402753878385,0.00122198171447963,0.00129691418260336,0.00121024332474917,0.00118134403601289,0.00109575444366783,0.00123291055206209,0.00130539969541132,0.00120916648302227,0.000982288271188736,0.00124959764070809,0.000934254843741655,0.00127691426314414,0.00126033241394907,0.00131279265042394,0.00116031977813691,0.00109075929503888,0.000874397053848952,0.00107583426870406,0.00102604285348207,0.00110607431270182,0.00136833218857646,0.00129815901163965,0.00119433598592877,0.00129856390412897,0.0011041141115129,0.00100798148196191,0.000940205296501517,0.00105620978865772,0.00120637856889516,0.00119798711966723,0.00108931865543127,0.00122300221119076,0.00133709167130291,0.00093952938914299,0.00110050709918141,0.00116367964074016,
2254.0,0.00121483136899769,0.00120245036669075,0.00106712605338544,0.0010440320475027,0.000897174351848662,0.000998033094219863,0.00105276273097843,0.00116817571688443,0.00104537908919156,0.00121070991735905,0.00102985592093319,0.00108553806785494,0.00120787066407502,0.00128606741782278,0.00119723530951887,0.00117445585783571,0.00108684261795133,0.00122290104627609,0.00129305315203965,0.00119783054105937,0.000976353359874338,0.00123724318109453,0.000920656253583729,0.00126725935842842,0.00124970125034451,0.00130117952357978,0.00115234928671271,0.00108147598803043,0.000867273716721684,0.0010650308104232,0.00101529399398714,0.00109678751323372,0.00135632720775902,0.00128414528444409,0.00118493312038481,0.00128431257326156,0.00109216023702174,0.000994670088402927,0.000928472029045224,0.00104743160773069,0.00119633576832712,0.00118637655396014,0.00107431143987924,0.00120681989938021,0.00132834445685148,0.000931324320845306,0.00108912913128734,0.00115351041313261,
2255.0,0.00120229495223612,0.00119077728595585,0.00105638080276549,0.00103635143022984,0.000890085066203028,0.000992140732705593,0.00104975013528019,0.00115916330832988,0.00103229947853833,0.00119932356756181,0.001019018702209,0.00107862008735538,0.00119579373858869,0.00127412320580333,0.00118598830886185,0.00116733845788985,0.00107821403071284,0.00121020874939859,0.00127923826221377,0.00119019055273384,0.000966542807873338,0.00122363469563425,0.000910244707483798,0.00125643622595817,0.00123643991537392,0.00129109073895961,0.00114147958811373,0.00107192655559629,0.000859455205500126,0.0010570966405794,0.00100385572295636,0.00109015905763954,0.00134811922907829,0.00127439352218062,0.00117793295066804,0.00127490528393537,0.00107736664358526,0.000984022160992026,0.000920856313314289,0.00103438005317003,0.00118820846546441,0.0011758916079998,0.0010617624502629,0.00119877816177905,0.00132127711549401,0.000924207677599043,0.00107679492793977,0.00114198925439268,
2256.0,0.00119148369412869,0.00117815553676337,0.00104700622614473,0.0010266212048009,0.000880836858414114,0.000980704324319959,0.00104194856248796,0.00115244963672012,0.00102185818832368,0.00118503265548497,0.001012027496472,0.00106980581767857,0.0011853197356686,0.00126322475261986,0.00117533258162439,0.00115799566265196,0.00107119337189943,0.00120046327356249,0.00126194942276925,0.00117987487465143,0.000959101424086839,0.00121214264072478,0.000904643617104739,0.00124770170077682,0.00122791714966297,0.0012822316493839,0.00113101745955646,0.00106669927481562,0.000849354022648185,0.00104638549964875,0.000993166118860245,0.00108462141361088,0.0013359299628064,0.00126247305888683,0.00116804626304656,0.00126657367218286,0.00106169248465449,0.000975368428044021,0.000914669071789831,0.00102316017728299,0.00117366446647793,0.00116402411367744,0.00104935874696821,0.00119327625725418,0.00131331477314234,0.000914973497856408,0.00106665573548526,0.00112946680746973,
2257.0,0.00118096184451133,0.00116728222928941,0.00103758613113314,0.00101583928335458,0.000874106539413333,0.000972802983596921,0.00103424326516688,0.0011426565470174,0.0010118248173967,0.00117074232548475,0.00100398249924183,0.00105782563332468,0.00117440917529166,0.00125268974807113,0.00116889527998865,0.00114917592145503,0.00106113508809358,0.00118928996380419,0.00124809483531862,0.00116991205140948,0.000951052352320403,0.00119546242058277,0.000898787460755557,0.00124033819884062,0.00121665536426008,0.00126731093041599,0.00112127989996225,0.00105846545193344,0.000843455258291215,0.00104118522722274,0.000987398787401617,0.00107574684079736,0.00132360123097897,0.00125232338905334,0.00115806306712329,0.0012582466006279,0.0010501304641366,0.000969682121649385,0.000905216147657484,0.00101112260017544,0.00116123480256647,0.00115542858839035,0.00103588646743447,0.00118797819595784,0.00130356405861676,0.000906575587578118,0.00105861166957766,0.00111487170215696,
2258.0,0.00116591423284262,0.00115218420978636,0.00103133788798004,0.00100666889920831,0.000864930159877986,0.000963172700721771,0.00102408579550683,0.0011318395845592,0.00100314489100128,0.00116162013728172,0.000996291637420654,0.00104854663368315,0.00116170512046665,0.00124169827904552,0.00116065551992506,0.00114207621663809,0.0010497720213607,0.00117926555685699,0.00123751698993146,0.0011591367656365,0.000940310244914144,0.00118649657815695,0.000892338226549327,0.0012296634959057,0.00120620476081967,0.00125063012819737,0.0011078737443313,0.00104767538141459,0.000841757573653013,0.00103454163763672,0.00097843783441931,0.00106427422724664,0.00130838342010975,0.00124537711963058,0.00114753167144954,0.00124837027397007,0.00103828450664878,0.000964723876677454,0.000901487248484045,0.000999978045001626,0.00115138909313828,0.00114621210377663,0.00102759117726237,0.00118250516243279,0.00129243929404765,0.00089959247270599,0.00104759854730219,0.00110745115671307,
2259.0,0.001155118457973,0.0011396148474887,0.00102520303335041,0.000999521929770708,0.000856322352774441,0.000950974179431796,0.00101353332865983,0.00111907185055315,0.000994423753581941,0.00115522486157715,0.000983981066383421,0.00104010617360473,0.00114548916462809,0.00123039027675986,0.00114719301927835,0.00113244459498674,0.00103627308271825,0.00117465807124972,0.00122600211761892,0.00114672107156366,0.000931410701014102,0.00117626716382802,0.000887602451257408,0.0012179974000901,0.00119930086657405,0.00123832514509559,0.00109364883974195,0.00103997159749269,0.00083537760656327,0.00102473073638976,0.000964912993367761,0.00104998867027462,0.00129331450443715,0.0012342989211902,0.00113672483712435,0.00123666611034423,0.00102716160472482,0.000955327705014497,0.000897428195457906,0.000993189984001219,0.00113775441423059,0.00113570934627205,0.00101791368797421,0.00117071601562202,0.00127820984926075,0.000890887109562755,0.00103576958645135,0.00109962362330407,
2260.0,0.00114416191354394,0.00112693966366351,0.0010193947236985,0.000991509645245969,0.000848445517476648,0.000941540871281177,0.00100477819796652,0.00110445753671229,0.000983777805231512,0.00114965392276645,0.000972651003394276,0.00103346584364772,0.00113436847459525,0.00122221512719989,0.00113533681724221,0.0011235837591812,0.00102479732595384,0.00116546545177698,0.00121536594815552,0.001139065483585,0.000922931067179888,0.00116298801731318,0.000878180435393006,0.00120960641652346,0.00118761218618602,0.00122622400522232,0.00108257192187011,0.00102738186251372,0.00083014479605481,0.0010180399985984,0.000953764421865344,0.00103972968645394,0.00128562189638615,0.00122208206448704,0.00112862896639854,0.00122458848636597,0.00102332886308432,0.000947456224821508,0.00089153356384486,0.000985364778898656,0.00112880545202643,0.00112650450319052,0.00100690289400518,0.00115677830763161,0.00126501068007201,0.000880618928931654,0.00102551095187664,0.00108904310036451,
2261.0,0.00113098381552845,0.00111750466749072,0.00101197103504092,0.000983410864137113,0.000838789565023035,0.000932544353418052,0.000997449387796223,0.00109606387559325,0.000975168019067496,0.001147216768004,0.000965890882071108,0.0010278521804139,0.00112605758477002,0.00121369946282357,0.00112401077058166,0.00111826288048178,0.00101595767773688,0.00115456082858145,0.00120896438602358,0.00112977158278227,0.000920520164072514,0.00115580356214195,0.000868875300511718,0.00119704683311284,0.00117603433318436,0.00121305673383176,0.00107666873373091,0.00101402448490262,0.000826634641271085,0.0010105277178809,0.000941423000767827,0.00103289226535708,0.00127641658764333,0.00121547980234027,0.00111859943717718,0.00121541973203421,0.00101706618443131,0.000940151745453477,0.000884927925653756,0.000982013647444546,0.00112110457848758,0.00111272325739264,0.00100232881959528,0.00114129320718348,0.00125296716578305,0.000874103163369,0.00101712252944708,0.00107825151644647,
2262.0,0.00112301611807197,0.00111298286356032,0.00100037758238614,0.000974479247815907,0.000830729550216347,0.000926881097257137,0.000990095199085772,0.00109099212568253,0.000968995329458267,0.00113926443737,0.000958307413384318,0.0010204171994701,0.00111913692671806,0.00119886000175029,0.00111394945997745,0.00111100566573441,0.0010082422522828,0.00114660931285471,0.00119963299948722,0.00111903646029532,0.000919343903660774,0.00114724645391107,0.000861017382703722,0.00118309911340475,0.00116588082164526,0.00120591500308365,0.00107277859933674,0.00100670591928065,0.000818408385384828,0.00100289704278111,0.000932712922804058,0.0010302453301847,0.00126809056382626,0.00120901863556355,0.00110842671710998,0.00120708241593093,0.00100878509692848,0.000932610302697867,0.000875319063197821,0.000979084754362702,0.00111285573802888,0.00110297603532672,0.00099800864700228,0.00112887751311064,0.00124032446183264,0.000866485410369933,0.00101052108220756,0.00106477818917483,
2263.0,0.00111325830221176,0.00110540131572634,0.000992751563899219,0.0009667276754044,0.000824087008368224,0.000924447376746684,0.000981163466349244,0.00108690955676138,0.000963077007327229,0.0011277562007308,0.000954842136707157,0.00101196218747646,0.00111448194365948,0.00118700531311333,0.00110795511864126,0.0011014404008165,0.00100402941461653,0.00113834312651306,0.00118833454325795,0.00111361942254007,0.000913704570848495,0.00113961263559759,0.000853779201861471,0.0011759523767978,0.00115552183706313,0.00119983684271574,0.00107003992889076,0.00100262742489576,0.000814723374787718,0.000995260314084589,0.00093080778606236,0.00102918688207865,0.00126330275088549,0.00120276375673711,0.00109979265835136,0.0011999235721305,0.00100901687983423,0.000925565662328154,0.000865007401444018,0.000971157394815236,0.00110703287646174,0.00109666946809739,0.000991290318779647,0.00112039537634701,0.00123285152949393,0.000859874882735312,0.00100379332434386,0.00105586019344628,
2264.0,0.00110346241854131,0.00109713582787663,0.000985526363365352,0.000961109006311744,0.000817894120700657,0.000922286184504628,0.000973840360529721,0.00108334922697395,0.000961274723522365,0.00111605029087514,0.000952479778788984,0.00100489356555045,0.00110414868686348,0.00117678742390126,0.00110264355316758,0.00109289085958153,0.000999470241367817,0.00113039184361696,0.00118525256402791,0.0011033930350095,0.00090964772971347,0.00113673019222915,0.000851534190587699,0.00116903136949986,0.00114477856550366,0.0011927648447454,0.00106877670623362,0.00100361299701035,0.000813523249235004,0.000989927095361054,0.000925486790947616,0.00102368777152151,0.00125305657275021,0.00119693472515792,0.00109130004420877,0.00119550281669945,0.00100723269861192,0.000919521378818899,0.000856967642903328,0.000968118372838944,0.00110086309723556,0.00108988804277033,0.000988064566627145,0.00111477309837937,0.00122698408085853,0.00085914070950821,0.000996983493678272,0.00104897760320455,
2265.0,0.00110079371370375,0.00109223567415029,0.000982067198492587,0.00095509784296155,0.000814733270090073,0.00091796979540959,0.000968659354839474,0.00107664405368268,0.000959930708631873,0.00110546033829451,0.00094521016580984,0.000998420407995582,0.00109806668478996,0.0011678549926728,0.00109680008608848,0.00108457216992974,0.000992367975413799,0.00112559052649885,0.00118320900946856,0.00109240435995162,0.000901792256627232,0.00113405124284327,0.000846594804897904,0.00116159487515688,0.00114034651778638,0.00118655746337026,0.00106031575705856,0.00100245093926787,0.000809209421277046,0.000985526829026639,0.000921958009712398,0.0010188139276579,0.00124607631005347,0.00118877668865025,0.00108800560701638,0.0011890857713297,0.00100480322726071,0.00091699103359133,0.000852362078148872,0.000963167054578662,0.00109442521352321,0.00109225057531148,0.000983415520749986,0.00111443258356303,0.0012190107954666,0.000855811464134604,0.000988381798379123,0.00104511179961264,
2266.0,0.00109778856858611,0.00108639849349856,0.000979569740593433,0.000950682442635298,0.000811990757938474,0.000912515039090067,0.000963330734521151,0.00106695585418493,0.000953218957874924,0.00110096985008568,0.000937752076424658,0.000995566486380994,0.00109394290484488,0.00116760237142444,0.001091547193937,0.00107436499092728,0.000987004255875945,0.00111876812297851,0.00118252704851329,0.00108946370892227,0.00089254806516692,0.00113091233652085,0.000838953943457454,0.00115811254363507,0.00113707047421485,0.00118215417023748,0.00105232989881188,0.000998398172669113,0.000805829185992479,0.000979770324192941,0.000916565710213035,0.00101092678960413,0.00124092923942953,0.00118136056698859,0.00108213000930846,0.00118310330435634,0.00100736622698605,0.000913813186343759,0.00084825640078634,0.000956099887844175,0.0010893049184233,0.00109346653334796,0.000976423034444451,0.00111489661503583,0.00121377385221422,0.000852984958328307,0.000983505742624402,0.00104661087971181,
2267.0,0.00109606783371419,0.00108242128044367,0.000973648740909994,0.000942995888181031,0.000807844917289913,0.000909005233552307,0.000958977907430381,0.00105834938585758,0.000949175038840622,0.00109376944601536,0.000930865469854325,0.000998380477540195,0.00108985800761729,0.00116556463763118,0.00108599953819066,0.00106760836206377,0.000982625177130103,0.00111005990765989,0.00118263089098036,0.00108376843854785,0.000890553637873381,0.0011300906771794,0.000831787358038127,0.00115467887371778,0.00112994981463999,0.0011798917548731,0.00104940263554454,0.000992795103229582,0.000803998846095055,0.000975237635429949,0.00090603792341426,0.00100548309274018,0.00123293721117079,0.00117338518612087,0.00107140187174082,0.00117981981020421,0.00100001867394894,0.000911418173927814,0.000844848458655179,0.000952110218349844,0.00108598370570689,0.00108823808841407,0.000971695000771433,0.00111134524922818,0.00120945344679058,0.000847696384880692,0.000980432261712849,0.00104347011074424,
2268.0,0.00109459063969553,0.00108170323073864,0.000973519578110427,0.000933822244405746,0.000805933494120836,0.000907110166735947,0.000956771546043456,0.00105122232344002,0.000945081294048578,0.001088832388632,0.000923242710996419,0.000997821218334138,0.00108920689672232,0.00116168428212404,0.00108553888276219,0.0010639337124303,0.0009793407516554,0.001105583505705,0.00117617635987699,0.00107777095399797,0.000888323236722499,0.00113165052607656,0.000825020717456937,0.0011489917524159,0.00112922524567693,0.00117658299859613,0.00104520667809993,0.000983067904599011,0.000802849186584353,0.000971593835856766,0.000901146326214075,0.00100142997689545,0.00122779095545411,0.00116894068196416,0.00106679368764162,0.00117518345359713,0.000989561784081161,0.000909830152522773,0.000841211876831949,0.000946346612181515,0.00108343933243304,0.00108515354804695,0.000968661799561232,0.00110933242831379,0.00120307458564639,0.000841868401039392,0.000978845870122314,0.0010394505225122,
2269.0,0.00108742422889918,0.00108055549208075,0.000968796666711569,0.000931605813093483,0.000801089219748974,0.000907006149645895,0.000950284011196345,0.00104167859535664,0.00094078469555825,0.00108693423680961,0.000917157216463238,0.000996538437902927,0.00108191999606788,0.00115895748604089,0.00108495901804417,0.00105849653482437,0.000977630843408406,0.0010992280440405,0.00116888398770243,0.00107597804162651,0.000883299566339701,0.00112894945777953,0.000821977038867772,0.00114291370846331,0.00112311553675681,0.00117527553811669,0.00104424438904971,0.000976900919340551,0.000803209783043712,0.000969947781413794,0.000897450197953731,0.000993812456727028,0.00121984083671123,0.00116323062684387,0.00105768442153931,0.00116975256241858,0.000985113554634154,0.000903298845514655,0.000836333259940147,0.000940475962124765,0.00108549604192376,0.001078833010979,0.000964804086834192,0.00110877293627709,0.00119669118430465,0.000839911634102464,0.000978786847554147,0.00103826494887471,
2270.0,0.00107722787652165,0.00107953522820026,0.000962882011663169,0.000931203016079962,0.000794684805441648,0.000903422711417079,0.000944807368796319,0.00103533454239368,0.000941074977163225,0.00107933464460075,0.000912254792638123,0.000993618159554899,0.00107299443334341,0.00115223252214491,0.00108169240411371,0.00104959728196263,0.000972670968621969,0.00109427457209677,0.00116080674342811,0.00107117474544793,0.000878366525284946,0.00112274836283177,0.000822908245027065,0.00113744591362774,0.00111444387584925,0.00117448775563389,0.00104349688626826,0.00097175914561376,0.000805021147243679,0.000969337474089116,0.000894153548870236,0.000992552028037608,0.00121412111911923,0.00115698110312223,0.00105054990854114,0.00116819539107382,0.000980784418061376,0.000897709804121405,0.000830820063129067,0.000936578609980643,0.0010841975454241,0.00107119709718972,0.000958997581619769,0.00110300572123379,0.00119100010488182,0.000833961123134941,0.000973386166151613,0.00103562138974667,
2271.0,0.00106935820076615,0.00107557966839522,0.000960661040153354,0.000930859707295895,0.000791448168456554,0.000894678814802319,0.000940806174185127,0.00103383499663323,0.000938850222155452,0.00107399979606271,0.000909192371182144,0.000985449878498912,0.00106569833587855,0.00114883622154593,0.00108313059899956,0.00104218313936144,0.000969469256233424,0.0010915813036263,0.0011514516081661,0.00106512382626534,0.00087098270887509,0.00111764622852206,0.000823401787783951,0.00113083061296493,0.00111387181095779,0.0011673717526719,0.0010415215510875,0.000960884150117636,0.000800718553364277,0.000967637752182782,0.000897658290341496,0.000991302309557796,0.00121235521510243,0.00115604000166059,0.00105180288664997,0.00116713263560086,0.000977858202531934,0.000892968848347664,0.000827658572234213,0.000930746493395418,0.00107639119960368,0.00106580602005124,0.000954494578763843,0.001100416877307,0.00118724745698273,0.000829417316708714,0.000972342269960791,0.0010302976006642,
2272.0,0.00106673070695251,0.001068658195436,0.00095380941638723,0.000936446595005691,0.000788985111285001,0.000888958631549031,0.00093472411390394,0.00103289296384901,0.000937191362027079,0.00107131258118898,0.000911801937036216,0.000978141091763973,0.00106377946212888,0.00114722503349185,0.00108052755240351,0.00103951408527792,0.000967408181168139,0.00108612549956888,0.00114545924589038,0.00106419983785599,0.000864828703925014,0.00110875663813204,0.000822505622636527,0.00112671195529401,0.00111034314613789,0.00115989719051868,0.0010370728559792,0.000950407760683447,0.000793881248682737,0.000964789476711303,0.000897900841664523,0.000987640931271017,0.00120867695659399,0.0011528895702213,0.00104939681477845,0.00115941511467099,0.000974976865109056,0.000886423164047301,0.000825259659904987,0.000926098611671478,0.00106959580443799,0.00105909653939307,0.000946997606661171,0.00109582685399801,0.0011836924823001,0.000821907946374267,0.000972567358985543,0.00102436286397278,
2273.0,0.00106466037686914,0.00105922482907772,0.000949793553445488,0.000935812015086412,0.000787458091508597,0.00088482431601733,0.000933982490096241,0.00103432824835181,0.000935166666749865,0.00106756598688662,0.000913334777578712,0.000969869492109865,0.00106654118280858,0.0011432149913162,0.00107594905421138,0.00103603710886091,0.000962056743446738,0.00108238868415356,0.00113817816600204,0.00106407119892538,0.000861249980516732,0.00110110477544367,0.000819771667011082,0.00112382497172803,0.00110618432518095,0.00115741486661136,0.0010272623039782,0.000943478371482342,0.000789336860179901,0.000960823555942625,0.000893847725819796,0.000984470825642347,0.00120750931091607,0.00114988081622869,0.00105031253769994,0.00115061260294169,0.000968372507486492,0.000882139429450035,0.000821462424937636,0.000926177483052015,0.00106060120742768,0.00105177483055741,0.000939220597501844,0.00108426413498819,0.00117760105058551,0.000813646474853158,0.00096843350911513,0.00101695454213768,
2274.0,0.00106344546657056,0.00105019123293459,0.000947649125009775,0.000928450841456652,0.000786194810643792,0.000884467561263591,0.000933570496272296,0.00103811954613775,0.00093079061480239,0.00106556294485927,0.000913199095521122,0.000964758626651019,0.00106795085594058,0.00114057760220021,0.00107428361661732,0.00103493523783982,0.000961986428592354,0.00107911392115057,0.00112931511830539,0.00106454337947071,0.000860074069350958,0.00109685701318085,0.000816250802017748,0.00112400483340025,0.00110657687764615,0.00115084403660148,0.00102333212271333,0.000937040138524026,0.000781655020546168,0.00095579749904573,0.000889593327883631,0.000977937015704811,0.00120576214976609,0.00114780326839536,0.00104915571864694,0.00114277470856905,0.000963518221396953,0.000876449048519135,0.000818671600427479,0.000922232691664249,0.00105412758421153,0.0010483170626685,0.000935116258915514,0.00107830436900258,0.00117221742402762,0.000810711237136275,0.0009661287185736,0.00101112283300608,
2275.0,0.00106072332710028,0.00104524986818433,0.000942182668950409,0.000923695391975343,0.00078564666910097,0.000886846624780446,0.000930532987695187,0.00103440717794001,0.000926764274481684,0.0010631614131853,0.000911864393856376,0.00096000503981486,0.0010691222269088,0.00113640225026757,0.00106572348158807,0.00103592488449067,0.000963064027018845,0.00107420946005732,0.00112579902634025,0.00106436060741544,0.000859162537381053,0.00108941318467259,0.00081255123950541,0.00112602161243558,0.00110339862294495,0.00114245328586549,0.0010216305963695,0.000936584023293108,0.000776212080381811,0.000952339847572148,0.000880584004335105,0.000968028558418155,0.00120296736713499,0.00114152242895216,0.00104467966593802,0.00113464100286365,0.000961173966061324,0.000870267569553107,0.000814788683783263,0.000918691046535969,0.00104844628367573,0.00104579562321305,0.000929427100345492,0.0010729756904766,0.0011660986347124,0.000806221039965749,0.000963874626904726,0.00100902724079788,
2276.0,0.00105655333027244,0.00104220036882907,0.00093949626898393,0.000913978437893093,0.000782211485784501,0.000882693391758949,0.000926566659472883,0.0010273311054334,0.000922673323657364,0.00105808582156897,0.000899779610335827,0.000952158123254776,0.00106325931847095,0.00113284820690751,0.00105589383747429,0.00103478203527629,0.000958518241532147,0.00106800347566605,0.00112200947478414,0.00106146850157529,0.000854730955325067,0.00108422292396426,0.000804628944024444,0.00111911888234317,0.00109565909951925,0.00113761099055409,0.00101487233769149,0.000939754769206047,0.000772445637267083,0.000947964610531926,0.000872485688887537,0.000961435202043504,0.0011987688485533,0.00113308639265597,0.00104169058613479,0.00113236764445901,0.000956855597905815,0.000864842790178955,0.000810666067991406,0.000919719866942614,0.0010419386671856,0.00103972002398223,0.00092536787269637,0.00106431671883911,0.00115906074643135,0.00080693350173533,0.000957088603172451,0.00100712466519326,
2277.0,0.00105283211451024,0.00103897822555155,0.000934085168410093,0.000908103887923062,0.000775375228840858,0.00087549549061805,0.000920759746804833,0.00102332478854805,0.000916906690690666,0.00105263048317283,0.000887200876604766,0.000946538348216563,0.00105294701643288,0.0011277444427833,0.00104836944956332,0.00102985976263881,0.000951534777414054,0.00106162112206221,0.00111821945756674,0.00105894380249083,0.000852505676448345,0.00108040403574705,0.000799366331193596,0.00111008470412344,0.00109018804505467,0.00112893793266267,0.00101140036713332,0.000937787990551442,0.000763596268370748,0.000940343074034899,0.000865826150402427,0.000957909971475601,0.00119308475404978,0.00112612766679376,0.00103724817745388,0.00113154423888773,0.000952932983636856,0.000859793275594711,0.00080415332922712,0.000915632350370288,0.00103663292247802,0.00103722675703466,0.000920690363273025,0.00106052623596042,0.00115393777377903,0.000807117437943816,0.000949476147070527,0.00100568728521466,
2278.0,0.00104769389145076,0.00103772559668869,0.000926836102735251,0.000907771987840533,0.000772980914916843,0.000866927206516266,0.000914799107704312,0.00101518060546368,0.000909194000996649,0.00104717270005494,0.000880499952472746,0.000940232654102147,0.0010451473062858,0.00112011842429638,0.00103792641311884,0.00102228787727654,0.000943303806707263,0.0010586433345452,0.00111738301347941,0.00104978657327592,0.000848123338073492,0.00107323843985796,0.000799210334662348,0.00110042723827064,0.00108459312468767,0.0011224813060835,0.00100478588137776,0.000935465155635029,0.000757417059503496,0.000930982350837439,0.000857585750054568,0.000952848291490227,0.00119198951870203,0.00112055288627744,0.00103634782135487,0.00112808786798269,0.000948046508710831,0.000856302387546748,0.000800755515228957,0.000908834568690509,0.00102953775785863,0.00103296036832035,0.00091551651712507,0.00105909258127213,0.00115058058872819,0.000803746515884995,0.000945069186855108,0.00100074370857328,
2279.0,0.00104321900289506,0.00103578472044319,0.000922899867873639,0.00090544210979715,0.000771961931604892,0.000860529020428658,0.000908918329514563,0.00100710231345147,0.000901031075045466,0.0010421130573377,0.000876203761436045,0.000935531861614436,0.00103833642788231,0.00111537333577871,0.00103040935937315,0.00101519236341119,0.000934612704440951,0.00105701829306781,0.00111355050466955,0.00104063004255295,0.000843576097395271,0.00107047008350492,0.000798180582933128,0.00108907115645707,0.00107675383333117,0.00112113903742284,0.000995425507426262,0.000934553565457463,0.000755144923459738,0.000919140933547169,0.000853440724313259,0.000953645969275385,0.00118674174882472,0.0011139017296955,0.00103325606323779,0.00112263183109462,0.000939456804189831,0.000851124699693173,0.000799453060608357,0.000904701941180974,0.00102711655199528,0.00102807010989636,0.000913914933335036,0.00105419242754579,0.00114622386172414,0.00080430437810719,0.000940683297812939,0.000995159614831209,
2280.0,0.00103722047060728,0.00103015289641917,0.000918657809961587,0.000902652333024889,0.000766193959861994,0.000857921259012073,0.000904486980289221,0.00100232765544206,0.000890956434886903,0.0010379763552919,0.000877369078807533,0.000932371593080461,0.00103310169652104,0.00111115153413266,0.00102519162464887,0.00100658985320479,0.000925423577427864,0.00105430616531521,0.00111077807378024,0.00103649706579745,0.000838974374346435,0.00106994027737528,0.00079944240860641,0.00108114699833095,0.00107282632961869,0.00111891538836062,0.000992028624750674,0.000932411639951169,0.000750110077206045,0.00090989179443568,0.000853157253004611,0.000955641793552786,0.00118124904111028,0.00110902625601739,0.00102509593125433,0.00111523258965462,0.000936977856326848,0.000846524199005216,0.0007949034916237,0.000900854880455881,0.00102802913170308,0.00103014789056033,0.000909517344553024,0.00104885967448354,0.00114036467857659,0.000805998395662755,0.000937887059990317,0.000994189293123782,
2281.0,0.00103280344046652,0.00102691713254899,0.000913818133994937,0.000896427372936159,0.000761024828534573,0.000854400277603418,0.000900826009456068,0.000997651601210237,0.000885928282514215,0.00103417946957052,0.000878201506566256,0.000929901900235564,0.00102840561885387,0.0011079729301855,0.00102131173480302,0.000998603063635528,0.000921590137295425,0.00105073093436658,0.00110769970342517,0.00103029469028115,0.000833352096378803,0.00106666854117066,0.000798531749751419,0.00107826222665608,0.00106909673195332,0.00111551547888666,0.000988129526376724,0.000929860689211637,0.000746399164199829,0.000904168991837651,0.000850933662150055,0.000955399358645082,0.00117600965313613,0.00110401504207402,0.00101940124295652,0.00111049460247159,0.000934964220505208,0.000842720211949199,0.000791243219282478,0.00089647201821208,0.00102575973141938,0.00102979654911906,0.000905573600903153,0.00104458990972489,0.00113851518835872,0.000805706193204969,0.000933880510274321,0.000991132110357285,
2282.0,0.00103122461587191,0.00102769013028592,0.000906017725355923,0.000882832624483854,0.000755737710278481,0.00085555057739839,0.000896918354555964,0.000990401604212821,0.000884136999957263,0.00102993077598512,0.0008828419377096,0.000930717797018588,0.00102585577405989,0.00110977829899639,0.00101934582926333,0.000992232700809836,0.000927296990994364,0.00104459864087403,0.00110347103327513,0.00102095340844244,0.000826160656288266,0.00106268562376499,0.000793391081970185,0.00108481117058545,0.00106658937875181,0.00111036922316998,0.000986644416116178,0.000928762892726809,0.000745731755159795,0.000903418753296137,0.000849189993459731,0.000956524338107556,0.00116847397293895,0.00109806295949966,0.00101189047563821,0.00110869354102761,0.000934049254283309,0.000837791129015386,0.000788105127867311,0.000893551390618086,0.00102138961665332,0.00102716730907559,0.000903786974959075,0.00103870045859367,0.00114349997602403,0.000805843796115369,0.000931148359086365,0.000987161532975733,
2283.0,0.00102671573404223,0.00102447625249624,0.000902779982425272,0.00087666412582621,0.00075231323717162,0.000851132674142718,0.000893756456207484,0.000986448489129543,0.000882741238456219,0.00102697289548814,0.000883092172443867,0.000929133617319167,0.0010228140745312,0.00110692088492215,0.00101884442847222,0.00098775140941143,0.000926689244806767,0.00103996449615806,0.00109841057565063,0.00101774197537452,0.000821140827611089,0.00105930957943201,0.000787845987360924,0.0010834134882316,0.0010619981912896,0.00110649655107409,0.000984985614195466,0.00092533475253731,0.000741707743145525,0.000902007624972612,0.000848373514600098,0.00095476588467136,0.00116040580905974,0.00109351484570652,0.00100715109147131,0.00110679259523749,0.000930405396502465,0.000834903679788113,0.000784130883403122,0.000890262890607119,0.00101866957265884,0.00102395075373352,0.000901691615581512,0.00103351753205061,0.00114121870137751,0.000802808557637036,0.000926001521293074,0.000982960104010999,
2284.0,0.00102124025579542,0.00101889972575009,0.000903239415492862,0.000871644413564354,0.000747243582736701,0.000843002810142934,0.000891878677066416,0.00098521844483912,0.000885245099198073,0.00102528731804341,0.00088173890253529,0.000926723005250096,0.00101919251028448,0.00110347068402916,0.00102121045347303,0.000984093057923019,0.000925018917769194,0.00103450845927,0.00109441741369665,0.00101892731618136,0.000815720413811505,0.00105508835986257,0.000780367059633136,0.00108150590676814,0.00105724052991718,0.00110307487193495,0.000984540558420122,0.00091958197299391,0.000734176021069288,0.000904431857634336,0.000848744064569473,0.000950558285694569,0.00115220528095961,0.00109052762854844,0.00100422115065157,0.00110735592897981,0.000928782974369824,0.000834361184388399,0.000779292138759047,0.000887654314283282,0.00101494730915874,0.00102128356229514,0.00089759094407782,0.0010292453225702,0.00113780819810927,0.000797203509137034,0.000918379053473473,0.00097940769046545,
2285.0,0.00101653777528554,0.00101566291414201,0.000900124607142061,0.000867585127707571,0.000747286772821099,0.000835969054605812,0.000891513598617166,0.00098695361521095,0.000888498849235475,0.00102293735835701,0.000880538485944271,0.000923150219023228,0.00101827026810497,0.00109569274354726,0.00102007470559329,0.000978937605395913,0.00092576805036515,0.00103282416239381,0.00108706799801439,0.00101498840376735,0.000812455429695547,0.00104956980794668,0.000780370435677469,0.00108040845952928,0.00105300964787602,0.00109798682387918,0.000979947624728084,0.000915493699721992,0.000732872344087809,0.000899996724911034,0.000844421156216413,0.000944630010053515,0.00114695518277586,0.00108575378544629,0.00100521417334676,0.00110301829408854,0.000923157786019146,0.000832592661026865,0.000776200031396002,0.000879065482877195,0.00101277895737439,0.00101867993362248,0.000896241457667202,0.00102661922574043,0.00113387429155409,0.00079239287879318,0.000911432085558772,0.000971490517258644,
2286.0,0.00101101759355515,0.0010111058363691,0.000893374730367213,0.000867958995513618,0.000749495928175747,0.000829007010906935,0.000889083254151046,0.000985564896836877,0.000883877743035555,0.00102022616192698,0.000874763529282063,0.000920382677577436,0.00101662974338979,0.00108257285319269,0.0010180096141994,0.000975145027041435,0.0009222665685229,0.00103183917235583,0.00107725616544485,0.00101202423684299,0.000810679630376399,0.00104439142160118,0.000775600667111576,0.00107215216848999,0.00104729563463479,0.00109495560172945,0.000975505914539099,0.000910013855900615,0.000733096734620631,0.000895910838153213,0.000839686254039407,0.000936880591325462,0.00114003836642951,0.00108252395875752,0.00100171356461942,0.00109719496686012,0.000911232782527804,0.000832110468763858,0.000771599472500384,0.000875212834216654,0.0010109469294548,0.00100881641265005,0.000896624813321978,0.00102174514904618,0.0011238195002079,0.000786363088991493,0.000908297428395599,0.00096449296688661,
2287.0,0.00100232369732112,0.000998855219222605,0.000891191943082958,0.000863387016579509,0.000748900405596942,0.000814963772427291,0.000883226923178881,0.00098227325361222,0.000877162499818951,0.00101476814597845,0.000865463633090258,0.000912385759875178,0.00100839836522937,0.00106972816865891,0.00101263832766563,0.000970627123024315,0.000911506882403046,0.00102380011230707,0.0010703057050705,0.00101185170933604,0.000807007832918316,0.00103737565223128,0.000772892730310559,0.00106178654823452,0.00103994947858155,0.00109044380951673,0.000967312720604241,0.000904785236343741,0.000729560269974172,0.000887983886059374,0.00083072716370225,0.00093341147294268,0.00113279023207724,0.00107436231337488,0.000991855864413083,0.00108586822170764,0.000907644862309098,0.000825500464998186,0.000771386956330389,0.000871633586939424,0.00101051316596568,0.00100420915987343,0.000891167379450053,0.00101435848046094,0.00110937713179737,0.000786011922173202,0.000907442008610815,0.000958772376179695,
2288.0,0.000995312351733446,0.000985798425972462,0.000882839027326554,0.000854890036862344,0.000741390220355242,0.000804951239842922,0.00087886123219505,0.000975964474491775,0.000867076043505222,0.00101008592173457,0.000853146135341376,0.000901505642104894,0.00099951378069818,0.00106082984711975,0.00100372603628784,0.000967687927186489,0.000903005362488329,0.00100922875571996,0.00106107129249722,0.00100428983569145,0.000797618879005313,0.0010283247102052,0.000767521560192108,0.00105273665394634,0.00103470613248646,0.00107856909744442,0.000956559320911765,0.000897544203326106,0.000723769713658839,0.000875036523211747,0.000821232330054045,0.000927358341868967,0.00112441938836128,0.00106256583239883,0.000980228767730296,0.00107093655969948,0.000899219186976552,0.00081856083124876,0.000768704805523157,0.000867658352945,0.00100463209673762,0.00100010726600885,0.000886251567862928,0.0010053071891889,0.00109633966349065,0.000784962787292898,0.000906419008970261,0.000950013694819063,
2289.0,0.000986842322163284,0.000975831702817231,0.000871809083037078,0.000846392067614943,0.000731127336621284,0.000791679078247398,0.000871786847710609,0.000961758545599878,0.000854412675835192,0.00100250705145299,0.000840142194647342,0.000891661329660565,0.000984063139185309,0.00104728597216308,0.000993405701592565,0.000959365454036742,0.000889098620973527,0.000995220267213881,0.00105040695052594,0.000992321991361678,0.000789541401900351,0.00101686862763017,0.000754434906411916,0.00103945203591138,0.00102493178565055,0.00106911989860237,0.000944076746236533,0.000888348440639675,0.000716879847459495,0.000867675116751343,0.000809269084129483,0.000913138035684824,0.00110971776302904,0.00105384865310043,0.000969297252595425,0.00105894089210778,0.000889558636117727,0.000812637503258884,0.000763614138122648,0.000863344233948737,0.000989889027550817,0.00098591239657253,0.000879034050740302,0.000995894661173224,0.00108270347118378,0.000773286446928978,0.000898500147741288,0.000942573125939816,
2290.0,0.000971706700511277,0.000960706558544189,0.000860900850966573,0.000836542109027505,0.000717834394890815,0.000774777610786259,0.000861555861774832,0.000946678395848721,0.00084543158300221,0.000989523250609636,0.000830302247777581,0.000877291371580213,0.000964952050708234,0.00103336898609996,0.0009786665905267,0.000951114110648632,0.000872593722306192,0.00097865320276469,0.00103982596192509,0.000982646481133997,0.000781042443122715,0.00100372009910643,0.000744168122764677,0.00102430884726346,0.00101166847161949,0.00105531676672399,0.000930457259528339,0.000876487698405981,0.000707210157997906,0.000859117950312793,0.000794481718912721,0.000901345978491008,0.00109392905142158,0.00104190153069794,0.00095795386005193,0.00104811880737543,0.000883020518813282,0.000801533868070692,0.000762000738177449,0.000849188887514174,0.000975372211541981,0.000975388393271714,0.000867814582306892,0.000986292609013617,0.00107153702992946,0.000762934738304466,0.000884717039298266,0.000931137299630791,
2291.0,0.000959029304794967,0.000948420900385827,0.00084952573524788,0.000828228367026895,0.000704303383827209,0.000768976344261318,0.000853383156936616,0.000934696872718632,0.000836796360090375,0.000975714181549847,0.000820409506559372,0.000861151551362127,0.000953454000409693,0.00102338136639446,0.00096259085694328,0.000943104329053313,0.000860319763887674,0.000961261102929711,0.00102846184745431,0.000973569171037525,0.000768102239817381,0.00099470594432205,0.000737939320970327,0.00100925553124398,0.000997522729448974,0.00103835947811604,0.000922214181628078,0.000866160378791392,0.000698309217114002,0.00084633519873023,0.000783813011366874,0.000887189642526209,0.00107962486799806,0.00103426980786026,0.000945990381296724,0.00103868963196874,0.000871321128215641,0.000794984633103013,0.00075821130303666,0.000837393570691347,0.000960969016887248,0.000964253908023238,0.000856670434586704,0.00097471714252606,0.00106301333289593,0.000749876955524087,0.000870520772878081,0.000918731850106269,
2292.0,0.000946654647123069,0.000942515442147851,0.000835316022858024,0.000817012449260801,0.00069260032614693,0.000766315497457981,0.000842387962620705,0.000919568352401257,0.000829368364065886,0.000959902361501008,0.000813541992101818,0.000850508455187082,0.000941926147788763,0.00101023958995938,0.000949871900957078,0.000927149027120322,0.000849026953801513,0.000949788955040276,0.00101690250448883,0.000960547418799251,0.00076195492874831,0.000986377242952585,0.000735969108063728,0.000992409768514335,0.00098053109832108,0.00102747604250908,0.000912494782824069,0.000862235610838979,0.000695074675604701,0.000836242747027427,0.000771790917497128,0.000872241624165326,0.00106281158514321,0.00102633016649634,0.00093718763673678,0.00103135174140334,0.000858855550177395,0.000787597964517772,0.000751273590140045,0.000826486560981721,0.00094503490254283,0.00094760803040117,0.000841214379761368,0.000961315643507987,0.00105424376670271,0.000735817768145353,0.000855347665492445,0.000910352566279471,
2293.0,0.000937267148401588,0.000931187532842159,0.000821277790237218,0.000804935407359153,0.00068068882683292,0.000765474513173103,0.000826392613817006,0.000912128656636924,0.00082221906632185,0.000945739389862865,0.000806112890131772,0.000842966546770185,0.000932742143049836,0.000999872689135373,0.0009413001826033,0.000919013284146786,0.000844043563120067,0.000942344777286053,0.0010083137312904,0.000950335059314966,0.0007584661943838,0.000977565534412861,0.000731041887775064,0.000981622375547886,0.000968018139246851,0.00101361609995365,0.000904636923223734,0.000854464946314693,0.000688432017341256,0.000826903444249183,0.000760609691496938,0.000862640445120633,0.00105363735929132,0.00101393833756447,0.000927642162423581,0.00102014874573797,0.000847927178256214,0.00077890558168292,0.000744836928788573,0.000817540276329964,0.0009366893209517,0.000940860831178725,0.000827597687020898,0.000950521265622228,0.00104740913957357,0.000729806895833462,0.000846547540277243,0.000902767584193498,
2294.0,0.000932871073018759,0.000925163796637207,0.000814834143966436,0.00079672277206555,0.00067293259780854,0.00076923513552174,0.000815456791315228,0.000905249442439526,0.000814924074802548,0.00093555566854775,0.000799320579972118,0.000836778141092509,0.000934358220547438,0.000998680596239865,0.000941002508625388,0.0009135035215877,0.000845179834868759,0.000935875345021486,0.00100322836078703,0.000943525112234056,0.000754042412154377,0.000972689595073462,0.000721401476766914,0.000978248659521341,0.000958749908022583,0.001004021265544,0.000899200211279094,0.00084799894830212,0.000680115888826549,0.00081984797725454,0.000755203713197261,0.000853655452374369,0.00104848493356258,0.00100614537950605,0.000921176222618669,0.0010107922134921,0.000837583560496569,0.000774377258494496,0.000736564281396568,0.000817420484963804,0.000928612367715687,0.00093541550450027,0.000819806824438274,0.00093981996178627,0.00103875156491995,0.000719726958777756,0.000843969755806029,0.000897680292837322,
2295.0,0.00092799891717732,0.000925587548408657,0.000810436496976763,0.000789358513429761,0.000668842170853168,0.000768427446018904,0.000810574274510145,0.000897084653843194,0.000808151613455266,0.000928145833313465,0.000795582891441882,0.000832626537885517,0.000939120363909751,0.000998171861283481,0.000939355581067503,0.000908475602045655,0.000841896864585578,0.00093250663485378,0.000993653666228056,0.000932536204345524,0.000746818608604372,0.000967299391049892,0.000714966969098896,0.000972366018686444,0.000954304414335638,0.00100172508973628,0.000892217794898897,0.000843369751237333,0.000675522955134511,0.00081948860315606,0.000753230764530599,0.000848165713250637,0.00104422750882804,0.000999149517156184,0.000919411017093807,0.00100592034868896,0.000829598575364798,0.000771597027778625,0.000726542028132826,0.00081391102867201,0.000919507176149637,0.000923658022657037,0.000815801264252514,0.000936162599828094,0.00102977035567164,0.000712744193151593,0.000841210421640426,0.0008945093723014,
2296.0,0.000925992731936276,0.000919610960409045,0.000807626056484878,0.000782820687163621,0.000666393083520234,0.000764537951909006,0.000804935058113188,0.000898339552804828,0.00080287508899346,0.000923339917790145,0.000788146629929543,0.000827493029646575,0.000942485639825463,0.000994612812064588,0.000931294169276953,0.000906636938452721,0.000836228020489216,0.000930787355173379,0.000987250241450965,0.000929570116568357,0.000742412346880883,0.000964300706982613,0.000709530722815543,0.000967759871855378,0.000955288764089346,0.000994389876723289,0.000888849841430783,0.000831865705549717,0.000672715599648654,0.000821461377199739,0.000753025349695235,0.000846134149469435,0.00104701262898743,0.000993399182334542,0.000916870136279613,0.000997283030301332,0.000827099895104766,0.00076867692405358,0.000720587908290327,0.000809015415143222,0.000918535690288991,0.000917991041205823,0.000814157305285335,0.00093847862444818,0.00102680420968682,0.000711625209078193,0.00083949271356687,0.000890629016794264,
2297.0,0.000922672159504145,0.000916386547032744,0.000808897020760924,0.000781860260758549,0.000665316300000995,0.000762844923883677,0.000806157942861319,0.000898320693522692,0.000799957779236138,0.000922901323065162,0.000783140247222036,0.000824298476800323,0.00094219233142212,0.000994628062471747,0.000924217514693737,0.00090115302009508,0.000833102210890502,0.000929291476495564,0.000988798681646585,0.000927931105252355,0.000738711620215327,0.000962297723162919,0.000706372899003327,0.00096596434013918,0.000956809846684337,0.000992450630292296,0.000883924658410251,0.000822069821879268,0.000674448499921709,0.000823164882604033,0.000753119413275272,0.000846642593387514,0.00105265760794282,0.00099404132924974,0.000912405026610941,0.00099767476785928,0.000826282484922558,0.000769658829085529,0.000715570233296603,0.000806518248282373,0.000915540033020079,0.000908236426766962,0.000811728416010737,0.000936619413550943,0.00102552399039268,0.000712633016519248,0.000836807652376592,0.000886363326571882,
2298.0,0.000921014114283025,0.000917320896405727,0.000809149176348001,0.00078176154056564,0.00066889199661091,0.000763338874094188,0.000805839779786766,0.000900233048014343,0.00079511955846101,0.000928606546949595,0.000777540961280465,0.000823197246063501,0.000935157760977745,0.000996745191514492,0.000915381824597716,0.000901587773114443,0.000826873234473169,0.000929550675209612,0.000988969230093062,0.000920171733014286,0.000731321459170431,0.000960116740316153,0.000705748505424708,0.00096095452317968,0.000956756237428635,0.000994187081232667,0.000882807944435626,0.000816411804407835,0.000677553121931851,0.000823579379357398,0.000753622327465564,0.000851186865475029,0.00105393689591438,0.000993194407783449,0.000901555467862636,0.00100233044940978,0.000826540403068066,0.000772221363149583,0.000710770080331713,0.000803449715021998,0.000914905685931444,0.000896200945135206,0.000808044511359185,0.00093737751012668,0.00102250196505338,0.00071708532050252,0.000831385725177825,0.000879747676663101,
2299.0,0.000924922234844416,0.000915864307899028,0.000809838064014912,0.000782647519372404,0.000668971508275718,0.000761994626373053,0.000800539797637612,0.000903276610188186,0.000793756626080722,0.000933413335587829,0.000773211126215756,0.000824423390440643,0.000929454865399748,0.000994202215224504,0.000910307629965246,0.000898808764759451,0.000824618618935347,0.000930420646909624,0.000994169735349715,0.000919757469091564,0.000735834706574678,0.000959098571911454,0.00070425623562187,0.000956110190600157,0.000957497220952064,0.00098982045892626,0.000881664862390608,0.000814826169516891,0.000679197604767978,0.000817752967122942,0.000756224559154361,0.00085259712068364,0.00105630117468536,0.000990768894553185,0.000895146804396063,0.000999710755422711,0.000826302624773234,0.000768134312238544,0.00070955662522465,0.000803021888714284,0.000920832506380975,0.000901905819773674,0.000806444091722369,0.000936607015319169,0.00102084502577782,0.000719368283171207,0.000826479692477733,0.00087632640497759,
2300.0,0.000927243672776967,0.000915651209652424,0.000808712153229862,0.000785943644586951,0.000665177998598665,0.000761998409871012,0.000799870933406055,0.000902424450032413,0.000797267071902752,0.000933036615606397,0.000775168591644615,0.000832519843243063,0.000924814259633422,0.000989128020592034,0.000909706694073975,0.000898212660104036,0.000826274219434708,0.000934063282329589,0.000998764531686902,0.000916944292839617,0.000741713272873312,0.000958135991822928,0.000702407443895936,0.000955669849645346,0.000957942800596356,0.000991487526334822,0.00087814376456663,0.000816299929283559,0.000680451572407037,0.000810374855063856,0.000762740208301693,0.000849577132612467,0.00105884717777371,0.00098769401665777,0.000896407815162092,0.000999378389678895,0.000824418966658413,0.000762726529501379,0.000707788276486099,0.00080399407306686,0.000918750243727118,0.000911535753402859,0.000809322635177523,0.000930183101445436,0.0010194763308391,0.000721734308172017,0.00082394591299817,0.000874606368597597,
2301.0,0.000927295826841146,0.000915678683668375,0.000801391084678471,0.000785517622716725,0.000665361061692238,0.00075730710523203,0.000799087749328464,0.000899469887372106,0.000799469067715108,0.000929978908970952,0.000775316671933979,0.000836869759950787,0.00092448981013149,0.000987617066130042,0.0009074691333808,0.000903284992091358,0.000825860479380935,0.000934911367949098,0.000996710732579231,0.000915517448447645,0.000739433220587671,0.000957546522840858,0.000700169068295509,0.000956307165324688,0.000955275201704353,0.000991469831205904,0.000880782143212855,0.000815220118965954,0.000681381963659078,0.000805651594419032,0.00076691061258316,0.000850628188345581,0.00105472339782864,0.000981187680736184,0.000894484051968902,0.000999957206659019,0.000824117450974882,0.000757079455070198,0.000704526260960847,0.000802982249297202,0.000916891556698829,0.000915965065360069,0.000814110331702977,0.000925516418647021,0.00101739866659045,0.000718376133590937,0.000825461815111339,0.000869711919222027,
2302.0,0.000929335656110197,0.000913385709282011,0.000797269574832171,0.000782788381911814,0.000662190257571638,0.000748187769204378,0.000799671746790409,0.00089384219609201,0.000803294940851629,0.000926394539419562,0.00078005506657064,0.000836893683299422,0.000929007306694984,0.000984779442660511,0.000910585396923125,0.000900154176633805,0.000828795076813549,0.000932598486542702,0.000995064037851989,0.000923164479900151,0.000741237658075988,0.000954518502112478,0.000702716410160065,0.000959388038609177,0.00095656601479277,0.000985671766102314,0.000878629740327597,0.000816376821603626,0.000677737582009286,0.000802612688858062,0.000765675446018577,0.000853222270961851,0.00105038669425994,0.000980539480224252,0.000899834674783051,0.000997691182419658,0.000820045475848019,0.00075413181912154,0.000702053715940565,0.000800109992269427,0.000917754368856549,0.000923600920941681,0.000816440267954022,0.000922775827348232,0.00102251057978719,0.000710486376192421,0.000831314362585545,0.000869959709234536,
2303.0,0.000930931244511157,0.000911932031158358,0.000795190106146038,0.000779438996687531,0.000659030512906611,0.000746649166103452,0.000801623216830194,0.000890804280061275,0.000802440219558775,0.000922472332604229,0.000783122261054814,0.000840194814372808,0.000927242042962462,0.000983577221632004,0.000910967530217022,0.000902253086678684,0.000829908007290214,0.000935500662308186,0.00099428161047399,0.000925686967093498,0.000741181778721511,0.000953515176661313,0.000706044549588114,0.000963360420428216,0.000960284960456192,0.000986391096375883,0.000878999475389719,0.000817765772808343,0.000672604073770344,0.000803403381723911,0.000766789482440799,0.00085419462993741,0.00104658061172813,0.000983550911769271,0.000908049114514142,0.000995989656075835,0.000817291904240847,0.000749291095416993,0.000698974821716547,0.000798378954641521,0.000917301047593355,0.000921112892683595,0.000815359235275537,0.000917901284992695,0.00102833705022931,0.000710389809682965,0.000839151733089238,0.000869618263095617,
2304.0,0.000931293470785022,0.000916006043553352,0.000797294953372329,0.000783143856097013,0.000660179590340704,0.000747745274566114,0.000803410483058542,0.00088764913380146,0.000797138141933829,0.000922769017051905,0.000780585687607527,0.000842211535200477,0.000925497966818511,0.00098832487128675,0.00091465754667297,0.000902715080883354,0.000828527787234634,0.000937401433475316,0.000994396745227277,0.000926070671994239,0.000737556605599821,0.000952183327171952,0.000706673483364284,0.000966973078902811,0.000962234451435506,0.000989002641290426,0.000886480323970318,0.000819816254079342,0.00066987075842917,0.00080394628457725,0.000766702578403056,0.000858007580973208,0.00104650226421654,0.000985349528491497,0.000908551912289113,0.000993188004940748,0.000821081979665905,0.000746825418900698,0.000695379334501922,0.000798180350102484,0.000923111278098077,0.00091253878781572,0.000814401835668832,0.000915092532522976,0.00103036046493798,0.00071083108196035,0.000846888520754874,0.000865791109390557,
2305.0,0.000936325814109296,0.000923499290365726,0.000805683608632535,0.000791840255260468,0.000661999278236181,0.000752571097109467,0.000807109521701932,0.000887635455001146,0.000796116888523102,0.000926680862903595,0.000787821889389306,0.000845753937028348,0.000927872664760798,0.000992026994936168,0.000927915913052857,0.000899899459909648,0.000830647244583815,0.000941263337153941,0.000990890781395137,0.000929513829760253,0.000740464369300753,0.000953923736233264,0.000714778434485197,0.000973306363448501,0.000964759092312306,0.000992914196103811,0.000889086280949414,0.000826902280095965,0.00066870276350528,0.000809107325039804,0.000766220910008997,0.000861859123688191,0.0010475063463673,0.00099416880402714,0.000913373311050236,0.000989445485174656,0.00082620675675571,0.000750300940126181,0.000695567752700299,0.000797804561443627,0.000926671782508492,0.000912089017219841,0.000813137274235487,0.0009173434227705,0.00103581137955189,0.000708153762388974,0.000852961326017976,0.000862613262142986,
2306.0,0.000938558427151293,0.000931102607864887,0.000812872021924704,0.000798362831119448,0.000663600047118962,0.000761359930038452,0.0008094945224002,0.000892831827513874,0.000797852408140898,0.00092907517682761,0.000791143043898046,0.000852991361171007,0.000932616938371211,0.000997997936792672,0.000930810405407101,0.00090459908824414,0.000832141959108412,0.000946994638070464,0.000989608350209892,0.000933225266635418,0.000745280703995377,0.000960349454544485,0.000719763047527522,0.000978638301603496,0.000963862577918917,0.00100126140750945,0.000892910175025463,0.000832939927931875,0.000671994755975902,0.00081907695857808,0.000772786675952375,0.000862709654029459,0.00104934140108526,0.00100207794457674,0.000920874648727477,0.000988357001915574,0.000830671924632043,0.000750570558011532,0.000700373435392976,0.000801111804321408,0.000931295042391866,0.000914153933990747,0.000816819607280195,0.000922166451346129,0.00104067742358893,0.00071525014936924,0.00085200514877215,0.000863211578689516,
2307.0,0.00093484518583864,0.000935706484597176,0.000818714324850589,0.000803464441560209,0.000666878768242896,0.000767371035180986,0.000807343632914126,0.000896462122909725,0.000803082308266312,0.000934108975343406,0.000791026279330254,0.000861184962559491,0.000935528485570103,0.00100219843443483,0.000934793730266392,0.000908963265828788,0.000830184668302536,0.000947514083236456,0.000988408923149109,0.000935722724534571,0.00074623484397307,0.000962363614235073,0.00072162039577961,0.000977293238975108,0.000960172270424664,0.00100742280483246,0.000897062884178013,0.000838116800878197,0.000676090305205435,0.000823115056846291,0.000776144268456846,0.00086149835260585,0.00105677370447665,0.00100153952371329,0.000924431602470577,0.000991051085293293,0.000837144441902637,0.000758914393372834,0.000706510792952031,0.000804381852503866,0.00093544099945575,0.000918018573429435,0.000821331050246954,0.000928109511733055,0.00104240805376321,0.00072088441811502,0.000846710579935461,0.000868837349116802,
2308.0,0.00093254295643419,0.000930814305320382,0.000821700610686094,0.000801648769993335,0.000671167450491339,0.000765539356507361,0.000802458147518337,0.000903865264263004,0.000804916315246373,0.000938159064389765,0.000799156608991325,0.000860840897075832,0.000935545016545802,0.00100093521177769,0.000937267031986266,0.000913651718292385,0.000829688215162605,0.000950933143030852,0.000985310296528041,0.000935125339310616,0.000746894278563559,0.000966162420809269,0.000729738443624228,0.000973362184595317,0.000957346695940942,0.00100967823527753,0.000896017940249294,0.000841806409880519,0.000678647425957024,0.00082474946975708,0.000776592758484185,0.000856803322676569,0.0010586961871013,0.00100496341474354,0.000926275504752994,0.00099904602393508,0.000838968437165022,0.000767680641729385,0.000710038526449353,0.000809116812888533,0.000933017814531922,0.000924624851904809,0.000816797080915421,0.000933933828491718,0.00104321935214102,0.000718879920896143,0.000842010893393308,0.000874024466611445,
2309.0,0.00092482881154865,0.000919607235118747,0.000822073372546583,0.000793655170127749,0.000671295390930027,0.000761782808694988,0.000796289823483676,0.000910020666196942,0.000799280009232461,0.000936653465032578,0.00079686869867146,0.000849145813845098,0.000934498850256205,0.000995061476714909,0.000924074673093855,0.000914385076612234,0.000829944736324251,0.000949209381360561,0.000985125079751015,0.000935524585656822,0.000746057892683893,0.000965281680691987,0.000724354875274003,0.000970118388067931,0.000953579263295978,0.00101163680665195,0.000894277647603303,0.000840074033476412,0.000676657306030393,0.0008210064843297,0.000778321118559688,0.000852824945468456,0.00105421699117869,0.00100726331584156,0.000924643652979285,0.00100353814195842,0.000834086094982922,0.000767263758461922,0.000709960935637355,0.000811644538771361,0.000932051334530115,0.000925667874980718,0.000813009915873408,0.000936978729441762,0.00104273203760386,0.000720245880074799,0.000832401681691408,0.000878456223290414,
2310.0,0.000914985605049878,0.000906007189769298,0.000816623854916543,0.000786685559432954,0.000666341395117342,0.00075670430669561,0.00079130771337077,0.000908982241526246,0.000791859871242195,0.000928084889892489,0.000793800223618746,0.000837560452055186,0.000928807421587408,0.000982881989330053,0.000913686992134899,0.000905962020624429,0.000818834640085697,0.000939072226174176,0.000981373130343854,0.000930565060116351,0.000738281407393515,0.000954608723986894,0.00071042770287022,0.000960753473918885,0.000950159388594329,0.00100451183971018,0.000890777038875967,0.000833716476336122,0.000669105851557106,0.000811486388556659,0.000771324906963855,0.000847255578264594,0.00104869971983135,0.000998841016553342,0.000916330085601658,0.00100015138741583,0.000828844727948308,0.00076482369331643,0.000706109043676406,0.000800525071099401,0.000925008440390229,0.000916838645935059,0.000808180426247418,0.000932379974983633,0.00103374035097659,0.000715596950612962,0.000826169445645064,0.000876432924997061,
2311.0,0.000904736923985183,0.000893478747457266,0.000806323892902583,0.000777105218730867,0.000656863208860159,0.000744731922168285,0.000785703014116734,0.000901446503121406,0.000781195180024952,0.000914339616429061,0.0007876583840698,0.000820458109956235,0.000919712649192661,0.000969345215708017,0.000903829408343881,0.000892647367436439,0.000805709743872285,0.000931962509639561,0.000971459201537073,0.000916423683520406,0.000727022823411971,0.00094212731346488,0.000697912648320198,0.000948907400015742,0.000937760749366134,0.000989554799161851,0.000880988140124828,0.0008212830289267,0.000661184487398714,0.000805522373411804,0.000762620242312551,0.000835598155390471,0.00103376025799662,0.000987993320450187,0.000904523360077292,0.000990135362371802,0.000818104424979538,0.000754485721699893,0.00069481268292293,0.000785072916187346,0.000911440816707909,0.000907679670490325,0.000800651963800192,0.000924068852327764,0.00101808807812631,0.000702507852111012,0.000820079003460705,0.000868199684191495,
2312.0,0.000889705086592585,0.000883863074705005,0.0007917620241642,0.0007619186071679,0.000643826206214726,0.000733902852516621,0.000774831860326231,0.000888185226358473,0.00076587067451328,0.000898369413334876,0.0007673833752051,0.000799520348664373,0.000906673376448452,0.000953625713009387,0.000885014713276178,0.000872007687576115,0.000796338135842234,0.000917123514227569,0.000953679787926376,0.000904001062735915,0.000712240638677031,0.00092470389790833,0.000680247962009162,0.000938232406042516,0.000918467878364027,0.000972300360444933,0.000863874505739659,0.000799990782979876,0.000650926202069968,0.000798660796135664,0.000749438186176121,0.000828277203254402,0.00101125636138022,0.000974181341007352,0.000890769006218761,0.000970263907220215,0.00080811808584258,0.000736436108127236,0.000680968980304897,0.000763435964472592,0.000891984615009278,0.00089081801706925,0.000796730862930417,0.000910982431378216,0.000999882351607084,0.00069462729152292,0.000809776596724987,0.000857092731166631,
2313.0,0.000876327569130808,0.000871366006322205,0.000771168561186641,0.000747017271351069,0.000630556838586926,0.000720911251846701,0.000761978328227997,0.000869699171744287,0.000751772546209395,0.000878069025930017,0.000747838115785271,0.00078160798875615,0.000889874005224556,0.000939370773267001,0.000868304749019444,0.000849199830554426,0.000775506370700896,0.000897760735824704,0.000937267497647554,0.000888126785866916,0.000694071233738214,0.000903398904483765,0.000661135942209512,0.00092343840515241,0.000901170598808676,0.000946524785831571,0.000842929584905505,0.000781125156208873,0.000631845148745924,0.000785988057032228,0.000725673919077963,0.000817457272205502,0.000992041197605431,0.0009522475884296,0.000872663396876305,0.000949864916037768,0.000794059887994081,0.000718512281309813,0.00066852755844593,0.000741268740966916,0.000870840391144156,0.000869988289196044,0.000783757190220058,0.000891921750735492,0.000973636109847575,0.000688547908794135,0.000799764005932957,0.000840538355987519,
2314.0,0.000857820559758693,0.000856654194649309,0.000751827436033636,0.000725903839338571,0.000615743221715093,0.000696663744747639,0.000743647920899093,0.000842043256852776,0.000738571165129542,0.000857353443279862,0.000722633441910148,0.000759693153668195,0.000868480652570724,0.00092277186922729,0.000852307071909308,0.000826490577310324,0.000755688699427992,0.000879670900758356,0.000916850171051919,0.000865918234921992,0.000678207376040518,0.000878735037986189,0.000643469276838005,0.000902544357813895,0.000879427359905094,0.000922753592021763,0.00082187814405188,0.000767458404880017,0.000611418508924544,0.000768603873439133,0.000707094499375671,0.000797779823187739,0.000968848180491477,0.000929133093450218,0.000851659919135273,0.000929957255721092,0.000771466933656484,0.000700556789524853,0.000652086979243904,0.000729459861759096,0.00085229380056262,0.000854248704854399,0.000763194810133427,0.000873332493938506,0.000946608721278608,0.000674420618452132,0.000778517685830593,0.000823154463432729,
2315.0,0.000837812549434602,0.000843931105919182,0.000732954300474375,0.000705039303284138,0.00060136808315292,0.000674830051138997,0.000725207675714046,0.000816215004306287,0.000721078249625862,0.000837182509712875,0.000698233197908849,0.000742975098546594,0.000847079209052026,0.000897687685210258,0.000834046688396484,0.000806601834483445,0.000739535607863218,0.000857127248309553,0.000895734468940645,0.000844762253109366,0.000663309125229716,0.000855352729558945,0.000629483663942665,0.000882685068063438,0.000859851948916912,0.000899490318261087,0.000803308095782995,0.00075293640838936,0.000596650643274188,0.000748850812669843,0.000693119189236313,0.000782853516284376,0.000944986939430237,0.000910057278815657,0.000831413897685707,0.000904882559552789,0.000755017215851694,0.000683603109791875,0.00063640862936154,0.000717418966814876,0.000833764497656375,0.000833069847431034,0.000745580124203116,0.000856992264743894,0.000925116124562919,0.000662891834508628,0.00075364945223555,0.000803806004114449,
2316.0,0.000820688786916435,0.000831437122542411,0.00071721407584846,0.00069061410613358,0.000593079021200538,0.000661210797261447,0.000713841523975134,0.000793161685578525,0.000705036916770041,0.000822269532363862,0.000684416270814836,0.000734333763830364,0.000829777971375734,0.000875487341545522,0.000820886227302253,0.000794028397649527,0.000722904747817665,0.000837494560983032,0.000885428278706968,0.000826204544864595,0.000652188551612198,0.000839148415252566,0.000616252713371068,0.000867541239131242,0.000845558533910662,0.000880420207977295,0.000792942708358169,0.000739947601687163,0.000581534579396248,0.000731646490748972,0.000677951902616769,0.000765426841098815,0.000929122266825289,0.000894368859007955,0.000817031133919954,0.000886288937181234,0.000738241418730468,0.000671892601530999,0.000626299704890698,0.000706329185049981,0.000822678732220083,0.00081765471259132,0.00072617712430656,0.000841077417135239,0.000909491442143917,0.000648781307972968,0.000733520544599742,0.000783151655923575,
2317.0,0.000802081194706261,0.000819434237200767,0.000706820865161717,0.000676849507726729,0.000583875516895205,0.000650837086141109,0.000703297788277268,0.00077389256330207,0.000693812617100775,0.000811581034213305,0.00067546678474173,0.000724736019037664,0.000816115003544837,0.000860462780110538,0.000810590398032218,0.0007812186377123,0.000714813941158354,0.000821520923636854,0.000871519616339356,0.000809313380159438,0.000644916610326618,0.00082677643513307,0.000607100839260966,0.000857358099892735,0.000833341153338552,0.000873475044500083,0.000787748256698251,0.000728355837054551,0.000573924859054387,0.000722883210983127,0.000667865679133683,0.000746958598028868,0.0009178162436001,0.000880624284036458,0.000805206596851349,0.000876230595167726,0.000722514872904867,0.000665414205286652,0.000617706857156008,0.000699662312399596,0.000811691337730736,0.000805791758466512,0.000710389518644661,0.000825487659312785,0.000898902653716505,0.000630311842542142,0.000718077877536416,0.000770344398915768,
2318.0,0.000792258302681148,0.000812469399534166,0.000701754761394113,0.000670407433062792,0.000579359475523233,0.000646922271698713,0.000697828538250178,0.000764462805818766,0.000686383806169033,0.000801689806394279,0.000671222107484937,0.000718396157026291,0.000806870812084526,0.00085279083577916,0.000803083647042513,0.000775976805016398,0.00071023334749043,0.000816052139271051,0.000863392138853669,0.00079972721869126,0.000640054000541568,0.000820468470919877,0.000602241139858961,0.000849322241265327,0.000825090915895998,0.000867533264681697,0.000782468938268721,0.000719820207450539,0.000569250725675374,0.00071544386446476,0.000663521641399711,0.000737982452847064,0.000911188602913171,0.000871793658006936,0.000797416607383639,0.000869992189109325,0.00071432493859902,0.000660170277114958,0.0006096200668253,0.00069411302683875,0.000803696981165558,0.000798577850218862,0.000703062920365483,0.000817499589174986,0.000890600960701704,0.000621099257841706,0.000710437074303627,0.000762578973080963,
2319.0,0.000789263343904167,0.00081022031372413,0.000706551189068705,0.000672628870233893,0.000583843619097024,0.000656601216178387,0.000698520161677152,0.000765807693824172,0.000679345510434359,0.000797467189840972,0.000674758339300752,0.000716978218406439,0.00080184091348201,0.000855640333611518,0.000798795139417052,0.000777984037995338,0.000713878660462797,0.000823024369310588,0.0008617271669209,0.000798870110884309,0.000636961020063609,0.000827891053631902,0.00060351932188496,0.000845532573293895,0.000821558176539838,0.000868908187840134,0.00078042468521744,0.000707154569681734,0.000570090662222356,0.000710778404027224,0.000664104940369725,0.000735813984647393,0.000912979536224157,0.00086900481255725,0.000796340347733349,0.00087175949010998,0.000715590722393245,0.000655892712529749,0.000603527994826436,0.000687946740072221,0.000796944776084274,0.000799304689280689,0.000704656937159598,0.000814944331068546,0.000885979272425175,0.000618603255134076,0.000717094982974231,0.000758911075536162,
2320.0,0.000791357597336173,0.000808129436336458,0.000708994513843209,0.000675191462505609,0.000585108995437622,0.000659227545838803,0.000699990137945861,0.000768802186939865,0.000680977362208068,0.000796300882939249,0.000680381548590958,0.000718183408025652,0.000800696958322078,0.00086033676052466,0.000798376568127424,0.000779633526690304,0.000717935210559517,0.000826553557999432,0.000861246138811111,0.000801183690782636,0.000639029254671186,0.000830670935101807,0.000606487214099616,0.000846378679852933,0.000821017427369952,0.000871265074238181,0.000783094670623541,0.000705349608324468,0.000569111260119826,0.000711236440110952,0.000665604544337839,0.000737889669835567,0.000915302371140569,0.000870268559083343,0.00079842540435493,0.000875726342201233,0.000715703994501382,0.000657082127872854,0.000602057087235153,0.000690218876115978,0.000796955195255578,0.000798782624769956,0.000706189370248467,0.000816374202258885,0.000888143025804311,0.000619514030404389,0.000720479642041028,0.000760745839215815,
2321.0,0.000803840986918658,0.000809137069154531,0.000713775341864675,0.000684956612531096,0.000585982925258577,0.00066315324511379,0.000706716207787395,0.000783386058174074,0.000691967958118767,0.000791945669334382,0.000693240901455283,0.00072002352681011,0.000806402997113764,0.000872382835950702,0.000802120717708021,0.000791186175774783,0.000723923614714295,0.000842286041006446,0.00086348905460909,0.000810844416264445,0.000646433851215988,0.000831820943858474,0.000616265635471791,0.000848606519866735,0.000823640555609018,0.00087520555825904,0.000786153774242848,0.00071622640825808,0.000570205505937338,0.000716717506293207,0.000677560397889465,0.000753117667045444,0.000919795245863497,0.000876556732691824,0.000804594601504505,0.000885727873537689,0.000719248550012708,0.000662971870042384,0.000600359402596951,0.00069819251075387,0.00080447195796296,0.000801605987362564,0.000716281472705305,0.000827176088932902,0.000896322540938854,0.000627536501269788,0.000726923870388418,0.000774010666646063,
2322.0,0.00081358733586967,0.000814649509266019,0.000719177478458732,0.000690420798491687,0.000589097733609378,0.000666778476443142,0.000713023939169943,0.000793126644566655,0.000701703538652509,0.000796231790445745,0.000699969881679863,0.000726483529433608,0.000811491161584854,0.000881528889294714,0.000807361560873687,0.000800257839728147,0.000731401203665882,0.000848936557304114,0.000870975665748119,0.00081927829887718,0.000653139664791524,0.000836561375763267,0.00062034564325586,0.000856172991916537,0.000828531803563237,0.000879830797202885,0.000791181169915944,0.000721767253708094,0.000573441910091788,0.000719702802598476,0.00068363850004971,0.000760607188567519,0.000928112713154405,0.000885557441506535,0.00081256648991257,0.000892581767402589,0.000724306388292462,0.000668757245875895,0.00060263101477176,0.000703155528753996,0.00081003870582208,0.000807181640993804,0.000722766912076622,0.000835006707347929,0.000903656065929681,0.000634726486168802,0.000732340558897704,0.000780085567384958,
2323.0,0.00082969490904361,0.000826957577373832,0.000723295786883682,0.000696801114827394,0.000596009369473904,0.000669749104417861,0.000722612254321575,0.000807176518719643,0.000720248732250184,0.000813506427221,0.000707594037521631,0.00074356870027259,0.000820665329229087,0.000893137243110687,0.000815339968539774,0.000811899895779788,0.000743959739338607,0.000844923604745418,0.000885793764609843,0.000830709817819297,0.000666928244754672,0.000845222151838243,0.000626596447546035,0.000877373502589762,0.000840249995235354,0.00088844756828621,0.000805310963187367,0.000731208361685276,0.000579606567043811,0.000731295149307698,0.000685448467265815,0.000768520112615079,0.000944366212934256,0.000901836610864848,0.000827268231660128,0.000902710948139429,0.000734300934709609,0.000680740922689438,0.000615192053373903,0.000716080539859831,0.000820520566776395,0.000813425402157009,0.00072886556154117,0.000848158379085362,0.000920599850360304,0.000648212793748826,0.000740322924684733,0.000787523458711803,
2324.0,0.000837239844258875,0.000834402395412326,0.000729360617697239,0.000701273966114968,0.000601141713559628,0.000674774462822825,0.000727687554899603,0.000817055872175843,0.000731274951249361,0.000823129201307893,0.000712979875970632,0.000750767183490098,0.000829249271191657,0.000900028739124537,0.00082442513667047,0.000819390930701047,0.000753438740503043,0.000849228876177222,0.000895885576028377,0.000837413244880736,0.0006745919235982,0.00085401302203536,0.000630841008387506,0.000887867296114564,0.000846964889205992,0.000895497156307101,0.000811868347227573,0.000738928560167551,0.00058713968610391,0.000736695423256606,0.000690249900799245,0.000774415559135377,0.000952066155150533,0.000910247967112809,0.000837771280203015,0.000908017449546605,0.000741599011234939,0.000687860592734069,0.000623477681074291,0.000724494981113821,0.000828182208351791,0.000817407097201794,0.000735877372790128,0.00085519312415272,0.000930729613173753,0.000655857496894896,0.000746609992347658,0.000791733327787369,
2325.0,0.000841505825519562,0.000843576621264219,0.000738014467060566,0.000703380268532783,0.00060592737281695,0.000681738078128546,0.000731912790797651,0.00082678475882858,0.000741186551749706,0.000832132995128632,0.000715131522156298,0.000753467378672212,0.000839661923237145,0.0009066674974747,0.000836531631648541,0.000826215429697186,0.000762600684538484,0.000856929051224142,0.000908176705706865,0.000844213820528239,0.000680207915138453,0.000865471898578107,0.000630436697974801,0.000898564408998936,0.000853747013024986,0.000902935338672251,0.000815147766843438,0.000745229597669095,0.000597228528931737,0.000736259622499347,0.000697391398716718,0.000777597248088568,0.000959744909778237,0.000918468460440636,0.0008491484913975,0.000912531977519393,0.000749304541386664,0.000693800102453679,0.000630637106951326,0.000730452593415976,0.0008345982641913,0.000824541319161654,0.000743652286473662,0.000858789950143546,0.000937828328460455,0.000661155208945274,0.000753417436499149,0.000792081351391971,
2326.0,0.000842870445922017,0.000846715003717691,0.000749182712752372,0.000705666665453464,0.00060895667411387,0.000683364865835756,0.000733810185920447,0.00082548224600032,0.000745687284506857,0.000845208531245589,0.000716011389158666,0.000760152062866837,0.000846986251417547,0.000912080926354975,0.000848940864671022,0.000822437286842614,0.000774108688347042,0.000859334541019052,0.000915369775611907,0.000849090924020857,0.000683253980241716,0.000876612728461623,0.000629609567113221,0.000903792039025575,0.000861590960994363,0.000911025039386004,0.000821007182821631,0.000749771250411868,0.000607024237979203,0.000739844050258398,0.000696183647960424,0.000778555986471474,0.000965347571764141,0.000923401501495391,0.000854596903081983,0.000909491849597543,0.0007564487750642,0.000697832147125155,0.000639304809737951,0.000735093606635928,0.000836983730550855,0.00082936609396711,0.000748078804463148,0.000860561383888125,0.000941074802540243,0.00066861801315099,0.00075651059160009,0.000794546620454639,
2327.0,0.000840212451294065,0.000846916169393808,0.000756415829528123,0.000709707208443433,0.000616049335803837,0.000688461703248322,0.000734172645024955,0.000822168949525803,0.000745683792047203,0.000851801014505327,0.000719494477380067,0.000766388024203479,0.000849759439006448,0.000909880676772445,0.000853716919664294,0.000821822322905064,0.000781289185397327,0.000864950881805271,0.000920517253689468,0.000845301372464746,0.000683988153468817,0.000880914973095059,0.000638851022813469,0.000896580400876701,0.000864584639202803,0.000917006283998489,0.000820225337520242,0.000757289526518434,0.000613685406278819,0.000744039192795753,0.000698103045579046,0.000781280803494155,0.000962703546974808,0.000919511483516544,0.000853871344588697,0.000908232643269002,0.000761808885727078,0.000700958189554513,0.000646806496661156,0.000732251326553524,0.00084235827671364,0.000825934868771583,0.000756305700633675,0.000863283348735422,0.000941678474191576,0.000670714711304754,0.000760842813178897,0.000796323176473379,
2328.0,0.000838870881125331,0.0008441909449175,0.000759853981435299,0.000710190855897963,0.000614142685662955,0.000692482455633581,0.000729872321244329,0.000817561987787485,0.00074023223714903,0.000850207870826125,0.000722773431334645,0.000769350735936314,0.000851149845402688,0.000909702735953033,0.000858107348904014,0.000820441695395857,0.000782155082561076,0.000873054901603609,0.000921428785659373,0.000849108095280826,0.000678122625686228,0.000878452730830759,0.000641735678073019,0.000889522838406265,0.000865627254825085,0.000919431098736823,0.000820917775854468,0.00076230859849602,0.000616494566202164,0.000741334981285036,0.000704227422829717,0.000784015108365566,0.000963182421401143,0.000923718966078013,0.000848555006086826,0.000913346535526216,0.0007643859134987,0.000700861040968448,0.000646266504190862,0.000724146084394306,0.000843263696879148,0.000830130942631513,0.000757794128730893,0.000860160391312093,0.00093844294315204,0.000668837805278599,0.00076281582005322,0.000799774716142565,
2329.0,0.000837466563098133,0.000837794970721006,0.000756335735786706,0.000706196064129472,0.000614989665336907,0.000692833971697837,0.000724579265806824,0.00081078871153295,0.000735632958821952,0.000853360455948859,0.000720871961675584,0.000775139953475446,0.000846918032038957,0.000904208107385784,0.00085549708455801,0.000821707828436047,0.000779267458710819,0.000872567237820476,0.000916976539883763,0.000850653974339366,0.000673955655656755,0.000869785551913083,0.000644161540549248,0.000885659886989743,0.000864968926180154,0.000921740778721869,0.000818215077742934,0.000761828327085823,0.000619320315308869,0.000741191324777901,0.000700542121194303,0.000782807532232255,0.000963263912126422,0.000925437256228179,0.000839552725665271,0.000912389950826764,0.000760674243792892,0.000695116119459271,0.000643381383270025,0.0007147251162678,0.000838931300677359,0.000835731974802911,0.000749862578231841,0.000855780206620693,0.000932456052396446,0.000667871499899775,0.000763536838348955,0.000799582456238568,
2330.0,0.00083528581308201,0.000831790792290121,0.000748624675907195,0.000705397862475365,0.000618415011558682,0.000691871799062938,0.000722137163393199,0.000803636445198208,0.000734941044356674,0.000851759978104383,0.000722010154277086,0.00077469227835536,0.000835573417134583,0.000896518817171454,0.000843846995849162,0.000822885369416326,0.000772963976487517,0.000868236471433192,0.000912826624698937,0.000843055080622435,0.000672411289997399,0.000864091329276562,0.000643115025013685,0.000882299791555852,0.000860316038597375,0.000917819677852094,0.000810588710010052,0.000757291854824871,0.000616253586485982,0.000734331959392875,0.000696892850100994,0.00077633245382458,0.000961953948717564,0.000916579272598028,0.000826449191663414,0.000916405057068914,0.000757162400986999,0.000690166489221156,0.000636652461253107,0.000709237763658166,0.000833463156595826,0.000834407575894147,0.000744006014429033,0.000854446436278522,0.000927237211726606,0.000663915707264096,0.000767092977184802,0.000795324798673391,
2331.0,0.000835667713545263,0.000826047034934163,0.000740039220545441,0.000703107099980116,0.000617118552327156,0.000686707382556051,0.000714942056220025,0.000802909315098077,0.000733787775970995,0.00084336259169504,0.000714238150976598,0.000768889964092523,0.00082956871483475,0.000891337462235242,0.000836179766338319,0.000818958098534495,0.000762031588237733,0.000859968073200434,0.000906226399820298,0.000840382708702236,0.000667702581267804,0.000867226277478039,0.000636708573438227,0.000882020918652415,0.000857967825140804,0.000908649701159447,0.000804344366770238,0.000751775165554136,0.000611273979302496,0.000724873098079115,0.000693456269800663,0.0007684615557082,0.000959110038820654,0.00091128796339035,0.000819809909444302,0.00091664568753913,0.000748272577766329,0.000680359953548759,0.000631729373708367,0.000713240006007254,0.000831367389764637,0.000834268983453512,0.000734549015760422,0.000851343909744173,0.000923087645787746,0.000658315431792289,0.000763537886086851,0.0007913937442936,
2332.0,0.000827347219455987,0.000817766413092613,0.000725590565707535,0.000694304413627833,0.000613908749073744,0.000675769406370819,0.000706990249454975,0.000802674563601613,0.000728669867385179,0.000837550032883883,0.000694275600835681,0.000760803581215441,0.000826786912512034,0.000881038664374501,0.000828446820378304,0.00080879993038252,0.000745859229937196,0.000851362594403327,0.000894216180313379,0.000829865923151374,0.000663362327031791,0.000862683984450996,0.000629627727903426,0.000878593942616135,0.000851186458021402,0.000901728693861514,0.000792860519140959,0.000741504074539989,0.000604706117883325,0.000721118238288909,0.000684585538692772,0.00076089653884992,0.000944534025620669,0.000901334336958826,0.000815902021713555,0.000904112297575921,0.000731871637981385,0.000666065549012274,0.000623303756583482,0.000712796812877059,0.000826096686068922,0.000829513650387526,0.000725189282093197,0.000842024222947657,0.000917714030947536,0.000647833745460957,0.00075601163553074,0.000783482217229903,
2333.0,0.000818228872958571,0.000808945973403752,0.000712145876605064,0.000689589825924486,0.000605881563387811,0.000662516860757023,0.000705296115484089,0.000795393250882626,0.000713706598617136,0.00082402367843315,0.000682288722600788,0.000746609119232744,0.000820737448520958,0.000870167801622301,0.0008140888530761,0.000795190862845629,0.000730276573449373,0.000843462301418185,0.000883268716279417,0.000814753235317767,0.000656150106806308,0.000854579615406692,0.000617056619375944,0.000867096823640168,0.000841924746055156,0.000886963156517595,0.000781680690124631,0.000734101398847997,0.000593578617554158,0.000712325214408338,0.000677477160934359,0.000755240558646619,0.00092550105182454,0.000882587919477373,0.000805238436441869,0.000892010284587741,0.000723267148714513,0.000660742109175771,0.000614245363976806,0.000706335820723325,0.000818107451777905,0.000822527857962996,0.000719590345397592,0.000832887424621731,0.000908816640730947,0.000635953096207231,0.000743831275030971,0.000778303598053753,
2334.0,0.000810183526482433,0.000801134563516825,0.000703402212820947,0.000681938254274428,0.000593491189647466,0.000650363625027239,0.000694351852871478,0.000789793790318072,0.000694500398822129,0.000805650255642831,0.000666739244479686,0.000735943904146552,0.000815184146631509,0.000860693748109043,0.000802240276243538,0.000780793488956988,0.000715219299308956,0.00083045574137941,0.000869409646838903,0.00080273428466171,0.000645636522676796,0.000842367764562368,0.000612528121564537,0.000852849101647735,0.000839943939354271,0.000865954672917724,0.000772433821111918,0.000729207822587341,0.00058243895182386,0.000703190802596509,0.00066522927954793,0.000748854712583125,0.000906735192984343,0.00086875434499234,0.000796460604760796,0.000874881399795413,0.000715842703357339,0.000652513233944774,0.000607927853707224,0.000700343400239944,0.000816778105217963,0.00081362877972424,0.000714664231054485,0.000821094552520663,0.000895080214831978,0.000625107379164547,0.000727290404029191,0.000770241545978934,
2335.0,0.000793332466855645,0.000790027144830674,0.000690601475071162,0.000667000305838883,0.000579425832256675,0.00063679093727842,0.000677557021845132,0.00077618844807148,0.000679059943649918,0.000790004094596952,0.000654649396892637,0.000723318837117404,0.000806581694632769,0.000846248818561435,0.000790681282524019,0.000767067074775696,0.000696237897500396,0.000820967310573906,0.000850236625410616,0.000789363984949887,0.000633085146546364,0.000820008222945035,0.00060506840236485,0.000834333884995431,0.000827979703899473,0.000847591203637421,0.000759399787057191,0.00071451673284173,0.000569133437238634,0.000695239345077425,0.000647612498141825,0.000741283176466823,0.000887711183167994,0.000859419233165681,0.000784986012149602,0.000854356621857733,0.000707928265910596,0.000636807875707746,0.000594559940509498,0.000690545362886041,0.000803305418230593,0.000798774883151054,0.000705176033079624,0.000800628855358809,0.000878498889505863,0.000614914577454329,0.000709205574821681,0.00075378967449069,
2336.0,0.000781907059717923,0.000773111823946238,0.000680819095578045,0.000654611096251756,0.000561626860871911,0.000625653832685202,0.000668279535602778,0.000756321183871478,0.000660911144223064,0.000774063810240477,0.000653227732982486,0.000704089761711657,0.000785086187534034,0.000831004872452468,0.000778293469920754,0.000756319786887616,0.000679086719173938,0.000807597301900387,0.000831132405437529,0.000777437351644039,0.000619308790192008,0.00079862296115607,0.000596667057834566,0.000811397156212479,0.000808773213066161,0.000822890491690487,0.000743806827813387,0.000703776488080621,0.000556574261281639,0.000676575407851487,0.000634244410321116,0.00073252193396911,0.00087340798927471,0.000843570742290467,0.000772465602494776,0.000838522799313068,0.000702971068676561,0.000630233844276518,0.000584914290811867,0.000676691939588636,0.000785335258115083,0.000784112315159291,0.000689678359776735,0.000783728726673871,0.000858563231304288,0.000608738453593105,0.000693331239745021,0.000740457326173782,
2337.0,0.00077229441376403,0.000758409034460783,0.000673006405122578,0.000643981562461704,0.000545200309716165,0.000612777308560908,0.000657805532682687,0.000739451381377876,0.000649397552479059,0.000759217888116837,0.000646336411591619,0.00068622367689386,0.000761345727369189,0.00081904575927183,0.000770411745179445,0.000748820719309151,0.00066587224137038,0.000784819072578102,0.000810770492535084,0.000761998991947621,0.000608015339821577,0.000782349379733205,0.000594589859247208,0.000794949242845178,0.000790718186181039,0.000799252709839493,0.000726199592463672,0.000690474407747388,0.000544980866834521,0.000656595977488905,0.000618385907728225,0.000715224887244403,0.000863514665979892,0.000825161696411669,0.000757937843445688,0.000822967966087162,0.000692778266966343,0.000619093887507916,0.000574848847463727,0.000662279548123479,0.000770370359532535,0.000769125763326883,0.000674385810270905,0.000772377592511475,0.00084242009324953,0.000598158745560795,0.000680307508446276,0.000727833830751479,
2338.0,0.000758744135964662,0.000747652433346957,0.00065770122455433,0.00063070107717067,0.000534718157723546,0.000598637270741165,0.000644759798888117,0.00072123552672565,0.0006469622021541,0.000750174047425389,0.000638142053503543,0.000671043177135289,0.000747629557736218,0.000804725917987525,0.000761786126531661,0.00074275431688875,0.000647841894533485,0.00076775491470471,0.00079340988304466,0.000753647647798061,0.000596681144088507,0.000772308965679258,0.000583047338295728,0.000782490475103259,0.000767692748922855,0.000790741993114352,0.000705163984093815,0.000671221117954701,0.000528224336449057,0.000643016130197793,0.000607572728767991,0.000697802926879376,0.000851306249387562,0.000813326449133456,0.00074409757507965,0.00080966524546966,0.000675424817018211,0.000604086089879274,0.000564306974411011,0.000647056323941797,0.000749833590816706,0.000752160092815757,0.000656545802485198,0.000759911024942994,0.000827998504973948,0.00058719638036564,0.000665146217215806,0.000714737514499575,
2339.0,0.000748511462006718,0.000739809998776764,0.000643849722109735,0.000616092758718878,0.000520480505656451,0.00058617745526135,0.000637102115433663,0.000708999577909708,0.000638837518636137,0.000743320793844759,0.000627271307166666,0.000659614393953234,0.000731851207092404,0.000792193575762212,0.000751210609450936,0.00073214661097154,0.000635166536085308,0.000755393819417804,0.000778947782237083,0.000749093887861818,0.000589125615078956,0.000762599869631231,0.000570444040931761,0.000775188265834004,0.000749971601180732,0.000788027537055314,0.000692528556101024,0.000659023819025606,0.000514220795594156,0.000630531692877412,0.000606696645263582,0.000679496966768056,0.000836128310766071,0.000801912567112595,0.000732967222575098,0.000801785965450108,0.000664135499391705,0.000604636792559177,0.000559717824216932,0.000640486367046833,0.000737988215405494,0.000740698771551251,0.000640001089777797,0.000749961531255394,0.000820581393782049,0.000581394182518125,0.000655519193969667,0.000706983089912683,
2340.0,0.000741337717045099,0.000735100999008864,0.000636292330455035,0.000606726389378309,0.000510799116455019,0.00057652872055769,0.000630758935585618,0.00069656822597608,0.000631563307251781,0.000731726759113371,0.000616463192272931,0.000651563110295683,0.000720863812603056,0.000785513664595783,0.00073998310836032,0.000724309415090829,0.000636016018688679,0.000744954741094261,0.000765403849072754,0.000734233006369323,0.000583309272769839,0.000749827944673598,0.000562058063223958,0.000774442974943668,0.000743793090805411,0.000788105651736259,0.000687777297571301,0.00064304779516533,0.000504720432218164,0.000622684776317328,0.000602081476245075,0.000662864185869694,0.000820541405119002,0.000791834143456072,0.000716459646355361,0.000792541133705527,0.000656709948088974,0.000598822196479887,0.000552261422853917,0.000638824363704771,0.000729964522179216,0.000731172622181475,0.000632175127975643,0.000744515738915652,0.00082083570305258,0.00057392887538299,0.000644254148937762,0.000704828533343971,
2341.0,0.000738886126782745,0.000735943380277604,0.000631610804703087,0.00060147512704134,0.000509184552356601,0.000575735291931778,0.000623797299340367,0.000686986721120775,0.00063025375129655,0.000725743011571467,0.000607184018008411,0.000649552093818784,0.000721135933417827,0.000780552334617823,0.000730870699044317,0.000721085001714528,0.00063804117962718,0.000744180520996451,0.000755527231376618,0.000722944852896035,0.000580131367314607,0.000742517062462866,0.000552420853637159,0.000772057217545807,0.000741677999030799,0.000788665434811264,0.00068263232242316,0.0006308559095487,0.000495627871714532,0.000621957529801875,0.000595859775785357,0.000660087971482426,0.000810953497420996,0.000791940314229578,0.000707569473888725,0.000783393858000636,0.000647813663817942,0.000584508350584656,0.000547434377949685,0.000639218545984477,0.00072170264320448,0.000719655712600797,0.000627743196673691,0.000736664631403983,0.000814551662188023,0.00057510647457093,0.000630428723525256,0.000707396422512829,
2342.0,0.000735013629309833,0.000730555388145149,0.000626803899649531,0.000596661760937423,0.000505779695231467,0.000574700068682432,0.000624445849098265,0.000688102620188147,0.000625890796072781,0.000716853595804423,0.000598258280660957,0.000645103631541133,0.000715993286576122,0.000773737381678075,0.000724648998584598,0.000714705791324377,0.000639263016637415,0.000740740390028805,0.00075033720349893,0.000715171219781041,0.000581909844186157,0.000736011017579585,0.000548284500837326,0.000765525212045759,0.000740491726901382,0.000781742157414556,0.00067735998891294,0.000623554515186697,0.000494143692776561,0.000623766507487744,0.000591163348872215,0.000655312440358102,0.000809240329544991,0.000789042853284627,0.000702363206073642,0.000778282468672842,0.000649384048301727,0.00058039411669597,0.000542004650924355,0.000642251223325729,0.000719128001946956,0.00071168428985402,0.000622223829850554,0.000729809631593525,0.000806773721706122,0.000576504971832037,0.000625727232545614,0.000703838712070137,
2343.0,0.000731758424080908,0.000719150179065764,0.000622732331976295,0.000594824086874723,0.000507639080751687,0.000574155012145638,0.000623587635345757,0.000685065344441682,0.00062099628848955,0.000704108620993793,0.00059362209867686,0.000636083073914051,0.000706185644958168,0.000768806145060807,0.000718460825737566,0.000710453663486987,0.000641819438897073,0.000731595559045672,0.000746684439945966,0.000704782491084188,0.000580692605581135,0.000727444537915289,0.000547459232620895,0.000759277492761612,0.000740456045605242,0.000769978039897978,0.000674624752718955,0.000617953308392316,0.000491907179821283,0.000620975624769926,0.000579598010517657,0.000649262510705739,0.000806004507467151,0.000778481655288488,0.000697175331879407,0.000771567574702203,0.000646981818135828,0.000573325727600604,0.000535853556357324,0.000632960058283061,0.000717712042387575,0.000703013618476689,0.000616773555520922,0.000733126944396645,0.000795120955444872,0.000566342088859528,0.000622472143732011,0.000696808798238635,
2344.0,0.000723926117643714,0.000712698383722454,0.000613633194006979,0.000593057833611965,0.000508896657265723,0.000566830800380558,0.000614375690929592,0.000679737771861255,0.000615414988715202,0.000703475263435394,0.000591880991123617,0.000626807275693864,0.000698577496223152,0.00075943156844005,0.000711110536940396,0.000703668221831322,0.000639405334368348,0.000725435384083539,0.00074377004057169,0.000699526746757329,0.000574251462239772,0.000725245277862996,0.000540743232704699,0.000752532272599638,0.000735670619178563,0.000751939020119607,0.000667641987092793,0.00062044122023508,0.000489438243675977,0.000618988007772714,0.000565399823244661,0.000643599021714181,0.000804576964583248,0.000769227859564126,0.000699426454957575,0.000759247690439224,0.000636569398920983,0.000566362170502543,0.000530127435922623,0.000621872197370976,0.000711263448465616,0.000694371468853205,0.000611406576354057,0.000728796236217022,0.000778894172981381,0.000556783168576658,0.000617252429947257,0.000686254468746483,
2345.0,0.000705895945429802,0.00069834355963394,0.000599834835156798,0.00058316468494013,0.000498721725307405,0.000551815261133015,0.000605649140197784,0.000674391048960388,0.000610085495281965,0.000700611795764416,0.000587357382755727,0.000612607458606362,0.000686719024088234,0.00074184505501762,0.000695417751558125,0.000691851950250566,0.000625222106464207,0.000713940768036991,0.000742721313145012,0.000698313815519214,0.000561229535378516,0.000722579017747194,0.000533111509867013,0.000740021467208862,0.000727445585653186,0.000734367873519659,0.000653361377771944,0.00061879784334451,0.000490022473968565,0.000615960103459656,0.000560399785172194,0.000632469833362848,0.000799240719061345,0.000753038097172976,0.000691530993208289,0.000741846393793821,0.000630375812761486,0.000563388166483492,0.000519504828844219,0.0006127500673756,0.00070339668309316,0.000684230646584183,0.000601941137574613,0.000719630334060639,0.000767272082157433,0.000542331603355706,0.000614057877101004,0.000665998784825206,
2346.0,0.000688993779476732,0.000683372723869979,0.000587529561016709,0.000572936376556754,0.000486315548187122,0.000538901367690414,0.000590851937886328,0.00065934204030782,0.000600439496338367,0.000698108575306833,0.000572435033973306,0.000604125089012086,0.000671514426358044,0.00073042418807745,0.000673305767122656,0.00067686167312786,0.00061126216314733,0.000706096179783344,0.000735521782189608,0.0006923460168764,0.000547573319636285,0.000713766552507877,0.000523101538419724,0.000726257974747568,0.00071216159267351,0.000722756143659353,0.000649352208711207,0.000612261123023927,0.000477097317343578,0.000605080334935337,0.000550953147467226,0.000622456602286547,0.000786086544394493,0.000734728877432644,0.000677277974318713,0.000726288591977209,0.000619669328443706,0.000556508544832468,0.000513714330736548,0.000598620332311839,0.000691297755111009,0.000671087414957583,0.000591188610997051,0.000708159408532083,0.000755936256609857,0.000524579605553299,0.000608141010161489,0.000646942236926407,
2347.0,0.000671570945996791,0.000674604380037636,0.000571642362046987,0.000565344351343811,0.000472609244752675,0.000522478600032628,0.000571015989407897,0.00064425211166963,0.000581622938625515,0.000693152367603034,0.000563449808396399,0.00059656664961949,0.000658329692669213,0.000716657901648432,0.000654929259326309,0.000659444543998688,0.000594114419072866,0.000695402559358627,0.000724181008990854,0.000677771866321564,0.000537263054866344,0.000697277777362615,0.000504415773320943,0.000706859573256224,0.000694299291353673,0.000709290616214275,0.000639231060631573,0.000600654107984155,0.000465971068479121,0.000594124139752239,0.000531640602275729,0.000612044415902346,0.000767071556765586,0.000718723400495946,0.000665696803480387,0.000711095286533237,0.000604598433710635,0.000549113494344056,0.000506539305206388,0.000584923021961004,0.00067161803599447,0.000663743237964809,0.000583872315473855,0.000684013473801315,0.000739066977985203,0.000513449194841087,0.000595245219301432,0.000629457703325897,
2348.0,0.000655741372611374,0.000657219381537288,0.00056070473510772,0.000556057842914015,0.000457919697510079,0.000510731362737715,0.000559764332138002,0.000633521471172571,0.000569176161661744,0.000677749398164451,0.000559117877855897,0.000589446455705911,0.000649989699013531,0.000701850280165672,0.000637421675492078,0.000649184628855437,0.0005705650546588,0.000685574428644031,0.000711035565473139,0.000666554376948625,0.000528089527506381,0.000685216684360057,0.000486696226289496,0.000680810422636569,0.000679407035931945,0.000701826706063002,0.000626939116045833,0.000583005894441158,0.000458155845990404,0.000583887798711658,0.000522605783771724,0.000604704429861158,0.000743759621400386,0.000703702971804887,0.000649215362500399,0.000699076394084841,0.000594470533542335,0.000540523673407733,0.000496255233883858,0.000567677430808544,0.00065483374055475,0.000653880008030683,0.000574480043724179,0.000669695495162159,0.000723025703337044,0.000505311007145792,0.000584134133532643,0.000616468547377735,
2349.0,0.000644191342871636,0.000638351310044527,0.000552678306121379,0.000549747375771403,0.000444974459242076,0.000502294627949595,0.000548207142855972,0.00062585313571617,0.000553610094357282,0.000662957550957799,0.000547232921235263,0.000582813459914178,0.00064607773674652,0.000690847053192556,0.000627162924502045,0.000635925680398941,0.000562219705898315,0.000678912387229502,0.000700406031683087,0.000655256735626608,0.000520882720593363,0.000674131966661662,0.000476309534860775,0.000662662496324629,0.000665256113279611,0.000695001101121306,0.000628442212473601,0.000565134279895574,0.000442361255409196,0.00057232758263126,0.000509104400407523,0.000595272285863757,0.000729480059817433,0.000692865345627069,0.000639404461253434,0.000692783680278808,0.000585091882385314,0.000534280203282833,0.000487607903778553,0.000553756603039801,0.000641809427179396,0.000645044783595949,0.000563862209673971,0.000652135233394802,0.000707223312929273,0.000502275477629155,0.000573109195102006,0.000609037990216166,
2350.0,0.000635339762084186,0.000633470888715237,0.000547858071513474,0.000546076218597591,0.000437212380347773,0.000497679167892784,0.000534190679900348,0.000621125218458474,0.000541572168003768,0.000646474421955645,0.000543103145901114,0.000572189455851913,0.000640807615127414,0.000680873927194625,0.000630196300335228,0.000624909880571067,0.000556867220439017,0.000665288942400366,0.000694917980581522,0.000641466758679599,0.00051012629410252,0.000658724457025528,0.000466996600152925,0.000653712602797896,0.000662170408759266,0.000684970233123749,0.000622450781520456,0.000552862125914544,0.00043766331509687,0.000559946754947305,0.0004958615754731,0.000587713904678822,0.000720422249287367,0.000689956767018884,0.00063660106388852,0.000685505394358188,0.000579396146349609,0.000528893957380205,0.000477351946756244,0.000550594413653016,0.000633534975349903,0.000641639344394207,0.000557847262825817,0.000639001373201609,0.000695465132594109,0.000501769944094121,0.000562608009204268,0.000603868975304067,
2351.0,0.000630713882856071,0.000630919879768044,0.000553030346054584,0.000543001689948142,0.000435006048064679,0.000502781360410154,0.000533020705915987,0.000618145742919296,0.000544246460776776,0.000641359249129891,0.000540187815204263,0.000568672781810164,0.000642817874904722,0.000677364936564118,0.000635999778751284,0.000627176486887038,0.000554578204173595,0.000666526728309691,0.000691387802362442,0.000637312536127865,0.000502462091390044,0.000662414764519781,0.000467986770672724,0.000652270042337477,0.000662236183416098,0.000682675861753523,0.000619105063378811,0.000555569306015968,0.000435525900684297,0.000557259714696556,0.000504140625707805,0.00058701861416921,0.000720837560947984,0.000694615533575416,0.000635280797723681,0.000684272905346006,0.000580006919335574,0.000522767775692046,0.000472321989946067,0.000548658950719982,0.000629830348771065,0.000635441450867802,0.000558610539883375,0.000641723454464227,0.0006976387812756,0.000503004586789757,0.000564356392715126,0.000604191038291901,
2352.0,0.000633121177088469,0.000635326025076211,0.000555926002562046,0.000542364257853478,0.00043181431828998,0.000509621982928365,0.000539441243745387,0.000623097294010222,0.000547327392268926,0.000649662513751537,0.000532517093233764,0.000567903916817158,0.000647494045551866,0.000679238175507635,0.000644158048089594,0.000636314682196826,0.000568721385207027,0.000665239873342216,0.000695597031153739,0.000638500845525414,0.000509527104441077,0.000668800552375615,0.000476179033285007,0.000661681056953967,0.000663058133795857,0.000681186327710748,0.000618190504610538,0.000562412780709565,0.000436936214100569,0.000561577675398439,0.000509380013681948,0.000587293354328722,0.000732638291083276,0.000699851545505226,0.000637213641311973,0.000687200052198023,0.000577673083171248,0.000518027110956609,0.000473874475574121,0.00055255857296288,0.000634620024356991,0.000643925624899566,0.000560605607461184,0.000633236719295383,0.000707459228578955,0.00050855812150985,0.000568724412005395,0.000605028297286481,
2353.0,0.000642800470814109,0.000650025496724993,0.000560275977477431,0.000546277442481369,0.000438383751315996,0.000518933404237032,0.000546474184375256,0.000626370019745082,0.000561210850719363,0.000659750541672111,0.000537062296643853,0.000576651364099234,0.000653630413580686,0.000696764618624002,0.000653745548333973,0.000652785878628492,0.000581597036216408,0.00066519487882033,0.000700339034665376,0.000647632463369519,0.000522759626619518,0.000671771878842264,0.00048471731133759,0.000675628078170121,0.00067801441764459,0.000688228057697415,0.00061096582794562,0.000569899741094559,0.000451766449259594,0.000567712297197431,0.000516466156113893,0.000596490048337728,0.000741041847504675,0.000709934800397605,0.000647982291411608,0.000695570081006736,0.000577574712224305,0.00052123109344393,0.000483781157527119,0.000561319116968662,0.000644233601633459,0.000654850155115128,0.000562929955776781,0.00063597405096516,0.000720277370419353,0.000509952544234693,0.000580369611270726,0.000604918168392032,
2354.0,0.000657378055620939,0.000663793529383838,0.000572086777538061,0.000551818986423314,0.000455055705970153,0.000526680203620344,0.000562729022931308,0.000632815062999725,0.000575681915506721,0.000673207629006356,0.00055010081268847,0.00059159251395613,0.000665580329950899,0.000715904810931534,0.000662070757243782,0.000669096247293055,0.000592807016801089,0.000678480311762542,0.000709521933458745,0.000663022568915039,0.000537213287316263,0.000685860053636134,0.000500039546750486,0.000693256908562034,0.00069683330366388,0.000707081984728575,0.000614044722169638,0.000583900779020041,0.000464203127194196,0.000585541245527565,0.000534013088326901,0.000608780537731946,0.000750367005821317,0.000722382974345237,0.000662237405776978,0.000708587060216814,0.000582644483074546,0.000531689380295575,0.000500162655953318,0.000567244249396026,0.000658351054880768,0.000662883569020778,0.000573325494769961,0.00064890319481492,0.000731326872482896,0.000514574465341866,0.000596362573560327,0.000612238305620849,
2355.0,0.000674684357363731,0.000680774333886802,0.000581979868002236,0.000560560147278011,0.000472415384138003,0.000531095778569579,0.000582176027819514,0.000648543238639832,0.000584166496992111,0.000686253304593265,0.000560821499675512,0.000603896041866392,0.000674346927553415,0.00072664296021685,0.000672849593684077,0.000681131088640541,0.000610492017585784,0.000684444792568684,0.000725278106983751,0.000679240038152784,0.000549467746168375,0.000697112234774977,0.000509914709255099,0.000713291170541197,0.000716840906534344,0.000721196935046464,0.000625315879005939,0.000596442783717066,0.000477816764032468,0.000602211395744234,0.000545795075595379,0.000623022904619575,0.000762522919103503,0.000735905836336315,0.00066789920674637,0.000724809302482754,0.000592394324485213,0.000542341032996774,0.000512286671437323,0.000579279789235443,0.000672935624606907,0.000678029551636428,0.00058955664280802,0.000659326033201069,0.000746638630516827,0.000524422619491816,0.000605399312917143,0.000622982624918222,
2356.0,0.00068922498030588,0.00069528172025457,0.000591277668718249,0.000573171710129827,0.000491549610160291,0.000538527790922672,0.000595429504755884,0.000658933247905225,0.000593558710534126,0.00069491210160777,0.000569860567338765,0.000616952660493553,0.000687850872054696,0.000741553783882409,0.000686109764501452,0.000686301267705858,0.00062616664217785,0.000698232441209257,0.000741643481887877,0.000695684517268091,0.000556104525458068,0.000708594219759107,0.00051857519429177,0.000730388856027275,0.000738487637136132,0.000737351074349135,0.000641444814391434,0.000612480624113232,0.000491867016535252,0.000615743396338075,0.000557325896807015,0.000639913079794496,0.000772366765886545,0.000747405574657023,0.000675146351568401,0.000747216225136071,0.000609417445957661,0.000560036860406399,0.000520773639436811,0.00059006194351241,0.00068434263812378,0.00068211043253541,0.000601533509325236,0.000683552119880915,0.000764898722991347,0.000529643206391484,0.000617164361756295,0.000634077179711312,
2357.0,0.000704114208929241,0.000710309075657278,0.000603082764428109,0.000581352971494198,0.000506082666106522,0.000547382922377437,0.000608539383392781,0.000666596577502787,0.000597187608946115,0.000697238952852786,0.000577157887164503,0.000627573870588094,0.000704890117049217,0.000750584877096117,0.000703855184838176,0.000692849105689675,0.000633768271654844,0.000715264002792537,0.000759492046199739,0.000702932302374393,0.000559442793019116,0.000720192969311029,0.000529076205566525,0.000744727964047343,0.000747199868783355,0.000760144495870918,0.000663863669615239,0.000632158538792282,0.000496688298881054,0.000629379937890917,0.000568451650906354,0.000647974258754402,0.000787501747254282,0.000758162175770849,0.00067930156365037,0.000763371936045587,0.000628997862804681,0.000572396791540086,0.000526301970239729,0.000598265964072198,0.000700101372785866,0.000691725115757436,0.000610625836998224,0.000705114391166717,0.000777307664975524,0.000536530278623104,0.000632459355983883,0.000650457048323005,
2358.0,0.000713338260538876,0.000723126286175102,0.000609500741120428,0.000587717047892511,0.000511259131599218,0.000553330581169575,0.00061759288655594,0.000674065609928221,0.000599564518779516,0.000699142809025943,0.000584096182137728,0.000635647622402757,0.000718737428542227,0.000751979532651603,0.000714805093593895,0.000703056808561087,0.000639931065961719,0.000725526013411582,0.000771580263972282,0.000707400962710381,0.000559791515115649,0.000725800695363432,0.000531062134541571,0.000754601089283824,0.000753501255530864,0.000772397557739168,0.000680741912219673,0.000648685963824391,0.000497349654324353,0.000632591894827783,0.000572773569729179,0.000655222975183278,0.000806059455499053,0.000769609352573752,0.000684121099766344,0.000776428089011461,0.000639942823909223,0.000581105472519994,0.000531144381966442,0.000604151573497802,0.000701959943398833,0.000708001374732703,0.000618028396274894,0.000713659508619457,0.000789097452070564,0.000542786787264049,0.000642863742541522,0.000662051781546324,
2359.0,0.000709616055246443,0.000725678401067853,0.000611467461567372,0.000597918871790171,0.000510468089487404,0.000555896491277963,0.000617558136582375,0.00067896960536018,0.000601729960180819,0.000699790543876588,0.000592694152146578,0.000643504259642214,0.000729759922251105,0.000757647969294339,0.000717584334779531,0.000707191182300448,0.000644176790956408,0.000737981055863202,0.00078479282092303,0.000711839005816728,0.000562549568712711,0.000734277593437582,0.000533504586201161,0.000759364163968712,0.000757673115003854,0.000781095179263502,0.000689380336552858,0.000658423581626266,0.000499189598485827,0.000630365393590182,0.000579052255488932,0.00066287413937971,0.000820531568024307,0.000767616904340684,0.000696991279255599,0.000787827768363059,0.000644899264443666,0.000586008012760431,0.000534412683919072,0.000606654735747725,0.000704829173628241,0.000713060435373336,0.000614650896750391,0.000722011784091592,0.000794439867604524,0.0005398282664828,0.00064587639644742,0.000674379582051188,
2360.0,0.000705055077560246,0.000723707722499967,0.000612351577728987,0.000604204542469233,0.000511254707816988,0.000559658044949174,0.000612515315879136,0.000684117898344994,0.000603564374614507,0.000697969284374267,0.00060464657144621,0.000645475345663726,0.000732469896320254,0.000761401373893023,0.000715749396476895,0.000709265295881778,0.000637075630947948,0.000739511917345226,0.000789457641076297,0.000711258326191455,0.000561393331736326,0.000739123905077577,0.000542926019988954,0.000761140079703182,0.000747145968489349,0.000788130040746182,0.00069160561542958,0.00065516639733687,0.000495001382660121,0.000624803535174578,0.000587179965805262,0.000663728569634259,0.000831518147606403,0.000766832381486893,0.000702018267475069,0.000785352080129087,0.000643743318505585,0.000582658976782113,0.000532397301867604,0.000606424815487117,0.000710089108906686,0.00071499974001199,0.00060904526617378,0.000722099270205945,0.000792204053141177,0.00053566339192912,0.000645132211502641,0.000686957209836692,
2361.0,0.000699617667123675,0.000716744281817228,0.000611476600170136,0.000605844310484827,0.000514492159709334,0.000563138513825834,0.000603952503297478,0.000685821054503322,0.00060612108791247,0.000700158241670579,0.00061240530340001,0.00063392985612154,0.000724539568182081,0.000755673856474459,0.000702333287335932,0.000707075465470552,0.000629418878816068,0.000733096210751683,0.000783681753091514,0.000711305590812117,0.000555476639419794,0.000745811616070569,0.000543499540071934,0.00075667689088732,0.000733567343559116,0.000779584224801511,0.000684535421896726,0.000646427448373288,0.000486474047647789,0.000614056887570769,0.000587745918892324,0.000664093007799238,0.000830331933684647,0.000768684898503125,0.000701313314493746,0.000774565793108195,0.000629987742286175,0.0005800302606076,0.000531951780430973,0.000598532846197486,0.000700238917488605,0.000708411098457873,0.000608830770943314,0.00071889377431944,0.000789183541201055,0.000537105952389538,0.000635723117738962,0.000686842249706388,
2362.0,0.000689999607857317,0.000704447156749666,0.000606915913522244,0.000600462430156767,0.000505816133227199,0.000562658999115229,0.000595858204178512,0.000683798687532544,0.000597369158640504,0.000701344863045961,0.000612403557170182,0.000616147648543119,0.000711917411535978,0.000748155056498945,0.000694339454639703,0.000693801383022219,0.00062985991826281,0.000727994600310922,0.00077963067451492,0.000708820938598365,0.000553527672309428,0.000744369986932725,0.000537007465027273,0.000741846801247448,0.000723263947293162,0.000765352218877524,0.000672447436954826,0.000634660420473665,0.000484642339870334,0.000608146714512259,0.000580784340854734,0.000662469596136361,0.000813708174973726,0.000752525578718632,0.000693210691679269,0.000766480632591993,0.000625256623607129,0.00056467205286026,0.000520830042660236,0.000596434634644538,0.000700508826412261,0.000692057423293591,0.000605963636189699,0.000720305135473609,0.000782879069447517,0.000536245061084628,0.000625633867457509,0.000683854683302343,
2363.0,0.000688380852807313,0.0006923345499672,0.000595189689192921,0.000584986177273095,0.00048980355495587,0.000553303165361285,0.000579400511924177,0.000670911686029285,0.000576570397242904,0.000693882582709193,0.000600768311414868,0.000595263845752925,0.000692777393851429,0.000736587098799646,0.000685248931404203,0.00067847257014364,0.000619192491285503,0.000713357178028673,0.000760263064876199,0.00070105423219502,0.000547693751286715,0.000722699973266572,0.000533721060492098,0.000725369201973081,0.000706292397808284,0.000751884013880044,0.000657097436487675,0.000621780578512698,0.000477999856229872,0.000604730739723891,0.000565292022656649,0.000646448053885251,0.0007890589768067,0.000736811896786094,0.000679621123708785,0.00074856064748019,0.000617226294707507,0.000547715462744236,0.000500418420415372,0.000587451970204711,0.000698186340741813,0.000676307012327015,0.000592666154261678,0.000706113409250975,0.000767527846619487,0.000536035397090018,0.000613183889072388,0.000670308247208595,
2364.0,0.000684390310198069,0.000678808835800737,0.000579621933866292,0.00056314206449315,0.000471152568934485,0.000537093204911798,0.000560699903871864,0.000644153915345669,0.000559349777176976,0.000677824718877673,0.000576046295464039,0.000574634002987295,0.000671813730150461,0.000721377669833601,0.000664730265270919,0.000661119527649134,0.000600629486143589,0.000698005896992981,0.000735857989639044,0.000683102756738663,0.000535368802957237,0.000698984775226563,0.000519587949384004,0.00070820958353579,0.000687867926899344,0.000736076442990452,0.000639840436633676,0.000608147704042494,0.000465801334939897,0.000591768242884427,0.00054359418572858,0.00062347634229809,0.000762798881623894,0.000723942881450057,0.000670139794237912,0.000728926155716181,0.000597577600274235,0.000533546728547663,0.000486144621390849,0.000573521829210222,0.000681705423630774,0.000658935343381017,0.000576775753870606,0.000684960221406072,0.000748481485061347,0.00053327705245465,0.000601098930928856,0.00064217031467706,
2365.0,0.000664827006403357,0.000658228527754545,0.000563548528589308,0.000538777792826295,0.000446469581220299,0.000511421938426793,0.000546493392903358,0.000618780381046236,0.000538049556780607,0.000654945673886687,0.000548985553905368,0.000558597326744348,0.000648887944407761,0.000703648896887898,0.000648029323201627,0.000632045441307127,0.000584094086661935,0.000679971242789179,0.000713732850272208,0.000658737728372216,0.000519229855854064,0.000666742969769984,0.000498312991112471,0.000693764653988183,0.000672152731567621,0.00071675464278087,0.000621780578512698,0.000585910747759044,0.000452495907666162,0.000573576719034463,0.000523750844877213,0.000602923450060189,0.000737891590688378,0.000695952097885311,0.000657183292787522,0.000714169873390347,0.000584337045438588,0.000514004728756845,0.000463987962575629,0.000564448477234691,0.000666615436784923,0.000638136523775756,0.000560181506443769,0.00065721053397283,0.000719798554200679,0.000512822298333049,0.000591679243370891,0.000613717304076999,
2366.0,0.000644404790364206,0.000633815885521472,0.000546077964827418,0.000521306181326509,0.000427292281528935,0.000483449577586725,0.000526047486346215,0.000593812030274421,0.000519887427799404,0.000627995643299073,0.000524563307408243,0.000550118624232709,0.00062225729925558,0.000678425130899996,0.000630164460744709,0.000609535374678671,0.000555432459805161,0.000652936636470258,0.000683867663610727,0.000636949029285461,0.000497515895403922,0.000633413845207542,0.000474969507195055,0.00068057986209169,0.000646837404929101,0.000699975935276598,0.000601927284151316,0.000560543208848685,0.000435710651800036,0.000550261698663235,0.00050160416867584,0.000575405487325042,0.000717588583938777,0.000668558001052588,0.000644706771709025,0.000690447981469333,0.000559313106350601,0.000498605309985578,0.000442065414972603,0.000541417568456382,0.000644351588562131,0.000618946272879839,0.000540650973562151,0.000621722429059446,0.000689681270159781,0.000490535050630569,0.000572219665627927,0.000589315721299499,
2367.0,0.000622188614215702,0.000604227068834007,0.000529497221577913,0.000505532894749194,0.000409304280765355,0.000470220838906243,0.000512581842485815,0.000571415235754102,0.00051439122762531,0.000606810615863651,0.000510842190124094,0.00053975114133209,0.000605360022746027,0.000660135818179697,0.000607927504461259,0.000595281657297164,0.000528006348758936,0.000631322094704956,0.000657331082038581,0.000609130947850645,0.000475604174425825,0.000615905970335007,0.000448194448836148,0.00065834482666105,0.000621398037765175,0.000680129625834525,0.000578096660319716,0.000530452001839876,0.00042203240445815,0.000522736285347492,0.00048209959641099,0.000550538068637252,0.000696759030688554,0.000649758381769061,0.000628114328719676,0.000668915861751884,0.000532029487658292,0.000483372888993472,0.000428573635872453,0.000519549415912479,0.000619806873146445,0.000598482380155474,0.000526126241311431,0.000604074797593057,0.000670587178319693,0.000469969731057063,0.000552214041817933,0.00056895287707448,
2368.0,0.000599045655690134,0.000576786405872554,0.000516847183462232,0.00048850430175662,0.000393880472984165,0.000457607500720769,0.000502641894854605,0.000562099274247885,0.000507733668200672,0.000593580130953342,0.000498119043186307,0.000527211814187467,0.000592555152252316,0.000642627303022891,0.000594607030507177,0.000582827255129814,0.000514652230776846,0.000611965719144791,0.000637806893792003,0.000586445385124534,0.000464364275103435,0.000604291562922299,0.000427272345405072,0.000637018994893879,0.000600000377744436,0.000654550560284406,0.000557809602469206,0.000505501113366336,0.000407623243518174,0.000504456402268261,0.000470462400699034,0.000537254964001477,0.000676949450280517,0.000630447408184409,0.000600594328716397,0.00064660090720281,0.000518350279890001,0.000462591415271163,0.000416496448451653,0.000505550240632147,0.000599764112848789,0.000579049868974835,0.000511408317834139,0.000592635304201394,0.000654856441542506,0.0004511117876973,0.000536670442670584,0.000554589263629168,
2369.0,0.000585345725994557,0.000559776264708489,0.000505488133057952,0.000481681519886479,0.000387190462788567,0.00045071030035615,0.000495620828587562,0.00055522657930851,0.000501349160913378,0.000582542619667947,0.000481128343380988,0.000522144604474306,0.000583850312978029,0.000623243569862098,0.000587865710258484,0.000578945502638817,0.000506070733536035,0.000598652753978968,0.000622748397290707,0.000584893627092242,0.000459233473520726,0.000589369446970522,0.00041541614336893,0.000614949909504503,0.000585567613597959,0.000641681021079421,0.000545061775483191,0.000496853026561439,0.000396495830500498,0.000498155481182039,0.000459619070170447,0.000527496624272317,0.000665769097395241,0.000616680830717087,0.000573964789509773,0.000632152252364904,0.000508757308125496,0.00044875851017423,0.000414058769820258,0.000488356628920883,0.000583639484830201,0.000565581896807998,0.000501418835483491,0.000581141910515726,0.000646645727101713,0.000449905754067004,0.000520821136888117,0.000547847419511527,
2370.0,0.000575133191887289,0.000550139404367656,0.000499688496347517,0.000480147049529478,0.000385752937290818,0.000451691070338711,0.00048945692833513,0.000546332797966897,0.000496984575875103,0.00057357712648809,0.000469200982479379,0.000516214058734477,0.000578720530029386,0.000621083134319633,0.000575409911107272,0.000576391408685595,0.000501204747706652,0.00059067877009511,0.000619635335169733,0.00058283080579713,0.000452792650321499,0.000584649969823658,0.00041292465175502,0.000599702994804829,0.000583580636885017,0.000636668701190501,0.000537238025572151,0.000497044122312218,0.000392367684980854,0.000500814523547888,0.000457743823062629,0.000523402588441968,0.000658062461297959,0.00061932229436934,0.00055307085858658,0.000626002147328109,0.000507635879330337,0.00044116607750766,0.000415490358136594,0.000475370819913223,0.000571947719436139,0.00056143692927435,0.000496367632877082,0.000579957035370171,0.00064022553851828,0.000450386170996353,0.000509269186295569,0.000541759596671909,
2371.0,0.000571392825804651,0.000550631782971323,0.000498873996548355,0.000479831884149462,0.000384423008654267,0.000443744938820601,0.000476908811833709,0.000541631481610239,0.000494694977533072,0.000569816038478166,0.000460255454527214,0.000513820501510054,0.000574488483835012,0.000616885547060519,0.000560803979169577,0.000573972356505692,0.0005012511392124,0.000586601323448122,0.000626489927526563,0.000578204228077084,0.00045446926378645,0.000584389083087444,0.000413694448070601,0.000596006226260215,0.000587727990932763,0.000632440613117069,0.000544315436854959,0.000509170116856694,0.000391193520044908,0.00050641194684431,0.0004609796742443,0.000525519251823425,0.000656034098938107,0.00061844359152019,0.000545257935300469,0.000616719014942646,0.000510883692186326,0.000440458330558613,0.000416411989135668,0.000468469952465966,0.000567489129025489,0.000562950037419796,0.000491912011057138,0.00057480891700834,0.000633191433735192,0.000452012842288241,0.000514668179675937,0.000541577697731555,
2372.0,0.000574747275095433,0.000560836924705654,0.00050299521535635,0.000483184412587434,0.000381332327378914,0.000440675561549142,0.000470349506940693,0.000539583328645676,0.000494022620841861,0.000566097442060709,0.00045421120012179,0.00051606196211651,0.000574253674130887,0.00061375938821584,0.000559582782443613,0.00057592213852331,0.000501044269185513,0.000594066164921969,0.000626982364337891,0.00058704218827188,0.000456723617389798,0.000578865932766348,0.000418053823523223,0.000595849298406392,0.000594170182012022,0.000635138247162104,0.000552958925254643,0.000521890062373132,0.000391215522540733,0.000509586534462869,0.000459876842796803,0.00052519264863804,0.000658651115372777,0.000610869377851486,0.000549270655028522,0.000616571574937552,0.00051184999756515,0.000452417472843081,0.000418863201048225,0.000464141165139154,0.000570745265576988,0.000558554078452289,0.00049307948211208,0.000569073774386197,0.000622603576630354,0.000458809023257345,0.000522120040841401,0.00054389686556533,
2373.0,0.000575103505980223,0.000569790485315025,0.00051086227176711,0.000480322662042454,0.000383728533051908,0.000443458557128906,0.000469192193122581,0.00053958990611136,0.000498157052788883,0.000565727357752621,0.000460062787169591,0.000516316795255989,0.000567620911169797,0.000624383799731731,0.00056348112411797,0.000575772486627102,0.00049988244427368,0.000601221108809114,0.000627176777925342,0.000586596375796944,0.000455240369774401,0.000585612608119845,0.000428355328040197,0.000602773739956319,0.000601666630245745,0.000639260571915656,0.000552559562493116,0.000524740433320403,0.000392560206819326,0.000509189732838422,0.000460697308881208,0.000523118476849049,0.000662986538372934,0.000616672390606254,0.000555679376702756,0.000610249175224453,0.000516511092428118,0.000458880764199421,0.000423181656515226,0.000462247524410486,0.000572744756937027,0.00056008220417425,0.000492625404149294,0.000579738756641746,0.000619641097728163,0.00046028065844439,0.00052648555720225,0.000540469598490745,
2374.0,0.000577321217861027,0.00057532952632755,0.000510648009367287,0.000474238826427609,0.000382397818611935,0.000440832751337439,0.000473238760605454,0.000543139758519828,0.000503376126289368,0.000575957586988807,0.0004714950628113,0.00051649275701493,0.000565076596103609,0.000629659276455641,0.000561198627110571,0.000571581011172384,0.000500287977047265,0.000606220972258598,0.000626593013294041,0.0005809988360852,0.000462846946902573,0.000591439486015588,0.000438540359027684,0.000609418435487896,0.000605737208388746,0.000638135534245521,0.000552712939679623,0.000529950018972158,0.000395489332731813,0.000504376017488539,0.000462822004919872,0.0005261892802082,0.000666757638100535,0.00061529251979664,0.000564272631891072,0.000605307752266526,0.000518676883075386,0.000464127399027348,0.000424298137659207,0.000466149882413447,0.000578371167648584,0.000561021210160106,0.000493094965349883,0.000586614129133523,0.000628107169177383,0.000455127679742873,0.000530710676684976,0.000540857319720089,
2375.0,0.000580276479013264,0.000578465929720551,0.000508983270265162,0.000472201267257333,0.000380428711650893,0.000439103227108717,0.000477884546853602,0.000547138857655227,0.000500105961691588,0.00058313668705523,0.000474174099508673,0.000512639293447137,0.000564054644200951,0.000632470066193491,0.000573273107875139,0.000568867370020598,0.000503734103403986,0.000608270056545734,0.000623343046754599,0.000588591094128788,0.000465901393909007,0.000587757909670472,0.000442365184426308,0.000614679360296577,0.000601699808612466,0.000627217930741608,0.000550464901607484,0.000528827484231442,0.000395969545934349,0.00050104089314118,0.000461893854662776,0.000527562282513827,0.000674444541800767,0.000616194505710155,0.000571318727452308,0.00061247666599229,0.000516244384925812,0.000469983991933987,0.000421209930209443,0.000470694940304384,0.000580232357606292,0.000558688305318356,0.000497304077725858,0.000582374806981534,0.000628214853350073,0.000446327816462144,0.000523404509294778,0.000543584232218564,
2376.0,0.000576197518967092,0.000571700220461935,0.000502356968354434,0.000470936967758462,0.000387640291592106,0.000438543909694999,0.000483030045870692,0.00055029452778399,0.000489998201373965,0.000583948742132634,0.000476506276754662,0.000508145487401634,0.000555403239559382,0.000634432130027562,0.000583037093747407,0.00056271452922374,0.000503699586261064,0.000604133645538241,0.000626994180493057,0.000587870657909662,0.000460715295048431,0.000585860339924693,0.00043874850962311,0.000614093092735857,0.000601029023528099,0.00061795610236004,0.000545766146387905,0.00051817501662299,0.000401371187763289,0.000498065957799554,0.000463636446511373,0.000526374205946922,0.000674164039082825,0.000629396410658956,0.00057157629635185,0.000611768045928329,0.000515573134180158,0.000466554891318083,0.000420109310653061,0.000467175210360438,0.000576958351302892,0.000566287082619965,0.000502797309309244,0.000579234212636948,0.000622645078692585,0.000441674288595095,0.000514464103616774,0.00054547464242205,
2377.0,0.000572783756069839,0.000564992486033589,0.000494474603328854,0.000472279672976583,0.000389922031899914,0.000439126684796065,0.000482534320326522,0.000551126431673765,0.000476504268590361,0.000584905501455069,0.000470882368972525,0.000506566546391696,0.000558611063752323,0.000626808789093047,0.000574573292396963,0.000558103492949158,0.000498660374432802,0.000593292177654803,0.000627349771093577,0.000581709260586649,0.000456375972134992,0.000582293316256255,0.000432053144322708,0.000608994101639837,0.000597441161517054,0.000612063566222787,0.000540138687938452,0.00051384640391916,0.000407015933888033,0.000492159801069647,0.000464736891444772,0.000528953270986676,0.000660005607642233,0.000624853651970625,0.000565619673579931,0.000610286719165742,0.000506625103298575,0.000461527844890952,0.000415987451560795,0.00046667834976688,0.000574877951294184,0.000569101015571505,0.000506465963553637,0.000569170108065009,0.000612587376963347,0.000432054890552536,0.00050498271593824,0.000545754737686366,
2378.0,0.000571489392314106,0.000560041982680559,0.000487712182803079,0.000477712921565399,0.000380926649086177,0.000441224459791556,0.00047352907131426,0.000550141325220466,0.000465999357402325,0.000579411105718464,0.000461932155303657,0.000495356158353388,0.000557678868062794,0.000610543473158032,0.000570001429878175,0.000559798849280924,0.000494039617478848,0.000579565414227545,0.00061812624335289,0.000578915060032159,0.000447909929789603,0.000576790946070105,0.000423232151661068,0.000602976360823959,0.000589367584325373,0.000599037331994623,0.000534382183104753,0.00050171057227999,0.000405361759476364,0.000480394548503682,0.000461338378954679,0.000524239963851869,0.000646991480607539,0.000612408679444343,0.000555237696971744,0.000601590785663575,0.000491945946123451,0.000456329144071788,0.000409076601499692,0.00046755772200413,0.000570331001654267,0.00056314590619877,0.000498844950925559,0.000560631277039647,0.000602526997681707,0.000423163961386308,0.000497041386552155,0.000539309286978096,
2379.0,0.000563991081435233,0.000552436453290284,0.00047671515494585,0.000474689877592027,0.00037596034235321,0.000438219343777746,0.00046458569704555,0.000546655617654324,0.000454458117019385,0.000567456590943038,0.000454371533123776,0.000488898134790361,0.000548593117855489,0.000597428996115923,0.000563749810680747,0.000554352707695216,0.00048725982196629,0.000569657422602177,0.00060669583035633,0.000568751653190702,0.000440318835899234,0.000572153076063842,0.000415279093431309,0.000592177908401936,0.000580501626245677,0.000587735092267394,0.000526996736880392,0.000491814280394465,0.000399110576836392,0.000468491285573691,0.00045741890789941,0.000516813946887851,0.00063493475317955,0.000599494960624725,0.000547279370948672,0.000592846772633493,0.000486158387502655,0.000450044521130621,0.00040338744292967,0.000462608615634963,0.000562743691261858,0.000556737126316875,0.000492041115649045,0.000552201992832124,0.000594846962485462,0.000415409303968772,0.000490606587845832,0.000530085584614426,
2380.0,0.000546799972653389,0.000541974790394306,0.000463620584923774,0.0004612332850229,0.000372944254195318,0.000437153648817912,0.000453153770649806,0.000538300548214465,0.000441547366790473,0.000543563452083617,0.000438579154433683,0.000487424636958167,0.0005298086325638,0.000581952626816928,0.000547983159776777,0.00054243701742962,0.000475467764772475,0.000558202213142067,0.000583032902795821,0.000547143165022135,0.000430674495873973,0.000570726348087192,0.000411638931836933,0.000576103455387056,0.000570203468669206,0.000581094936933368,0.00051561527652666,0.000482382194604725,0.000382099329726771,0.000449996703537181,0.000452813197625801,0.000506911659613252,0.000616202829405665,0.000572167045902461,0.000532999110873789,0.00057734822621569,0.000485025288071483,0.000438220624346286,0.000402454228606075,0.000452664331533015,0.000548538868315518,0.000545933842658997,0.000479830923723057,0.000548280193470418,0.000593954755458981,0.000404942198656499,0.000485404889332131,0.000507940480019897,
2381.0,0.000536156061571091,0.000536616891622543,0.000454398163128644,0.000454434048151597,0.000368726265151054,0.000429724372224882,0.000443479657405987,0.00053228170145303,0.000438126939116046,0.000531271973159164,0.000434427784057334,0.000479210750199854,0.000524595787283033,0.000569676398299634,0.000538841413799673,0.000533414364326745,0.000471983745228499,0.000551081961020827,0.000572443415876478,0.000534966180566698,0.000422314624302089,0.000565914961043745,0.000402547360863537,0.000563029607292265,0.000558096042368561,0.000572566641494632,0.000504386494867504,0.000476607150631025,0.000371177535271272,0.000441571231931448,0.000444848352344707,0.00049674860201776,0.000611017050687224,0.00056068500271067,0.000526408548466861,0.000569725467357785,0.000477878435049206,0.000433025445090607,0.000396710762288421,0.000445672747446224,0.000540778506547213,0.000535400584340096,0.00046835801913403,0.00054064835421741,0.000584962253924459,0.000399541226215661,0.000480772490845993,0.000497918925248086,
2382.0,0.000521885929629207,0.000532158359419554,0.000439961644588038,0.000443961325800046,0.000364404550055042,0.000409899046644568,0.000428819272201508,0.000527199066709727,0.000438823568401858,0.000514415092766285,0.000441101525211707,0.000465976452687755,0.000514740357175469,0.000556900748051703,0.000534211576450616,0.000520096509717405,0.000469713530037552,0.000547935022041202,0.000564624671824276,0.000521709269378334,0.00041097734356299,0.000557350169401616,0.000386255938792601,0.000540329434443265,0.000538028252776712,0.000557831954210997,0.00048799579963088,0.00047050797729753,0.000357418146450073,0.000435630761785433,0.000430868589319289,0.000476433982839808,0.000612868811003864,0.000555512262508273,0.000525287119671702,0.000564958085305989,0.000478300149552524,0.000429569423431531,0.000383575476007536,0.000433420384069905,0.000533844751771539,0.000520028290338814,0.000453434156952426,0.00052503525512293,0.000568140763789415,0.000398112955735996,0.000477581605082378,0.000494365638587624,
2383.0,0.00051820749649778,0.000527397380210459,0.000431410880992189,0.000439290015492588,0.00035984325222671,0.000400192278902978,0.000424457131884992,0.000519136374350637,0.000434500660048798,0.000506540935020894,0.000435392517829314,0.000459681090433151,0.000513722421601415,0.000550564960576594,0.000530725112184882,0.000514496292453259,0.000467763078631833,0.000545774353668094,0.000559246342163533,0.000514014915097505,0.000409768923418596,0.000552521436475217,0.00038013095036149,0.000535846571438015,0.000529764743987471,0.000552796700503677,0.000483662297483534,0.000470788334496319,0.000352739996742457,0.00043295556679368,0.000425888225436211,0.000472109095426276,0.000611171766649932,0.000554044207092375,0.000523270515259355,0.000561613647732884,0.000474513974040747,0.000427864957600832,0.000376149342628196,0.000427690800279379,0.000529238430317491,0.000512398488353938,0.00044858071487397,0.000519049295689911,0.00055949401576072,0.000397091265767813,0.000474332657177001,0.000486865843413398,
2384.0,0.000524621282238513,0.000522370974067599,0.000426033628173172,0.000442011718405411,0.000353452196577564,0.000391158770071343,0.000426871934905648,0.000507072953041643,0.000436215923400596,0.000508261320646852,0.000429671723395586,0.000452516746008769,0.00053095753537491,0.00054726074449718,0.000528137781657279,0.000514982210006565,0.000470656697871163,0.000548277865163982,0.000561019580345601,0.000510061508975923,0.00041528555448167,0.00054720212938264,0.000378996948711574,0.000544008740689605,0.000526047660969198,0.000552533136215061,0.000484765216242522,0.000476075016194955,0.000355966942152008,0.000436844304203987,0.000420821539591998,0.00047450655256398,0.000613400188740343,0.000565771537367255,0.000521594367455691,0.000558218802325428,0.00045803704415448,0.000429974897997454,0.000369551678886637,0.000424697034759447,0.000526949123013765,0.000506876560393721,0.000447061436716467,0.000514855841174722,0.0005476902006194,0.000401151308324188,0.00047178883687593,0.000474498403491452,
2385.0,0.000530036108102649,0.000523526454344392,0.000427593418862671,0.000446687452495098,0.000351950846379623,0.000389452063245699,0.000430454616434872,0.000499847403261811,0.000439224124420434,0.000511404068674892,0.000432586646638811,0.000451947533292696,0.000535819213837385,0.000549128511920571,0.000528674514498562,0.000514749379362911,0.000470032216981053,0.000547628034837544,0.000560447399038821,0.000514349841978401,0.000415177433751523,0.000545912887901068,0.000377751770429313,0.000543960428331047,0.000527461525052786,0.000558194995392114,0.000481349445180967,0.000475931738037616,0.000354807096300647,0.000436098402133211,0.000420669966842979,0.000478114670841023,0.000613108219113201,0.000569414754863828,0.000519750057719648,0.000557838298846036,0.000453482323791832,0.000430392217822373,0.000367337401257828,0.000426734302891418,0.000525880022905767,0.000502932991366833,0.000447971717221662,0.000517098291311413,0.000550954893697053,0.000404373306082562,0.000470712489914149,0.000470801634946838,
2386.0,0.000542697671335191,0.00052512384718284,0.000435281661339104,0.000454957102192566,0.000347241584677249,0.0003954769927077,0.000439928087871522,0.000490790815092623,0.000435823225416243,0.000520720612257719,0.000427923601819202,0.000458685477497056,0.000534751219674945,0.000560343964025378,0.000530920689925551,0.000516158645041287,0.000467110716272146,0.000542841095011681,0.000554855156224221,0.000526246265508235,0.000422165845520794,0.00055007089395076,0.000380433310056105,0.000549653253983706,0.000539077911525965,0.000570329604670405,0.000485948927234858,0.000476930465083569,0.000355585681973025,0.000433653156505898,0.00042963755549863,0.000496176711749285,0.000611541443504393,0.00056897645117715,0.000518121873028576,0.000559896463528275,0.000452419626526535,0.000428852246841416,0.000368487526429817,0.000434411049354821,0.000525657378602773,0.000505303556565195,0.000454570748843253,0.000531354453414679,0.0005687604425475,0.000406205421313643,0.000468955491669476,0.000468365615233779,
2387.0,0.000546758528798819,0.000532379024662077,0.000443884724518284,0.000461624527815729,0.000349198060575873,0.00040103739593178,0.000443632976384833,0.000489999889396131,0.00043806282337755,0.000526157033164054,0.000433206820162013,0.000464046024717391,0.000538478430826217,0.000565145048312843,0.000536675390321761,0.000519469263963401,0.000468526850454509,0.000547918316442519,0.000562982400879264,0.000536963925696909,0.000422865414293483,0.00054770999122411,0.000381720368750393,0.000553567428141832,0.000545047805644572,0.000577327387873083,0.00048872217303142,0.000478588248370215,0.000354598130797967,0.000437905779108405,0.000433761684689671,0.000503261340782046,0.000617175421211869,0.000574788020458072,0.00052332371706143,0.000564467976801097,0.000454016408184543,0.000436821486800909,0.000376126845367253,0.000440499745309353,0.000526933115907013,0.00050571101019159,0.000461300398455933,0.000538050313480198,0.000579313898924738,0.000410078006098047,0.000471962586743757,0.000473954132758081,
2388.0,0.000545047107152641,0.000552284182049334,0.000462781288661063,0.000475628941785544,0.000360226928023621,0.000412371882703155,0.0004458362236619,0.000498379813507199,0.000449646875495091,0.000533764716237783,0.000452047039289027,0.000466641504317522,0.000540231412742287,0.000566307513508946,0.000548564596101642,0.000523335766047239,0.000470304628834128,0.000555374601390213,0.000584002060350031,0.000557603896595538,0.000416282622609288,0.000540396955329925,0.000378366152290255,0.000554208818357438,0.000551674340385944,0.000591206946410239,0.000480674731079489,0.000478629226563498,0.000348909961758181,0.000445670128101483,0.000441109150415286,0.000501579197589308,0.000626148597802967,0.00058004300808534,0.000532421632669866,0.000573903671465814,0.000461919466033578,0.000452077540103346,0.000391109817428514,0.000451640284154564,0.000531792407855392,0.00050178321544081,0.000469228194560856,0.000547064817510545,0.000595619610976428,0.000415120681282133,0.00048033069469966,0.00049489235971123,
2389.0,0.000547455216292292,0.000563672801945359,0.000469748803880066,0.000473193678772077,0.000366370542906225,0.000420184078393504,0.000449859391665086,0.000505183241330087,0.000456376990769058,0.000542287540156394,0.000461717980215326,0.00047351056127809,0.000542750698514283,0.000574970501475036,0.000553124002180994,0.000529692217241973,0.0004752884269692,0.000563198118470609,0.000594333105254918,0.000565714843105525,0.000415209389757365,0.000545170216355473,0.000382288155378774,0.000559048028662801,0.000556958257220685,0.000601133913733065,0.000488631892949343,0.000481715047499165,0.000352516450220719,0.000452951149782166,0.000442881981143728,0.000506352633237839,0.000636239594314247,0.000586613023187965,0.00054174818797037,0.000584499503020197,0.00046996190212667,0.000460664217825979,0.000399691809434444,0.000459673989098519,0.000539563538040966,0.000508266384713352,0.000477895635413006,0.00055642199004069,0.000605684006586671,0.00042297292384319,0.000489294063299894,0.000508296536281705,
2390.0,0.000548828858882189,0.000577450671698898,0.00046934763668105,0.000454049470135942,0.00037601005169563,0.000427531282184646,0.000453532004030421,0.00051439821254462,0.000462020165286958,0.000546799739822745,0.000474258995382115,0.000488455116283149,0.000550252851098776,0.000588118098676205,0.000559322710614651,0.000543856469448656,0.000484985968796536,0.000584664288908243,0.000608546135481447,0.000569244031794369,0.000408112129662186,0.000550885393749923,0.000394183240132406,0.000568434654269367,0.000561236520297825,0.00060976529493928,0.000512339465785772,0.000487328914459795,0.00036325168912299,0.000469693099148571,0.000438347837189212,0.000512565195094794,0.000650459725875407,0.000601541134528816,0.000559662992600352,0.000599040009547025,0.000483578798593953,0.000478748115710914,0.000413042900618166,0.000466628815047443,0.000553977093659341,0.000520575849805027,0.000493899977300316,0.000562752655241638,0.000613674288615584,0.000434483546996489,0.000503571121953428,0.000523175345733762,
2391.0,0.000553103163838387,0.000579694751650095,0.000474373926408589,0.000451471481937915,0.000382916274247691,0.000435532565461472,0.000460223178379238,0.000523606024216861,0.000468756130430847,0.000559177773538977,0.000481011404190212,0.000496495224069804,0.00055325502762571,0.00059717841213569,0.000562379485927522,0.000551192264538258,0.000492810853756964,0.000594942714087665,0.000617994461208582,0.000570302014239132,0.000413175963331014,0.000560603279154748,0.000399671058403328,0.000574823818169534,0.000567804032471031,0.000613282667472959,0.000521107693202794,0.000492280523758382,0.000368266017176211,0.00047615438234061,0.000439605850260705,0.000518345215823501,0.00066395674366504,0.000605398206971586,0.000569020747207105,0.000610698771197349,0.00049232441233471,0.000484643416712061,0.000418534764321521,0.000470250641228631,0.000561564636882395,0.000531927275005728,0.000500500027555972,0.00056584260892123,0.000619696918874979,0.000443988450570032,0.000509800447616726,0.000531068013515323,
2392.0,0.00056191545445472,0.000568834890145808,0.000478340982226655,0.000446922524133697,0.000386156170861796,0.000445741898147389,0.000472458399599418,0.000536294362973422,0.000477093417430297,0.000584125693421811,0.000485942931845784,0.000508936762344092,0.000553627265617251,0.00061303935945034,0.000556872109882534,0.000554610218387097,0.000506827316712588,0.000600304629188031,0.00061938859289512,0.000559781037736684,0.000428165774792433,0.000588773633353412,0.000408267136663198,0.000578506907913834,0.000579310697503388,0.00060990935890004,0.000530341290868819,0.000497278640978038,0.000377293850760907,0.000471338367788121,0.000439488445408642,0.000531559460796416,0.000684509286656976,0.000606891291681677,0.000574101752135903,0.000624721986241639,0.000499934540130198,0.000475166598334908,0.00041532760951668,0.000471349252620712,0.000569938390981406,0.0005551787908189,0.000504021067172289,0.000570166390389204,0.000620009668637067,0.000461083982372656,0.000510608952026814,0.000533522805199027,
2393.0,0.000567478302400559,0.000570454867556691,0.000483985262690112,0.000451054045697674,0.000392384827136993,0.000449961720732972,0.000477669236715883,0.000542374851647764,0.000481052731629461,0.000594419543631375,0.000486111763166264,0.000514393032062799,0.000559277250431478,0.00062228727620095,0.000560791639145464,0.000560537562705576,0.000511399819515646,0.000602253130637109,0.000622118706814945,0.000566376547794789,0.000433902896475047,0.000598516431637108,0.000414244277635589,0.000582042965106666,0.000582195760216564,0.000610653427429497,0.000539302709512413,0.000501457136124372,0.000379075179807842,0.000474402564577758,0.00044403865467757,0.000537261366844177,0.000689387554302812,0.000608619069680572,0.000574326026253402,0.000629741698503494,0.000507103453855962,0.000471990293590352,0.000418151408666745,0.00047458556946367,0.000571888638660312,0.000564329151529819,0.000503852032124996,0.000570252770558,0.000624586245976388,0.000465784803964198,0.000512774277012795,0.000540036067832261,
2394.0,0.000569548516068608,0.000571497657801956,0.00049351342022419,0.000475776178063825,0.00040151589200832,0.000450465478934348,0.000480046815937385,0.00054754555458203,0.000480827467981726,0.000602610467467457,0.00047361059114337,0.00050868431571871,0.00056738534476608,0.000622859224677086,0.00057326746173203,0.000565334630664438,0.000510046957060695,0.000595323799643666,0.000626391847617924,0.000581259781029075,0.000450092629762366,0.000598286860622466,0.000415439950302243,0.000587008253205568,0.0005784384557046,0.000606015732046217,0.000540723849553615,0.000508010794874281,0.000375102099496871,0.000476453278679401,0.000458900729427114,0.000533320417162031,0.000686512561514974,0.000599734310526401,0.000567562528885901,0.000630732567515224,0.000512200640514493,0.000465112534584478,0.000422236887970939,0.00047574591008015,0.000558788073249161,0.000566526607144624,0.000491719169076532,0.000563582114409655,0.000629450252745301,0.000460362731246278,0.000514119281433523,0.000545969291124493,
2395.0,0.000576026679482311,0.000571197888348252,0.000498102512210608,0.000487400218844414,0.000403853016905487,0.000450902472948655,0.000483145879115909,0.0005476213991642,0.000484065472846851,0.000601643521804363,0.00047076350892894,0.000507469580043107,0.000569407362490892,0.000624908832833171,0.000574093835894018,0.000566098256967962,0.000507143966387957,0.000590491981711239,0.000630606256891042,0.000589492206927389,0.000455874571343884,0.00060591654619202,0.000418772979173809,0.000593962147831917,0.000578335660975426,0.000606361136306077,0.000547489558812231,0.000512558966875076,0.000373003946151584,0.000480187387438491,0.000461964344140142,0.000534018501639366,0.000685548060573637,0.00060387299163267,0.000566573347896338,0.000627956702373922,0.000519792549312115,0.000462021620478481,0.000422993412939832,0.000480322079965845,0.00055446190526709,0.000570159230846912,0.000492804741952568,0.000563868030440062,0.000634601165074855,0.000456830079201609,0.00051304348744452,0.000549530319403857,
2396.0,0.000587664195336401,0.000579610408749431,0.000501620466820896,0.000494124309625477,0.000406038336222991,0.00044511110172607,0.000480325223179534,0.000539683387614787,0.000485792319523171,0.000585188565310091,0.000472039333544672,0.000504373281728476,0.000572953431401402,0.000628247216809541,0.000571677926927805,0.00056761538144201,0.000498346984386444,0.000582346576265991,0.000631091010291129,0.000609214941505343,0.000447279977379367,0.000609053298830986,0.00042413521441631,0.000602717977017164,0.000575613754335791,0.000619092548731714,0.000563568144571036,0.000516832806169987,0.000365326093742624,0.000494435895234346,0.000456979410955682,0.000534124323166907,0.000672889756970108,0.000617207959294319,0.000563180481549352,0.000616834673564881,0.000531616678927094,0.000466720550321043,0.000423054967541248,0.000491247221361846,0.000555265753064305,0.000566480914130807,0.000499648798722774,0.000567698909435421,0.000646155152935535,0.000444487464847043,0.000511834165081382,0.000553870690055192,
2397.0,0.000593499804381281,0.00057909288443625,0.000501959933899343,0.00049289152957499,0.000403575162636116,0.00044155988143757,0.000481368828332052,0.000537188316229731,0.00048951234202832,0.000578066101297736,0.00047365139471367,0.000502872280776501,0.000568695773836225,0.000626795750577003,0.000566747679840773,0.000567181676160544,0.000492333434522152,0.000579589861445129,0.000632337701972574,0.000611151510383934,0.000449634477263317,0.000607551599387079,0.00042098798439838,0.000603965774644166,0.000571129261516035,0.000620446051470935,0.000562382221687585,0.000513890001457185,0.000364126986823976,0.000500599096994847,0.000456106616184115,0.000533491314854473,0.000664908089675009,0.000619067053776234,0.000563916692044586,0.000609993876423687,0.000534692488145083,0.000462578173028305,0.000421755510615185,0.000492401421070099,0.00055361760314554,0.000563209061510861,0.000500050606206059,0.000567121664062142,0.000649424153380096,0.000436527829151601,0.000508286699187011,0.000555225356947631,
2398.0,0.000603062508162111,0.000571917393244803,0.000498893845360726,0.000486022443510592,0.000389500637538731,0.000445443438366055,0.000490286212880164,0.000533631828147918,0.000502947601489723,0.000574301346205175,0.000486124452436343,0.000503921590279788,0.000552699959371239,0.000621416489593685,0.000551399018149823,0.000563284906093031,0.000483543088193983,0.000584102002903819,0.000636392505839467,0.000596517988014966,0.000455190252978355,0.000614809978287667,0.000412836117902771,0.000603741384111345,0.000569944153539836,0.000613371084909886,0.000549129792489111,0.000504837254993618,0.000365673826308921,0.000503120827488601,0.000454862252809107,0.000543580274097621,0.000666570733301342,0.000627365836407989,0.000574168167077005,0.000601837004069239,0.000536757113877684,0.000455180183053017,0.000419474963564426,0.000491038605105132,0.00055923213949427,0.000559128005988896,0.000507951364852488,0.000565003487281501,0.000648275774437934,0.00043275227653794,0.000498855428304523,0.000554032216314226,
2399.0,0.000602464948315173,0.000562721281312406,0.00049671862507239,0.000478008412756026,0.00038148881867528,0.000440346950199455,0.000487798679387197,0.000533378100953996,0.000499274407047778,0.000563574489206076,0.000480254442663863,0.000504418276250362,0.000542957393918186,0.000613922660704702,0.000545872026123106,0.000560523883905262,0.000478746165754274,0.000579897547140718,0.000634245458059013,0.000588270486332476,0.000454530963907018,0.000605560198891908,0.000404122663894668,0.000600878847762942,0.000563888403121382,0.000610856339335442,0.000542006746400148,0.000500295660458505,0.000364982814062387,0.000497335800901055,0.000452773441793397,0.000535330094862729,0.000657913042232394,0.000621814222540706,0.000572635268326849,0.000592387572396547,0.000529829529114068,0.000448597216745839,0.00041326938662678,0.000484545074868947,0.000559265608899295,0.000555427861399949,0.000506439886521548,0.000562091358006001,0.000641990744043142,0.000426290644099936,0.000493230938445777,0.000546034949366003,
2400.0,0.000593277800362557,0.000551310135051608,0.000494363775942475,0.000465083110611886,0.000379691744456068,0.000429961306508631,0.000481928465887904,0.000539268599823117,0.000490816542878747,0.000548527343198657,0.000460773648228496,0.000511530844960362,0.000535784289240837,0.000605793669819832,0.000547077390365303,0.000559640116989613,0.000477076566312462,0.000572831253521144,0.000633715593721718,0.00057812687009573,0.000455889821751043,0.00057582842418924,0.000388175249099731,0.000593541248235852,0.000548993877600878,0.000610268674790859,0.000529510609339923,0.000498282257467508,0.000370614841813222,0.000481011345982552,0.000455164728919044,0.00051147531485185,0.000640211917925626,0.000598592916503549,0.000569703173823655,0.00058470037765801,0.000513194128870964,0.00043461931636557,0.00041078039794229,0.000469688704470173,0.000552284473087639,0.000554070109501481,0.000495014828629792,0.000559107807930559,0.000629581569228321,0.000420930737163872,0.00049123854842037,0.000538158812560141,
2401.0,0.000581672531552613,0.000538783147931099,0.000483787298435345,0.000450447463663295,0.000371570058632642,0.00042139069410041,0.000473776599392295,0.000534018909092993,0.000474264816148207,0.000536519975867122,0.000446251564426348,0.000504066178109497,0.000525921233929694,0.000590828654821962,0.000544868293218315,0.000552187266293913,0.000467431353172287,0.00056484155356884,0.000622193561866879,0.000563833222258836,0.000447040249127895,0.000565020018257201,0.000381613179342821,0.000581650296226144,0.000540831650141627,0.000599063350819051,0.000516284198965877,0.000488622405100614,0.000368708046153188,0.000469538412289694,0.000447337253717706,0.000495489628519863,0.00062501203501597,0.000582019099965692,0.000561105785891414,0.000575257407035679,0.00049543846398592,0.000423362071160227,0.000397981348214671,0.000456778652733192,0.000543383473996073,0.000547649804502726,0.000486303761135787,0.00054786482360214,0.000617383047938347,0.000413039902923629,0.000487228215206414,0.00052184023661539,
2402.0,0.000560013402719051,0.000519083871040493,0.000468999962322414,0.000431484630098566,0.000359553552698344,0.000407733517931774,0.000453572341939434,0.000527242489624769,0.00043597849435173,0.000517448643222451,0.000419239222537726,0.0004880505730398,0.000515771680511534,0.000568221614230424,0.000547033327165991,0.00053973839385435,0.000458856404293329,0.000552885408978909,0.000599634600803256,0.000547576695680618,0.000429534818977118,0.000555210746824741,0.000383330479962751,0.000569457770325243,0.000537350482773036,0.000585805624723434,0.000508943980094045,0.000476732238894328,0.000361394108040258,0.000455000641522929,0.00042914881487377,0.000469474762212485,0.000605825101956725,0.000556586077436805,0.000539357715751976,0.000562658533453941,0.000467833859147504,0.000416278198827058,0.000367308617569506,0.000435723341070116,0.000527982483617961,0.000538189546205103,0.000479168840683997,0.000531862140633166,0.000600575527641922,0.000400918419472873,0.000485601718537509,0.000487067736685276,
2403.0,0.000541946850717068,0.000504482653923333,0.000453246000688523,0.000417055940488353,0.000352880917489529,0.000391165289329365,0.000442393706180155,0.000517047534231097,0.000416729890275747,0.000505887146573514,0.000408463907660916,0.000471234874567017,0.00050395168364048,0.00055186206009239,0.000536189822014421,0.000524086703080684,0.000446895661298186,0.000536749314051121,0.000581407744903117,0.00053227151511237,0.000415119720855728,0.000541142886504531,0.000375731498934329,0.000550427241250873,0.000529449549503624,0.000569511961657554,0.000496808788739145,0.000464181764982641,0.000353665382135659,0.000445939775090665,0.000412851572036743,0.000452991196652874,0.000586036359891295,0.000543750473298132,0.000521277775987983,0.000550753029529005,0.000452363543445244,0.000407980813179165,0.000349747075233608,0.000427395105361938,0.000517203530762345,0.000529705139342695,0.000463447329821065,0.000516914878971875,0.000583538843784481,0.000394411385059357,0.000476216431707144,0.00046977709280327,
2404.0,0.000524113012943417,0.000492868770379573,0.000429872132372111,0.00039349339203909,0.000342231243848801,0.000369044078979641,0.000432873406680301,0.00049467635108158,0.000397563970182091,0.000506487733218819,0.000412602530559525,0.00044137766235508,0.000487623678054661,0.000529943034052849,0.000514627201482654,0.000499052868690342,0.00042217384907417,0.0005161072476767,0.000551865727175027,0.000509816163685173,0.000395880546420813,0.000537680462002754,0.000366306339856237,0.000513314444106072,0.000526184274349362,0.000540054810699075,0.000474643864436075,0.000437012204201892,0.000341487990226597,0.000443177501438186,0.00039278028998524,0.000447799742687494,0.000565503840334713,0.000539920700248331,0.000497138069476932,0.000540025182999671,0.000437898735981435,0.000398043310269713,0.000329704722389579,0.000429594161687419,0.000511315301991999,0.000517430133186281,0.000436965987319127,0.00049445271724835,0.000566261354833841,0.000389266817364842,0.000461820483906195,0.0004549503501039,
2405.0,0.00050398038001731,0.000479494745377451,0.000413676752941683,0.00038561355904676,0.000330875423969701,0.000359056663000956,0.000423624092945829,0.000481376744573936,0.0003863756719511,0.000499552290420979,0.000408137537306175,0.000418947573052719,0.00047387060476467,0.000514496176037937,0.000499969173688442,0.00048442865954712,0.000412173190852627,0.000501217495184392,0.000531291996594518,0.000493539671879262,0.000385613413527608,0.000523505557794124,0.000355738447979093,0.000493847765028477,0.000513251521624625,0.000521074107382447,0.000458887807326391,0.000422166252974421,0.000328357680700719,0.000432784378062934,0.000378769502276555,0.000439688941696659,0.00055078137665987,0.000534439110197127,0.000481388677144423,0.000523694616276771,0.000428390892921016,0.000388818792998791,0.000318120932206512,0.000421320495661348,0.000498392852023244,0.000506004726048559,0.000421284785261378,0.000480989430798218,0.00054618192370981,0.000379677512682974,0.000444652454461902,0.000447206461103633,
2406.0,0.000481207011034712,0.000462568510556594,0.000401094468543306,0.000395551003748551,0.000329639296978712,0.000352187315002084,0.000420217140344903,0.000468951184302568,0.00039135868428275,0.000491822720505297,0.000406970182666555,0.000391928071621805,0.000460156094050035,0.000508079305291176,0.000481870316434652,0.000472495710710064,0.000410595734138042,0.000483428448205814,0.000519072462338954,0.000489458092488348,0.000375114934286103,0.000495325191877782,0.000331515999278054,0.000480409187730402,0.000486447039293125,0.00050345528870821,0.000442855787696317,0.000419207965023816,0.0003094126295764,0.000416035793023184,0.000362137769116089,0.000430206477176398,0.000536864041350782,0.000541936082299799,0.000473219144623727,0.000502724666148424,0.000428167171776295,0.000380922254407778,0.000319132290314883,0.000416956405388191,0.000482792209368199,0.000502707669511437,0.000399574928451329,0.000474180647870526,0.000519916298799217,0.000372730341041461,0.000415773538406938,0.000455597095424309,
2407.0,0.000465475633973256,0.000450620951596648,0.000387931242585182,0.000390044646337628,0.000314893200993538,0.000345145730534568,0.000412472290918231,0.000460876879515126,0.000387475913157687,0.000481767696328461,0.000397638039430603,0.000384621584089473,0.000447975296992809,0.00049431761726737,0.000466059078462422,0.00046244022087194,0.000405608821893111,0.000466302590211853,0.000504878582432866,0.00047202076530084,0.000367770320735872,0.000478666392154992,0.000323012063745409,0.000466575351310894,0.000473996944492683,0.000488174555357546,0.00043180026113987,0.000409067113650963,0.00030095552210696,0.000406432634918019,0.000355657713953406,0.000423025456257164,0.000524700968526304,0.000534583406988531,0.000463662901893258,0.000486218486912549,0.000421264441683888,0.000372006034012884,0.00032312743132934,0.000406844017561525,0.000473014020826668,0.000484328833408654,0.00038889137795195,0.000466651836177334,0.000499557994771749,0.000361181504558772,0.000398708099965006,0.00045201915781945,
2408.0,0.000448215316282585,0.000444313191110268,0.000372631708160043,0.000387279549613595,0.000283838860923424,0.000349248060956597,0.000406340870540589,0.000461854855529964,0.000386647880077362,0.000465386925498024,0.000380167679395527,0.000395392678910866,0.000436968490248546,0.000477474997751415,0.000453421613201499,0.000465073389932513,0.000411655870266259,0.000455134577350691,0.000491474755108356,0.000438532966654748,0.000372443260857835,0.000469202408567071,0.000326475535985082,0.000466965662781149,0.000464328040834516,0.000478278816444799,0.000428155879490078,0.000401380879338831,0.000297389953630045,0.000401391560444608,0.000362855324056,0.000415411894209683,0.000519999826792628,0.000519844586960971,0.000460642913822085,0.000468903570435941,0.00041466299444437,0.000360247679054737,0.000334303942508996,0.000382820522645488,0.000460482871858403,0.000446948950411752,0.000396652758354321,0.000461551448097453,0.000482507079141214,0.000340105558279902,0.000386591360438615,0.000446382298832759,
2409.0,0.000435073772678152,0.000434738409239799,0.000358534773113206,0.000380352139472961,0.000269208016106859,0.000346295535564423,0.00039373870822601,0.000454139575595036,0.000378326920326799,0.000449388578999788,0.000369232118828222,0.000394458067603409,0.000428522966103628,0.00046386371832341,0.000442531105363742,0.000455935776699334,0.000407016050303355,0.000442052958533168,0.000481653754832223,0.000422491284552962,0.000361044454621151,0.000450789084425196,0.000323044747347012,0.000458228314528242,0.00045154060353525,0.000464450742583722,0.000419371790485457,0.000386373023502529,0.000296942889690399,0.000390943780075759,0.000358178571332246,0.000406818464398384,0.000506067124661058,0.000502109120134264,0.000454610330052674,0.000449756858870387,0.000402047415263951,0.000350241258274764,0.000335732998792082,0.000369603338185698,0.000444871169747785,0.000424321187892929,0.000393165129935369,0.000453326269052923,0.000466269091702998,0.000332129537127912,0.000375093950424343,0.000438070419477299,
2410.0,0.000433710258221254,0.000431718479376286,0.000346102344337851,0.000360434059984982,0.000256726663792506,0.000337833975208923,0.000371994479792193,0.000447721860837191,0.00036420306423679,0.000431955064414069,0.000360217702109367,0.000408013758715242,0.00042711163405329,0.000449599756393582,0.000429021107265726,0.000437292736023664,0.000392773596104234,0.00042637376463972,0.000480268645333126,0.000407796585932374,0.000345066102454439,0.000431038759415969,0.000331792281940579,0.000441605894593522,0.000448363512987271,0.000451095926109701,0.000411685439758003,0.000361406826414168,0.000309504277538508,0.000386385421734303,0.000356997770722955,0.000407207233365625,0.000488365127239376,0.000472036947030574,0.000444168836111203,0.000432989996625111,0.00038970381137915,0.00034286457230337,0.000344390573445708,0.000360835547326133,0.000433402747148648,0.000399178359657526,0.000392717571230605,0.000446088262833655,0.000451323576271534,0.000332013674778864,0.00036807541619055,0.000428806175477803,
2411.0,0.000421508419094607,0.000419619726017118,0.00033716912730597,0.000350426707882434,0.000249679927947,0.000329628237523139,0.000357964017894119,0.000432996283052489,0.000349903071764857,0.000415071961469948,0.000345478270901367,0.000399115466279909,0.00041690599755384,0.000435412395745516,0.000419707386754453,0.000424875936005265,0.000380436016712338,0.000415801390772685,0.000466600322397426,0.000397739320760593,0.000330690294504166,0.000414116046158597,0.000323473504977301,0.000428388157160953,0.000432840257417411,0.000442018441390246,0.000403514626668766,0.000348341825883836,0.000308490096358582,0.000373755901819095,0.000345483655110002,0.000397343246731907,0.000470323255285621,0.000449869665317237,0.0004313510726206,0.000416356255300343,0.000374005758203566,0.000335424003424123,0.000334892596583813,0.000354651157977059,0.000418152660131454,0.000380996149033308,0.000387005042284727,0.00043487420771271,0.000439112482126802,0.000326672190567479,0.000361944315955043,0.000411514076404274,
2412.0,0.000404864957090467,0.000392123474739492,0.000333106465404853,0.000343635445460677,0.000256864732364193,0.000323625019518659,0.000344653031788766,0.000404352555051446,0.000323329120874405,0.000398316711653024,0.000326801789924502,0.000362219521775842,0.0004041017673444,0.000428492930950597,0.000419630028773099,0.000410925538744777,0.000364796636858955,0.000407210143748671,0.000449790735729039,0.000408896972658113,0.000300403888104483,0.000389994791476056,0.000302290340187028,0.00040917779551819,0.000402745645260438,0.000433281034929678,0.000389910419471562,0.000339105783496052,0.000301342253806069,0.000340069644153118,0.000313880038447678,0.000381062709493563,0.00044343646732159,0.000427118386141956,0.000414153095334768,0.000390605913707986,0.000346793269272894,0.000329529924783856,0.00030649165273644,0.000353385286871344,0.000390491681173444,0.000380209239665419,0.000371633243048564,0.000418262265156955,0.000424355181166902,0.00032844505039975,0.000354328367393464,0.000384897604817525,
2413.0,0.000390692730434239,0.000377315387595445,0.000326104316627607,0.000333794770995155,0.000258594023762271,0.000310593721223995,0.000329208822222427,0.000386787462048233,0.000313993368763477,0.000385756837204099,0.000311164767481387,0.000346528220688924,0.000389842345612124,0.00041289342334494,0.000413041649153456,0.000394052301999182,0.000346298242220655,0.000398091797251254,0.000431063759606332,0.000406970182666555,0.00028663023840636,0.000372891168808565,0.000285110378172249,0.000400235061533749,0.000386053608963266,0.000424477970227599,0.0003802532737609,0.000331868010107428,0.000289889023406431,0.000327548536006361,0.00029903813265264,0.000368092907592654,0.000425993872340769,0.000406584789743647,0.000401448662159964,0.000379179138690233,0.00033189871464856,0.000320244173053652,0.000289063900709152,0.000347667635651305,0.000376420852262527,0.000372460635844618,0.000359012541593984,0.000403873069444671,0.000413814559578896,0.000317534431815147,0.000351242662873119,0.000363914732588455,
2414.0,0.00036571707460098,0.000361339625669643,0.000316810590447858,0.000325735367368907,0.000256404222454876,0.000286406429950148,0.000316482677590102,0.000367919710697606,0.00031388970091939,0.00036723050288856,0.000285964895738289,0.000330394133925438,0.000362913851859048,0.000382857717340812,0.000401738128857687,0.000373858463717625,0.00031470792600885,0.000387769017834216,0.000391240639146417,0.000393417460145429,0.000281031825579703,0.000356224074494094,0.000245680334046483,0.000398460688302293,0.00036550426739268,0.000422532786615193,0.000376820331439376,0.000329112779581919,0.000267341791186482,0.000322577951010317,0.000292450771667063,0.000341170176398009,0.000408555759349838,0.000382216239813715,0.000391161273000762,0.000375215517124161,0.000319510552799329,0.000304958288324997,0.00026066234568134,0.000349217967595905,0.00037362301372923,0.000358253280865029,0.000342780025675893,0.000385937426472083,0.000411718589020893,0.000285301561234519,0.000363472034223378,0.000328451278619468,
2415.0,0.00035629008198157,0.000354645686456934,0.000312596850562841,0.000316622608806938,0.000252688594628125,0.000275662227068096,0.000306531874230132,0.000360153411747888,0.000312664080411196,0.000364252540748566,0.00027977826539427,0.000325916975270957,0.000349526089848951,0.000371916044969112,0.000397347204852849,0.000363889354048297,0.000307829875964671,0.000377548101823777,0.000375410221749917,0.000384640792617574,0.000278171384707093,0.000350308720953763,0.000237949192523956,0.000395048002246767,0.000361881888238713,0.000413414556533098,0.000369435962056741,0.000326189998304471,0.000252751371590421,0.000320748484227806,0.000284622015897185,0.000332319235894829,0.000402798148570582,0.000373734481399879,0.000380048586521298,0.000375083007384092,0.000311477808281779,0.000297783728456125,0.00024865657906048,0.000336595927365124,0.000366649124771357,0.00035210233181715,0.000325867906212807,0.000374520430341363,0.000407027982873842,0.000279427011264488,0.00035858538467437,0.000314745935611427,
2416.0,0.000357750512193888,0.000358162738848478,0.000311014970066026,0.000302455417113379,0.000245151080889627,0.000263046676991507,0.000292517710477114,0.000362825754564255,0.000324016058584675,0.000375620351405814,0.000291784497676417,0.000337977049639449,0.000336737401084974,0.000360899342922494,0.000390558299841359,0.000351971917552873,0.000315111188683659,0.000369355402654037,0.000368344859452918,0.000371860282029957,0.000288952607661486,0.000348721136106178,0.000253711099503562,0.000400976568926126,0.00037396204425022,0.000393656257074326,0.00035556114744395,0.000320217717671767,0.000235198400332592,0.000338155427016318,0.000278634659480304,0.000332908763084561,0.000408297928515822,0.000373104558093473,0.000367917149560526,0.00038704858161509,0.000308418268105015,0.000291152362478897,0.000244639028096572,0.000299277366138995,0.0003602160140872,0.000345734733855352,0.000306326750433072,0.00036477722460404,0.000398737203795463,0.000284118723357096,0.00033925601746887,0.000317861151415855,
2417.0,0.00035906900302507,0.000367315165931359,0.000309285154798999,0.00030242875800468,0.000245612987782806,0.000266774877673015,0.000284839305095375,0.000364496518159285,0.000328974972944707,0.000377686374122277,0.000295891630230471,0.000340999889886007,0.000338311161613092,0.000360948033630848,0.000391148700146005,0.000354318617610261,0.000319138081977144,0.000367158587323502,0.000371445115888491,0.000372355774743482,0.000292920798528939,0.000355291238520294,0.00025957147590816,0.000399701384594664,0.000382472964702174,0.000388219923479483,0.000352700066287071,0.000319561251671985,0.000231744386837818,0.000341696490067989,0.000278419378446415,0.000339687627274543,0.000412826775573194,0.000380876532290131,0.00036829017335549,0.000396513845771551,0.000313610944431275,0.000290506955934688,0.000250441691605374,0.000296040700050071,0.000362313934601843,0.000350780464941636,0.0002979694691021,0.000363528699381277,0.000400307442760095,0.000288241251837462,0.000333371164742857,0.000323774176649749,
2418.0,0.000365156156476587,0.00038510948070325,0.000305135530652478,0.000308697810396552,0.000251468678470701,0.000289766379864886,0.000281390210147947,0.000370437715901062,0.000329572561895475,0.000385300576454028,0.000302090164041147,0.000344753148965538,0.000356937584001571,0.000379424775019288,0.000405356317060068,0.000373281276552007,0.000342461717082188,0.00036536980769597,0.000397007243009284,0.000376772484742105,0.000290857366053388,0.000384042039513588,0.000276882958132774,0.000388805492548272,0.000402001052862033,0.000379661010811105,0.00034880856401287,0.000325807166518644,0.000235158266150393,0.000339992257067934,0.000279413943644613,0.000362043705536053,0.000424044177634642,0.000409933825721964,0.000366166903404519,0.000406551320338622,0.000327732297591865,0.000297178543405607,0.000275669881375507,0.000302456552162766,0.000357362470822409,0.000368003384210169,0.000290959171252325,0.000368913228157908,0.000402747129555792,0.000311400537611917,0.000313044001813978,0.000346197804901749,
2419.0,0.000378531607566401,0.000402180710807443,0.000312737101921812,0.000316894496791065,0.000257088569924235,0.000299684732453898,0.00028696347726509,0.000375548115698621,0.00033117359271273,0.000397417490603402,0.000312051502987742,0.000350119895301759,0.000370367517462,0.000399196316720918,0.000411339395213872,0.00039085783646442,0.000354577059624717,0.000370856490917504,0.000416907452745363,0.000394169415812939,0.000303241336951032,0.000399930780986324,0.000292612792691216,0.000392311922041699,0.000417534436564893,0.000387676904210821,0.000357767683453858,0.000335334043484181,0.000242990121478215,0.000339303631335497,0.000283481989754364,0.000374368624761701,0.000436467991676182,0.000428568775532767,0.000376605981728062,0.000420830503571779,0.000335374439600855,0.000309920142171904,0.000287603383185342,0.000315454613883048,0.000373853778000921,0.000381868187105283,0.000295955571345985,0.000377394404495135,0.00041859969496727,0.000322234409395605,0.000318530306685716,0.000360311765689403,
2420.0,0.000400002027163282,0.000431179330917075,0.00032643970916979,0.000341084552928805,0.000273592886514962,0.000317145662847906,0.000293553050141782,0.00037986965617165,0.000327810790622607,0.00040301337139681,0.000320645223837346,0.000351699709426612,0.000398282485548407,0.000430349900852889,0.000416956841945648,0.000417746661696583,0.000350603280821815,0.000381539604859427,0.000444413541117683,0.000432609725976363,0.000323715910781175,0.000412716210121289,0.000301587802823633,0.000397610856452957,0.000434677815064788,0.00041682188748382,0.000382801750674844,0.000351095135556534,0.000266063929302618,0.000327438960084692,0.000301124120596796,0.000387337320717052,0.000451864674687386,0.000448208767920733,0.000409833854064345,0.000440086412709206,0.000344759464496747,0.000330741197103634,0.00030271423747763,0.000365849497029558,0.000416982802562416,0.000402086676331237,0.000315612473059446,0.000391443230910227,0.000456821726402268,0.0003175001766067,0.000358440593117848,0.000372094596968964,
2421.0,0.00041589091415517,0.000451534957392141,0.000338686862960458,0.000352896837284788,0.000279633910395205,0.000326496694469824,0.000306271045701578,0.000393733498640358,0.000334177952026948,0.000417057861341164,0.000336858443915844,0.000360435922630131,0.000413687579566613,0.000452220556326211,0.000420587020926178,0.000436309346696362,0.000360467791324481,0.000396378105506301,0.00046639540232718,0.000452623033197597,0.000338523124810308,0.00042602774919942,0.000315251236315817,0.000412686553318053,0.000446124322479591,0.000438402814324945,0.0004011609707959,0.000363806670065969,0.000281483109574765,0.000333202537149191,0.000311327428789809,0.000402731820940971,0.000466662226244807,0.000464266544440761,0.000430241954745725,0.000451851723482832,0.000360327394446358,0.000344266823958606,0.000314065546263009,0.000385261635528877,0.000442081858636811,0.000421210163040087,0.000333525909809396,0.000407281972002238,0.000477792375022545,0.000329722097376361,0.000379102188162506,0.000389215507311746,
2422.0,0.00043896830175072,0.000469787220936269,0.000366656924597919,0.000355223310180008,0.00027061378932558,0.000320794497383758,0.000337204633979127,0.000418175361119211,0.000344506494002417,0.000450113002443686,0.000368985056411475,0.000378355878638104,0.000414076930610463,0.000478876987472177,0.00041280806181021,0.000458037422504276,0.000381300778826699,0.00042068146285601,0.000488980673253536,0.000478915928397328,0.000364524661563337,0.000436842790804803,0.000345614447724074,0.000445139332441613,0.000453302840469405,0.000476249086204916,0.000431193067925051,0.000376085139578208,0.000300149782560766,0.000351674709236249,0.000311879732180387,0.000419505784520879,0.000486934848595411,0.000477074994705617,0.00045339172356762,0.000464863376691937,0.000378447904950008,0.000364581879694015,0.000312341697281227,0.000381703808670864,0.000480062852147967,0.000438247079728171,0.000359132478479296,0.000433059671195224,0.000494732928927988,0.000354638410499319,0.000407260347856209,0.000407335435738787,
2423.0,0.000455177883850411,0.000478363770525903,0.000384783808840439,0.000363934086635709,0.000280143867712468,0.000327467132592574,0.000359530502464622,0.00043539289617911,0.000355283351382241,0.000464757467852905,0.000384793267585337,0.000390387693187222,0.000425814563641325,0.000495296204462647,0.000418475188780576,0.000472573476145044,0.000393683061702177,0.000440008618170395,0.000498365785460919,0.000493161729536951,0.00037688625161536,0.00044745288323611,0.000360584032023326,0.000461642979644239,0.000462659809272736,0.000489629339426756,0.000447889295173809,0.00039180857129395,0.000314798846375197,0.000366095366189256,0.000320377585012466,0.000434031360782683,0.000503943301737309,0.000489186844788492,0.000474001950351521,0.000475493317935616,0.000390972476452589,0.00037520017940551,0.000324099353747442,0.000387288338970393,0.000499069574289024,0.000454684952273965,0.000377194461179897,0.000449708779342473,0.000514192448463291,0.000371833622921258,0.000421086297137663,0.000424167228629813,
2424.0,0.00046437673154287,0.000475960579933599,0.000394188653444871,0.000371409812942147,0.000296811485895887,0.000343703461112455,0.000388890010071918,0.000461603049188852,0.000381568999728188,0.000470494967885315,0.000390513625461608,0.000404739199439064,0.000440477189840749,0.000496517226565629,0.000428359518991783,0.000479531998280436,0.000409151485655457,0.000471642153570428,0.00050113839097321,0.000494103820528835,0.000373008631868288,0.000464970478788018,0.000365307962056249,0.000481728435261175,0.000466651457827538,0.000485173717606813,0.000459283095551655,0.000409940985264257,0.00033042041468434,0.000388346787076443,0.000334870477672666,0.000452507869340479,0.000519713794346899,0.000501533155329525,0.000494837877340615,0.000482793431729078,0.000416280294302851,0.000377900898456573,0.000349252281012014,0.000390017899917439,0.000499827205203474,0.000476891349535435,0.000396338960854337,0.000473399326438084,0.000530123536009341,0.000401848927140236,0.000417386705521494,0.000449884362751618,
2425.0,0.000474393717013299,0.000477543624583632,0.000402477773604915,0.000380688317818567,0.00030734806205146,0.000350383081240579,0.000404042832087725,0.000472277140943334,0.000387844833312556,0.000477821828098968,0.00039856368675828,0.000415764487115666,0.000450823194114491,0.000506572483573109,0.000443970406195149,0.000483943906147033,0.000418904324760661,0.000484156393213198,0.000503277988173068,0.000491093145683408,0.000380529585527256,0.000468253740109503,0.000366383435903117,0.000493462663143873,0.000475813343655318,0.000486958830151707,0.000464887009002268,0.000419303571106866,0.000331471208482981,0.000402601348469034,0.000344257074175403,0.000463549309642985,0.000535592087544501,0.000507665507029742,0.000502780429087579,0.000488078163471073,0.000421918201027438,0.000378363416530192,0.000358353136107326,0.000391826702980325,0.000499612360727042,0.000493595376610756,0.000411020475439727,0.000483580573927611,0.000540023611392826,0.000408262334531173,0.00041646693716757,0.000463978241896257,
2426.0,0.000490057049319148,0.000482320028822869,0.000415128481108695,0.000404787482693791,0.000336311233695596,0.000356240052497014,0.000409223575843498,0.000467939418740571,0.0003816660027951,0.000484162359498441,0.000413653760915622,0.000424441270297393,0.00047584853018634,0.000523412018083036,0.000488555815536529,0.000491681101266295,0.000426064594648778,0.000483436568174511,0.00049237662460655,0.000475570734124631,0.0004003249341622,0.000455846078693867,0.000363935570931062,0.00049732974730432,0.000501339440234005,0.00047941121738404,0.000458223832538351,0.000435023481259122,0.000322556734317914,0.000414569774875417,0.000360024743713439,0.00046898185973987,0.000556915998458862,0.000511325371917337,0.000504416355397552,0.000493300554808229,0.000407938903663307,0.000374258874217048,0.000371572939911857,0.000403583253500983,0.000490380043629557,0.000514209445100278,0.000428360333899036,0.000481753435451537,0.000561880297027528,0.000394010596210137,0.000409374391892925,0.000476854096632451,
2427.0,0.000491603976115584,0.000475015549454838,0.000413705187384039,0.000406524573918432,0.000340605416567996,0.000360465986886993,0.000409775151638314,0.000463863863842562,0.000382707396056503,0.000481149385450408,0.000408352963859215,0.000427396327722818,0.000478965812362731,0.000528292322997004,0.000497405068017542,0.000482909759739414,0.000427705672336742,0.000484312593471259,0.00049145967932418,0.000468667451059446,0.000400961202103645,0.000449721468612552,0.000352888164343312,0.000494796317070723,0.00050181889673695,0.000475604902021587,0.00045360901276581,0.000438374496297911,0.000311313720885664,0.000417560484493151,0.000364860781701282,0.000466535828309134,0.000560010084882379,0.000506907294038683,0.000499502697493881,0.000497463915962726,0.000400522811105475,0.000370774447219446,0.000368294888176024,0.000405228493036702,0.00047580519458279,0.000513958686497062,0.000429480744060129,0.00047274015378207,0.000561492051929235,0.000385823339456692,0.000409313739510253,0.000471443228889257,
2428.0,0.000482514820760116,0.000463256321381778,0.00039937233668752,0.000397544266888872,0.000320509978337213,0.000359095516614616,0.000398767268052325,0.000455471337772906,0.000376984622562304,0.000477028894238174,0.000395054637920111,0.000429050502134487,0.000469124672235921,0.000537077896296978,0.000491924409288913,0.000454528315458447,0.00042483358993195,0.000472706859000027,0.000503510760609061,0.00046329468023032,0.000395766895962879,0.000442495744209737,0.000325211003655568,0.000484286720165983,0.000488072575535625,0.000484143412904814,0.000448418693849817,0.000432634260505438,0.000283164612483233,0.000421503908000886,0.000362407183274627,0.00046030041994527,0.00055394641822204,0.000499445246532559,0.000481789145851508,0.000502227805554867,0.000387944892281666,0.000361737998900935,0.00034097523894161,0.000398740317905322,0.000453853746876121,0.000503868563100696,0.000423731340561062,0.000447471131337807,0.000537323532626033,0.000369141751434654,0.000418786279624328,0.000453693850431591,
2429.0,0.000471304461825639,0.000446928694145754,0.000388346961699426,0.000380276178475469,0.000311400537611917,0.000354209798388183,0.000387189124012366,0.000444687815615907,0.000374349619960412,0.000459541188320145,0.000378477823687717,0.000425375648774207,0.000456775422208011,0.000526348245330155,0.000480306829558685,0.000441766605945304,0.000413693982409313,0.000462231284473091,0.000492971390485764,0.000448452075943351,0.000384353217668831,0.000429706007707864,0.000310973438899964,0.000467206147732213,0.000477205961942673,0.000474385073175654,0.000437014037743211,0.00042289710836485,0.000268938485532999,0.000413366477005184,0.000355998228769749,0.000443718919996172,0.000538448453880847,0.000481078546727076,0.000463590491563082,0.000492412771563977,0.000375688949134201,0.00035074821789749,0.000326530338497832,0.000385169347282499,0.00043033529073,0.000486989039927721,0.000406801962526515,0.000428137864219025,0.000516333035193384,0.000353126262780279,0.000407750165322796,0.000433349574450403,
2430.0,0.000449290964752436,0.0004099182842765,0.0003662632079795,0.000337553443387151,0.000299094594083726,0.000353706127498299,0.000374097318854183,0.000429731066105887,0.000380857585696504,0.000419510965002701,0.000329338770825416,0.000417779869167134,0.000422615819843486,0.000493236933834851,0.000436687609180808,0.000421528733568266,0.000389807275496423,0.000458637776318938,0.000470387225504965,0.000435687688877806,0.000349907641066238,0.000419475341914222,0.000299566483590752,0.000437012902693823,0.00044873493607156,0.00044521942618303,0.000425105798058212,0.000401466735638678,0.000260093947872519,0.00038885508547537,0.000340572150889784,0.000413145171478391,0.00050448696129024,0.000452148611657321,0.000440332747530192,0.000475652574095875,0.000363513972843066,0.000343875784892589,0.00031094514997676,0.000356912933057174,0.000399321783334017,0.000444504432380199,0.000361971266102046,0.000406019185902551,0.00048484664876014,0.000339850899763405,0.000389145978260785,0.000391032896004617,
2431.0,0.000429520616307855,0.000388421263778582,0.000352510862285271,0.000313841679599136,0.000285574118606746,0.000344048865372315,0.000360040401574224,0.000413002562709153,0.00037054781569168,0.000392929505323991,0.00030382233671844,0.000399233220377937,0.00040011148666963,0.000468928221380338,0.000412546505685896,0.00040538192843087,0.000370358466170728,0.000438999966718256,0.000452829845016822,0.000416549184592441,0.000331451854435727,0.000404138874728233,0.000286117661744356,0.000412432273151353,0.000430163723649457,0.000426891550887376,0.000408937921747565,0.000381194899091497,0.000250207667704672,0.000368658336810768,0.000327467743773013,0.000389145716326311,0.000479774142149836,0.000424459081841633,0.000418640120187774,0.000452236912678927,0.000350190937751904,0.000325285276630893,0.000294344965368509,0.000339450809406117,0.000376899348339066,0.000416846160078421,0.000337298988597468,0.00038568745367229,0.000456851441413164,0.000321718805935234,0.000370978232240304,0.000363126338925213,
2432.0,0.000409715750720352,0.000370998517610133,0.000345590116921812,0.00028905610088259,0.000272440141998231,0.000319141428917646,0.000334256183123216,0.000390004512155429,0.000349353591445833,0.000356855191057548,0.000289561168756336,0.000366164167644456,0.000375165225705132,0.000427618535468355,0.000392529706005007,0.000403694459237158,0.000342494895448908,0.000399576907511801,0.000417932402342558,0.000375928269932047,0.000319948507240042,0.000368109467672184,0.000277782732155174,0.000381531106540933,0.000417938048485667,0.000404154241550714,0.00037448012153618,0.000345985492458567,0.000250792101724073,0.000335054792230949,0.00031208893051371,0.000355448632035404,0.000446381280198693,0.00037265193532221,0.000381898891646415,0.000400712917326018,0.000330540147842839,0.000290826894342899,0.000278865394648165,0.000312137679429725,0.000347652385244146,0.000386234081815928,0.000307719717966393,0.000360195932444185,0.000419505056925118,0.000293022691039369,0.000327944988384843,0.000332091702148318,
2433.0,0.000390859378967434,0.000360917620128021,0.00033272008295171,0.000277960672974586,0.000265442882664502,0.000302585220197216,0.000324712338624522,0.000373479619156569,0.000333693227730691,0.00034235802013427,0.000284172361716628,0.000344759871950373,0.000361098936991766,0.000408846157370135,0.000376914045773447,0.000396882969653234,0.000331924675265327,0.000375354429706931,0.00040024024201557,0.000360094010829926,0.000303187203826383,0.00035865799873136,0.000272894831141457,0.000365026789950207,0.000406661158194765,0.00038901180960238,0.000356280797859654,0.000327583868056536,0.000241219837334938,0.000315709912683815,0.000294840807328001,0.000337346456944942,0.000427896913606673,0.000352983071934432,0.000371188041754067,0.00037847354542464,0.000319201441016048,0.000276173435850069,0.000269804149866104,0.000302462693070993,0.000337598408805206,0.000368510693078861,0.000297628721455112,0.00035223038867116,0.000400058430386707,0.000273636367637664,0.000310973526211455,0.000314031523885205,
2434.0,0.000358465127646923,0.000356954318704084,0.000314210657961667,0.000281745364191011,0.00025333627127111,0.000273961777566001,0.000320406717946753,0.000348206522176042,0.000305674213450402,0.000341207516612485,0.000294822064461187,0.000307520182104781,0.000354153016814962,0.000401255383621901,0.000368638255167753,0.00037853917456232,0.000328234949847683,0.000339921331033111,0.000390470173442736,0.000356079486664385,0.000281456566881388,0.000364532315870747,0.000260793603956699,0.000350846647052094,0.00039036083035171,0.000377541378838941,0.000338028912665322,0.000310173898469657,0.00021613942226395,0.000296365527901798,0.000265854236204177,0.000321757310302928,0.000416694383602589,0.000345318549079821,0.00037713028723374,0.000366169115295634,0.000304535118630156,0.000259261316386983,0.000253107660682872,0.000312315387418494,0.000337902398314327,0.000356461852788925,0.000309468887280673,0.000345702661434188,0.000386553030693904,0.00025121562066488,0.000307015725411475,0.000305134570226073,
2435.0,0.000347891094861552,0.000356795731931925,0.00031040859175846,0.000284801993984729,0.000252756348345429,0.000269489857601002,0.000318297185003757,0.000343920808518305,0.000295099394861609,0.000345780659699813,0.000295317615382373,0.000297293096082285,0.000358827004674822,0.000396109186112881,0.000358507066266611,0.000378481898223981,0.000330779585056007,0.000335094693582505,0.000387745967600495,0.000353734532836825,0.000277887942502275,0.000368654262274504,0.000255050777923316,0.0003511248214636,0.000386498839361593,0.00037572652217932,0.000334638898493722,0.00031127649708651,0.0002125419996446,0.000295716687105596,0.000262679968727753,0.000317717145662755,0.00040733689093031,0.000343855383107439,0.00038048584247008,0.00036869672476314,0.00030502665322274,0.000258410000242293,0.000250400218646973,0.000316978839691728,0.000344765954650939,0.000352626462699845,0.000311021110974252,0.000349829235346988,0.000380263343686238,0.000244813301833346,0.000309313094476238,0.000306518602883443,
2436.0,0.000349497247952968,0.000368952838471159,0.000307428417727351,0.00029575391090475,0.000264017697190866,0.000290752446744591,0.000326595269143581,0.000355849741026759,0.000293834134936333,0.000374721828848124,0.00029610435012728,0.000314177537802607,0.000378258991986513,0.000405012076953426,0.000346850516507402,0.000394155184039846,0.000351899856468663,0.000357738987077028,0.000393809023080394,0.000360727804945782,0.000281214714050293,0.000387337611755356,0.000262164190644398,0.000369226327165961,0.000394197733839974,0.000381553720217198,0.000352064467733726,0.000341270555509254,0.000211344013223425,0.000316670193569735,0.00027230626437813,0.00033280233037658,0.000407222541980445,0.000365128682460636,0.00039994838880375,0.000402092962758616,0.000325901492033154,0.000280075968476012,0.000269386393483728,0.000333500996930525,0.000373858405509964,0.000364385079592466,0.000318706297548488,0.000385820952942595,0.000391799840144813,0.000249910081038252,0.000326464272802696,0.000327582150930539,
2437.0,0.000352625735104084,0.000377633463358507,0.000313548051053658,0.000307539419736713,0.000273014913545921,0.000295736215775833,0.000330179202137515,0.000361885118763894,0.000295541947707534,0.000384140206733719,0.000301796710118651,0.000315859855618328,0.00039134340477176,0.000412320339819416,0.000343912717653438,0.000398954667616636,0.000357768818503246,0.000371404632460326,0.000404141290346161,0.000366739521268755,0.000285622256342322,0.000394813454477116,0.000262639572611079,0.000381701567675918,0.000396088435081765,0.000385536317480728,0.000363163242582232,0.000349670444848016,0.000217698834603652,0.000327200163155794,0.000275808240985498,0.000336565368343145,0.000411725923186168,0.000384506594855338,0.000407770654419437,0.000409974483773112,0.000334353098878637,0.000288522976916283,0.000274231220828369,0.000340760365361348,0.000386827246984467,0.000374110910343006,0.000328458932926878,0.00039475125959143,0.000400390243157744,0.000259453721810132,0.000342515995725989,0.00033638282911852,
2438.0,0.000377951306290925,0.000395993614802137,0.000345611420925707,0.000330138427671045,0.000290046707959846,0.000309048482449725,0.000340467115165666,0.000388653628760949,0.000308678456349298,0.000396472139982507,0.000305889057926834,0.000326194189256057,0.000416742434026673,0.000430373620474711,0.000348165194736794,0.000410095875849947,0.000363381986971945,0.000401183991925791,0.000435763038694859,0.000380716461222619,0.000314751610858366,0.000398817879613489,0.000257314619375393,0.00040781032294035,0.000412789173424244,0.000404932565288618,0.000387287116609514,0.000365707761375234,0.000253998470725492,0.0003515511052683,0.000301842257613316,0.000352304545231164,0.000425777107011527,0.000420302676502615,0.000411604851251468,0.000417688803281635,0.000353600858943537,0.000303046079352498,0.000285191810689867,0.000345297128660604,0.000402163859689608,0.000400558084947988,0.00034027238143608,0.000398094882257283,0.000418937037466094,0.00028700556140393,0.000372181530110538,0.000344124273397028,
2439.0,0.000387948035495356,0.000398040458094329,0.000351890048477799,0.000336937810061499,0.000292945886030793,0.000313262484269217,0.000340710306772962,0.000391372886952013,0.000314901291858405,0.000395441718865186,0.000310466071823612,0.000334327341988683,0.000418881943915039,0.00042956171091646,0.000354032905306667,0.000411119603086263,0.000362774619134143,0.000418606330640614,0.000445445039076731,0.000385026913136244,0.000316035177092999,0.000395667040720582,0.00026576203526929,0.000415688205976039,0.00041149920434691,0.000406966544687748,0.000390558590879664,0.000366833555744961,0.00026019656797871,0.000358165008947253,0.000301929336274043,0.000353160052327439,0.000432159460615367,0.000432671920862049,0.000410996930440888,0.000411988323321566,0.000356246688170359,0.000306503876345232,0.000282311637420207,0.000343686377163976,0.000406931183533743,0.000398129370296374,0.000343630410498008,0.000393397203879431,0.0004255460225977,0.000301157269859686,0.000384340499294922,0.000348855013726279,
2440.0,0.000394337868783623,0.000393111811717972,0.000354448013240471,0.000344604923157021,0.000298759754514322,0.000305607274640352,0.000341394741553813,0.000379881210392341,0.000331941846525297,0.000379421544494107,0.000333234580466524,0.000339121383149177,0.000414432259276509,0.000429845065809786,0.000370642490452155,0.000406993553042412,0.00036036066012457,0.000437686481745914,0.000452951266197488,0.000394767266698182,0.000303317559882998,0.000391044188290834,0.00029187454492785,0.000422693934524432,0.000399815471610054,0.000405632657930255,0.000389503373298794,0.000346849410561845,0.000254456303082407,0.000355179945472628,0.000284484849544242,0.000337357021635398,0.000451481260824949,0.000445326732005924,0.000410411128541455,0.000385689025279135,0.000338247686158866,0.000302591040963307,0.000263583613559604,0.000337813951773569,0.000398262753151357,0.000383870210498571,0.000350347661878914,0.00037364216404967,0.000435280875535682,0.000322811916703358,0.000398722302634269,0.000358654564479366,
2441.0,0.000391453504562378,0.000379922421416268,0.000341894483426586,0.000331451446982101,0.000290487718302757,0.00029100727988407,0.00032728657242842,0.000371002708561718,0.000322128704283386,0.000359528174158186,0.000329349131789058,0.000337123987264931,0.00039642647607252,0.000416437833337113,0.000374535156879574,0.000397042429540306,0.000340577535098419,0.000435058580478653,0.000441112526459619,0.000386251194868237,0.00029136476223357,0.000381823920179158,0.000287793314782903,0.000412480701925233,0.000385009945603088,0.000391866604331881,0.000376202457118779,0.000334676034981385,0.00024982524337247,0.000343430496286601,0.000268605188466609,0.000329734612023458,0.00043985404772684,0.000438177696196362,0.000403196463594213,0.000370034016668797,0.000323832762660459,0.000294690311420709,0.000250427634455264,0.000322910578688607,0.000390581815736368,0.000367840577382594,0.000346211163559929,0.000356515112798661,0.000418767769588158,0.000319809885695577,0.000388384127290919,0.000347574066836387,
2442.0,0.000388019718229771,0.000350403657648712,0.000304373941617087,0.000291477597784251,0.000271501485258341,0.000277186511084437,0.000295448378892615,0.000354517746018246,0.000297897116979584,0.000325759960105643,0.000305387016851455,0.000344804982887581,0.00035285999183543,0.000376347539713606,0.000383817707188427,0.000386017025448382,0.000302463915431872,0.000422876968514174,0.000404372025514022,0.000365765241440386,0.000268840201897547,0.000366224121535197,0.000277734943665564,0.00037989838165231,0.000354715477442369,0.000364773441106081,0.000337991426931694,0.000324142456520349,0.000230780569836497,0.000318589765811339,0.00024148313968908,0.000321684055961668,0.000403594953240827,0.000401294499170035,0.000391235633287579,0.000354679825250059,0.000308982213027775,0.000282173976302147,0.000228447213885374,0.000295349484076723,0.000388414540793747,0.000328980095218867,0.000332760042510927,0.000331575254676864,0.00037798608536832,0.000300606596283615,0.000354095711372793,0.000328580004861578,
2443.0,0.000364366249414161,0.000323916116030887,0.000279001978924498,0.000267097930191085,0.000241425310377963,0.00025681612896733,0.000269492767984048,0.000327739107888192,0.000274383142823353,0.000302289146929979,0.00028830548399128,0.000326149835018441,0.000328289170283824,0.000348856090568006,0.000363934930646792,0.000360283360350877,0.000275489670457318,0.000402049772674218,0.000377861666493118,0.000337578501785174,0.000247092364588752,0.000344938860507682,0.00025734378141351,0.000354941788828,0.000328721158439294,0.000335388642270118,0.000313643191475421,0.000306794361677021,0.00021485636534635,0.000298972096061334,0.0002280457993038,0.000306599016766995,0.000372565671568736,0.000370882131392136,0.00037092124694027,0.000336974451784045,0.000288223585812375,0.000266532471869141,0.000215922205825336,0.000273917830782011,0.000365867948858067,0.000301481719361618,0.000312352989567444,0.000313449942041188,0.000345616921549663,0.000280822860077024,0.000324682710925117,0.000306532921968028,
2444.0,0.000321466155583039,0.000294171564746648,0.000246729992795736,0.000239277331274934,0.000184182426892221,0.000214875966776162,0.000230533114518039,0.00029177576652728,0.000227088312385604,0.000278232211712748,0.000260288274148479,0.000277676328551024,0.000305241643218324,0.000320452469168231,0.000317652302328497,0.000311300478642806,0.000230825884500518,0.000352879666024819,0.000342881539836526,0.000287569710053504,0.000216480897506699,0.000312211253913119,0.000206021242775023,0.000321223895298317,0.000300506973871961,0.000284139823634177,0.000285270216409117,0.000284376437775791,0.000199217975023203,0.000270509626716375,0.000223844370339066,0.000289337069261819,0.00032295411801897,0.000328649854054675,0.000339162856107578,0.000316678255330771,0.00026465390692465,0.000240616282098927,0.000212540675420314,0.000246448093093932,0.000323816755553707,0.000277728628134355,0.000280266074696556,0.000297663762466982,0.000291888864012435,0.000235154075198807,0.000275916216196492,0.000259540393017232,
2445.0,0.000286932394374162,0.00026629664353095,0.000225924857659265,0.000214125408092514,0.000154093548189849,0.000188128164154477,0.000208063778700307,0.000264007219811901,0.000200869719265029,0.000252686935709789,0.000237406609812751,0.000248982250923291,0.000277857528999448,0.000288667244603857,0.000290513620711863,0.000281186308711767,0.000208116180147044,0.000320536317303777,0.000316042831400409,0.000259176566032693,0.000190944585483521,0.000290815893094987,0.000178963120561093,0.00029145457665436,0.000280018575722352,0.000253056903602555,0.000263439927948639,0.000261439359746873,0.000187194294994697,0.000250261917244643,0.000201293732970953,0.000271563330898061,0.000287983362795785,0.000299072184134275,0.00030958975548856,0.00030105045880191,0.000242293492192402,0.000225418349145912,0.000199475398403592,0.000223829381866381,0.000296627375064418,0.000258897809544578,0.000259552383795381,0.000276424165349454,0.000266371906036511,0.000213786435779184,0.000247823278186843,0.000231909565627575,
2446.0,0.000224236064241268,0.000229876124649309,0.000211764694540761,0.000198028414160945,0.000117263654829003,0.000163020900799893,0.000194358377484605,0.000217561842873693,0.00017650006338954,0.000222357877646573,0.00021530783851631,0.00020583595323842,0.000249589240411296,0.000251692137680948,0.000245319330133498,0.000243161979597062,0.000205795353394933,0.000281833112239838,0.000296646991046146,0.000224218078074045,0.000159963587066159,0.000261271052295342,0.00015745461860206,0.000259758118772879,0.000261569017311558,0.000224704635911621,0.000247181073063985,0.000228234654059634,0.000171495194081217,0.000236536536249332,0.000168173748534173,0.000242552574491128,0.000254435057286173,0.000270678254310042,0.00026922399410978,0.000287211005343124,0.000205323987756856,0.000205885458854027,0.000185672208317555,0.000204668642254546,0.000251116493018344,0.000239225497352891,0.000229981524171308,0.00025010498939082,0.000259802269283682,0.000199189365957864,0.000226841497351415,0.000208999495953321,
2447.0,0.000198123103473336,0.000210628233617172,0.000205896227271296,0.000172367450431921,0.000103864709672052,0.000148175677168183,0.000180713192094117,0.000203958741622046,0.000172051790286787,0.000208025317988358,0.000197852976270951,0.000183480617124587,0.000231223006267101,0.000233725120779127,0.000225018651690334,0.00022289298067335,0.000203419156605378,0.000263171066762879,0.000267523049842566,0.000205475414986722,0.000146416583447717,0.000245310715399683,0.000148417806485668,0.000238159977016039,0.00024278684577439,0.000210667320061475,0.000238740292843431,0.000207531789783388,0.000157819958985783,0.000219556895899586,0.00015284787514247,0.000227645825361833,0.000231950572924688,0.000249770761001855,0.000243324713665061,0.00027144787600264,0.000186222925549373,0.000193922751350328,0.000171959953149781,0.000190489736269228,0.000233660422964022,0.00022270368936006,0.000209719190024771,0.000237571832258254,0.000248354335781187,0.000187661207746714,0.000210492988117039,0.000192340041394345,
2448.0,0.000187301018740982,0.000193427011254244,0.00021071893570479,0.000121723540360108,0.000120131458970718,0.000142222866998054,0.000170451196026988,0.000218207540456206,0.000187310390174389,0.000196141030755825,0.000175057633896358,0.000178136338945478,0.000204302981728688,0.000216141808778048,0.000228454387979582,0.000218497632886283,0.000207170189241879,0.000260691362200305,0.000226203803322278,0.000206805081688799,0.000144650271977298,0.000251245190156624,0.000144813064252958,0.000212398474104702,0.000225094932829961,0.000213235136470757,0.000232409540330991,0.000192424296983518,0.000148941588122398,0.000199034155230038,0.000123525882372633,0.000222189104533754,0.000212567116250284,0.000233800965361297,0.000216556931263767,0.000253278587479144,0.000171730076544918,0.000194050779100507,0.000144419231219217,0.000173604013980366,0.000239825807511806,0.000211219536140561,0.000202068331418559,0.000224374089157209,0.000242421941948123,0.000185706274351105,0.000198770212591626,0.000176599380210973,
2449.0,0.000194802167243324,0.000193109299289063,0.000207779841730371,0.000117462797788903,0.000135214533656836,0.000138361894642003,0.000171903870068491,0.000222810864215717,0.000194959080545232,0.000198004418052733,0.000172160260262899,0.000173876454937272,0.000202467519557104,0.00021497682610061,0.000223275274038315,0.000219320980249904,0.000213597115362063,0.000251165358349681,0.000208704397664405,0.000204229989321902,0.000149060622788966,0.0002426998980809,0.000150113846757449,0.000205715696210973,0.000216107786400244,0.000216854867176153,0.000233151484280825,0.000179117603693157,0.000142523800604977,0.000186557444976643,0.000120148339192383,0.000216272674151696,0.000210797836189158,0.000234450199059211,0.00021185442165006,0.000247876247158274,0.000167128295288421,0.000189926780876704,0.000141677912324667,0.0001730112999212,0.000241449844907038,0.000208640427445062,0.000195632383110933,0.000221647904254496,0.000244124210439622,0.000187988334801048,0.000197884597582743,0.000172962172655389,
2450.0,0.000237671541981399,0.000211707490961999,0.000205055795959197,0.000137275928864256,0.000167142628924921,0.000141357246320695,0.000182389878318645,0.000239937216974795,0.000216881904634647,0.000222722272155806,0.000183401280082762,0.000180222312337719,0.00023041685926728,0.000233974089496769,0.000220370406168513,0.000230845602345653,0.000232432561460882,0.000254240032518283,0.00019227598386351,0.000205269825528376,0.000170142535353079,0.000223109746002592,0.000173979613464326,0.000217426335439086,0.000203360832529142,0.000225824100198224,0.000247142656007782,0.000163048884132877,0.000131870488985442,0.000172236977959983,0.000145714351674542,0.000207167060580105,0.000228375472943299,0.000243092435994186,0.000224961404455826,0.000243054251768626,0.000179733542609029,0.000189124315511435,0.000155749585246667,0.000191768383956514,0.000257024657912552,0.000207689561648294,0.000183807103894651,0.00023357747704722,0.000246849522227421,0.00019923692161683,0.000205806631129235,0.000182273899554275,
2451.0,0.000261819077422842,0.000230383579037152,0.000207263699849136,0.000149983447045088,0.000182917923666537,0.000151167580042966,0.000194433800061233,0.000250039098318666,0.000227555865421891,0.000246172188781202,0.00019493856234476,0.000194741412997246,0.000238073436776176,0.000252821308095008,0.000223376744543202,0.000246134586632252,0.000236492604017258,0.000256701488979161,0.000197177127120085,0.000216740270843729,0.000178456073626876,0.000230455698329024,0.000184604010428302,0.000228117030928843,0.000215933891013265,0.000240237466641702,0.000253853242611513,0.000169372346135788,0.00013324452447705,0.000173222913872451,0.000164386976393871,0.000216951477341354,0.000244665221543983,0.00025890427059494,0.00023829827841837,0.000249584612902254,0.000191276150872,0.000192602499737404,0.000161486081196927,0.000198104709852487,0.000263152032857761,0.000216475717024878,0.000191532191820443,0.00024914211826399,0.000256970495684072,0.000206803422770463,0.000218543500523083,0.000199193193111569,
2452.0,0.000293552089715377,0.000263160589383915,0.000205991877010092,0.000190671635209583,0.000199436195543967,0.000167218531714752,0.000222375601879321,0.000252428406383842,0.000227808675845154,0.00027532284730114,0.000221563779632561,0.000222041679080576,0.000245114875724539,0.000289373885607347,0.000223610652028583,0.000276216451311484,0.000230372170335613,0.000246690062340349,0.000229751385631971,0.000241428468143567,0.000179409093107097,0.000241427755099721,0.000196173888980411,0.000256616302067414,0.000250337441684678,0.000266640039626509,0.000261628185398877,0.000188208388863131,0.000148288730997592,0.000184082527994178,0.000192322113434784,0.00023597119434271,0.000267076538875699,0.000299106875900179,0.000267079827608541,0.000272350327577442,0.000212316910619847,0.000194987471331842,0.000179818744072691,0.000206007069209591,0.000263551075477153,0.000240189241594635,0.000220756264752708,0.000272282515652478,0.00028117498732172,0.000218098095501773,0.000245846837060526,0.000232405378483236,
2453.0,0.000318543345201761,0.00028815443511121,0.000211916762054898,0.000215881518670358,0.000210968224564567,0.00018187529349234,0.000232835955102928,0.000266964867478237,0.000235433544730768,0.000296529062325135,0.000244430324528366,0.00024245199165307,0.000257657113252208,0.000305341527564451,0.000242760303081013,0.000296435551717877,0.000239002780290321,0.000258184503763914,0.000258095504250377,0.000256012514000759,0.000196361521375366,0.00026063816039823,0.000210785598028451,0.000271000084467232,0.000274152640486136,0.000285251415334642,0.000276092410786077,0.00021028435730841,0.000158315029693767,0.000200139911612496,0.00021399898105301,0.000259102002019063,0.000294741825200617,0.000317572790663689,0.000290048716124147,0.000292724493192509,0.000225799114559777,0.000202161492779851,0.000184899850864895,0.000215967898839153,0.00027754288748838,0.000260326283751056,0.00023288962256629,0.000291704869596288,0.000304627930745482,0.000229037323151715,0.000266519229626283,0.000256354571320117,
2454.0,0.00032906502019614,0.000317695230478421,0.000229328667046502,0.000231991682085209,0.00020820795907639,0.000206851153052412,0.000231723999604583,0.000288027222268283,0.000247378018684685,0.000323994958307594,0.000270309596089646,0.000268077536020428,0.000262739806203172,0.000317014200845733,0.000280763575574383,0.000316025398205966,0.000249261385761201,0.000289108924334869,0.000300824001897126,0.000271410128334537,0.000221333524677902,0.000311888608848676,0.000227139185881242,0.000279060186585411,0.000312245538225397,0.00031025632051751,0.000292199401883408,0.000257424544543028,0.00017535503138788,0.000233219834626652,0.000246314593823627,0.000312743039103225,0.000337482430040836,0.00032849088893272,0.000313197495415807,0.000324820197420195,0.000234570165048353,0.000213226609048434,0.000173887281562202,0.000216856249608099,0.000298554892651737,0.000283575034700334,0.000248181953793392,0.000320981256663799,0.000333264004439116,0.000236782507272437,0.000288227980490774,0.000292121461825445,
2455.0,0.000350734684616327,0.000335559801897034,0.000250384357059374,0.000247505638981238,0.000210325335501693,0.000223827417357825,0.000237463362282142,0.000304412737023085,0.000257793028140441,0.000340144819347188,0.000283462810330093,0.000284174107946455,0.000279573228908703,0.000329142611008137,0.000303013657685369,0.000334295036736876,0.00025656697107479,0.000310346251353621,0.000327119720168412,0.000292767479550093,0.000237508516875096,0.000335654796799645,0.000239360495470464,0.000296830752631649,0.000341281644068658,0.000325602071825415,0.000309286348056048,0.000285668909782544,0.000179950031451881,0.000259703432675451,0.000263725203694776,0.000331788207404315,0.000361215497832745,0.000345996784744784,0.000336183584295213,0.000334871612722054,0.000250718818278983,0.000225338750169612,0.000178801623405889,0.000230882578762248,0.000313930271659046,0.000305583176668733,0.000260795379290357,0.000340504426276311,0.000356876262230799,0.000242679932853207,0.000307455396978185,0.000301901367492974,
2456.0,0.000399900192860514,0.000351687747752294,0.000276701321126893,0.000267064577201381,0.000218577712075785,0.000234373583225533,0.000243427435634658,0.000326936336932704,0.000267396855633706,0.0003493036783766,0.000298942875815555,0.000295252859359607,0.000324682507198304,0.000330392678733915,0.000339261518092826,0.000356598611688241,0.000273503217613325,0.000339557474944741,0.000353165640262887,0.000313406606437638,0.000267197203356773,0.000357792741851881,0.000250568060437217,0.000315383600536734,0.000375602394342422,0.000330606853822246,0.000338914600433782,0.000309654598822817,0.000175421591848135,0.000292520242510363,0.000269779498921707,0.000336608587531373,0.000392554211430252,0.000361999642336741,0.000366502092219889,0.000332703319145367,0.000271072320174426,0.000247482123086229,0.000190684862900525,0.000264401169260964,0.000340997154125944,0.000339658436132595,0.000265877664787695,0.000355493422830477,0.000394535076338798,0.000257859443081543,0.000340405094902962,0.00029151575290598,
2457.0,0.000399130221921951,0.000359946716343984,0.000293273158604279,0.000276974868029356,0.000221873851842247,0.000245774950599298,0.000245449511567131,0.000339542631991208,0.000273560232017189,0.000349948357325047,0.000296062557026744,0.000297663966193795,0.000330399867380038,0.000334195734467357,0.000355405325535685,0.000360936217475683,0.000288800016278401,0.00035785383079201,0.000369907735148445,0.000325381173752248,0.000275985454209149,0.000360674312105402,0.000262513553025201,0.000325479690218344,0.000379343400709331,0.000343047664500773,0.000344796048011631,0.000324260501656681,0.000180222559720278,0.000315365876303986,0.000272182864136994,0.000341084058163688,0.000405154831241816,0.000375845702365041,0.00038555811624974,0.000343783874996006,0.000283351371763274,0.000252788886427879,0.000200490685529076,0.000276973791187629,0.000345718901371583,0.00035088206641376,0.000277138431556523,0.000359684927389026,0.000399020151235163,0.000259589432971552,0.000338543672114611,0.000295318721327931,
2458.0,0.000368628127034754,0.000359273457434028,0.000317994592478499,0.000276446924544871,0.000218312416109256,0.00026396251632832,0.000251640507485718,0.000358411169145256,0.000280984386336058,0.000344909145496786,0.000273163255769759,0.000297700549708679,0.000317208876367658,0.000342156796250492,0.000353884766809642,0.000351799884811044,0.000299726903904229,0.000377363379811868,0.000380802724976093,0.000347029359545559,0.000262520683463663,0.000339199381414801,0.000277883518720046,0.000345058622770011,0.000366366526577622,0.000362326012691483,0.000335226708557457,0.000339637597789988,0.00018488711793907,0.000340606551617384,0.000266602641204372,0.000326206092722714,0.000390149216400459,0.000401548692025244,0.000408764550229535,0.000353796553099528,0.000303941691527143,0.000254555750871077,0.000219721390749328,0.000283084315015003,0.00033613748382777,0.000347365305060521,0.000299737381283194,0.000358930061338469,0.000376737792976201,0.000247851305175573,0.000315258133923635,0.000288694689515978,
2459.0,0.000361866841558367,0.000352326809661463,0.000323254964314401,0.000271387601969764,0.000216956046642736,0.000268718431470916,0.000247888034209609,0.000347199267707765,0.000282985303783789,0.000332670839270577,0.000265086215222254,0.000285706453723833,0.000308384507661685,0.000344718806445599,0.000357981974957511,0.000347292807418853,0.000304725166643038,0.000374898983864114,0.000374969793483615,0.000348897854564711,0.000264168105786666,0.000337653240421787,0.000271739409072325,0.000344238214893267,0.000352539937011898,0.000353003037162125,0.000338656216626987,0.000332558818627149,0.00018471029761713,0.000340438535204157,0.000255122547969222,0.000320343911880627,0.00038751499960199,0.000401408673496917,0.000408372608944774,0.00034991223947145,0.000308985094306991,0.000252264697337523,0.000228682445595041,0.000285280286334455,0.000325684522977099,0.000348474888596684,0.000302400556392968,0.000349689129507169,0.000371074420399964,0.000244298920733854,0.000298664817819372,0.000288071052636951,
2460.0,0.000328246154822409,0.000333859410602599,0.000314113422064111,0.000258419458987191,0.000217654989683069,0.000265138543909416,0.00022759719286114,0.000306594127323478,0.000282865483313799,0.000308908813167363,0.000251970981480554,0.000259304419159889,0.000271143770078197,0.000343088118825108,0.000364061270374805,0.000332080177031457,0.000313864526106045,0.000355483905877918,0.000360328442184255,0.000328883237671107,0.000272314384346828,0.000331851479131728,0.000252725963946432,0.000326607754686847,0.000309408671455458,0.000333005475113168,0.000340754486387596,0.000301985564874485,0.000192915016668849,0.000320404680678621,0.000231239901040681,0.00032400360214524,0.000383964739739895,0.000379453209461644,0.000383683131076396,0.000351022463291883,0.000294148660032079,0.000230981750064529,0.000233246202697046,0.000281396438367665,0.000305427965940908,0.000344011874403805,0.000290136609692127,0.000323869433486834,0.000350567541318014,0.000234950115554966,0.000250012322794646,0.000306068948702887,
2461.0,0.000314510922180489,0.000319520069751889,0.000301926163956523,0.000261353037785739,0.000217360895476304,0.000256816565524787,0.000224014976993203,0.000296041805995628,0.000279355706879869,0.000286430702544749,0.000243752874666825,0.000240288267377764,0.000264275149675086,0.000335193995852023,0.000342792889568955,0.000323437969200313,0.000313499971525744,0.000342211365932599,0.000344450032571331,0.000324319524224848,0.000267475552391261,0.00031868921360001,0.000250700919423252,0.000308793620206416,0.000285425398033112,0.000316967518301681,0.000330723356455565,0.000284806941635907,0.000179202092112973,0.000305856228806078,0.000224887757212855,0.000307383219478652,0.000372613139916211,0.000365394749678671,0.000369626970496029,0.000347376160789281,0.000291947886580601,0.000223154100240208,0.000233081125770696,0.000267476483713835,0.000289327173959464,0.000330142676830292,0.000279953877907246,0.000316478399327025,0.00034403259633109,0.000231285870540887,0.000239289554883726,0.000299762497888878,
2462.0,0.000335415301378816,0.000295293721137568,0.000272109406068921,0.00027024099836126,0.000214542262256145,0.000233194761676714,0.00022853139671497,0.00027714908355847,0.000272545294137672,0.000254556740401313,0.000239474538830109,0.000209857302252203,0.000280951760942116,0.000326592591591179,0.000300895975669846,0.000326538051012903,0.000300675659673288,0.000312973133986816,0.000296415120828897,0.000318189617246389,0.000256480765528977,0.000308684800984338,0.000235988540225662,0.00027753395261243,0.000274465797701851,0.000277206301689148,0.000317681377055123,0.000255690654739738,0.000141656302730553,0.000273179786745459,0.000221633948967792,0.000275263824732974,0.000360222911695018,0.000338675017701462,0.000342071783961728,0.000322475098073483,0.000293037388473749,0.000223347975406796,0.000228817196330056,0.000245988980168477,0.000264912261627615,0.000311201525619254,0.000259581691352651,0.000312151794787496,0.00035740141174756,0.000237199783441611,0.000256643194006756,0.000276838254649192,
2463.0,0.000319038575980812,0.000284279754851013,0.000257497333223,0.000260281783994287,0.000209890917176381,0.000222350616240874,0.000226676260353997,0.000264468952082098,0.000261296198004857,0.00023805936507415,0.000235993735259399,0.000197411820408888,0.000275998230790719,0.000316497724270448,0.000273588113486767,0.000314448174322024,0.000284955953247845,0.000297431630315259,0.00028901020414196,0.000315227662213147,0.000250142678851262,0.000307439215248451,0.000229761906666681,0.000256036641076207,0.000258201296674088,0.000261741923168302,0.000313782598823309,0.00023631336807739,0.000130262138554826,0.000259639462456107,0.000218306478927843,0.000260307540884241,0.000348510773619637,0.000329177215462551,0.000321679312037304,0.000308918883092701,0.000283905275864527,0.000222483620746061,0.000222505128476769,0.000231701938901097,0.000253293517744169,0.000298650411423296,0.000252368830842897,0.000307764712488279,0.000351705704815686,0.000237580417888239,0.000254235637839884,0.000262987043242902,
2464.0,0.000283750559901819,0.00028707628371194,0.000247365998802707,0.000254125916399062,0.000207088945899159,0.000215968655538745,0.000227108568651602,0.000280031643342227,0.000240331908571534,0.000222920411033556,0.00023889156000223,0.000190491235116497,0.000274793710559607,0.000294177298201248,0.000224924951908179,0.000287812406895682,0.000268322939518839,0.000295819190796465,0.000306428788462654,0.000318009871989489,0.00023648381466046,0.000304012122796848,0.000252252270001918,0.000230629491852596,0.000234204635489732,0.000262072629993781,0.000304307468468323,0.000226327319978736,0.000119131058454514,0.000259787891991436,0.000227829572395422,0.000236751016927883,0.000327642686897889,0.000334598997142166,0.000314577337121591,0.000308427755953744,0.000274591875495389,0.000224514325964265,0.000203640447580256,0.000201313203433529,0.000245715433266014,0.000273003854090348,0.000255722436122596,0.000315568264340982,0.000337949983077124,0.000240514433244243,0.000260683940723538,0.000240190260228701,
2465.0,0.000259154156083241,0.000275662809144706,0.000230167745030485,0.000240786786889657,0.000200287249754183,0.000202362076379359,0.000231487196288072,0.000273782497970387,0.000227589334826916,0.000211904422030784,0.000234365361393429,0.000192500796401873,0.000268412666628137,0.000276459031738341,0.000212223501875997,0.000269429729087278,0.000254320708336309,0.000274851190624759,0.000303140579489991,0.000307170819723979,0.000220655536395498,0.000292130454909056,0.000240055989706889,0.00021325251145754,0.00022707405150868,0.000254849466728047,0.00028611472225748,0.000212015889701433,0.000122888581245206,0.000244989467319101,0.000219544497667812,0.000231469763093628,0.000310109549900517,0.000320732389809564,0.000301327265333384,0.000299765990348533,0.000259455875493586,0.000224124640226364,0.000196932422113605,0.00019288671319373,0.000238131120568141,0.000257562351180241,0.000251697842031717,0.000298238795949146,0.000324905704474077,0.000232230973779224,0.000249339413130656,0.000228972232434899,
2466.0,0.000227569267735817,0.00026173546211794,0.000219185210880823,0.000200901558855549,0.00018795566575136,0.000190878621651791,0.00023336595040746,0.000244988565100357,0.000214895946555771,0.000212931641726755,0.000227653232286684,0.00021607190137729,0.000244798109633848,0.00026250968221575,0.000233350961934775,0.00024722728994675,0.000224606148549356,0.000239881337620318,0.000315997545840219,0.000300032465020195,0.000213459396036342,0.000288113631540909,0.000197684377781115,0.000203026414965279,0.000232754900935106,0.000246486539253965,0.00027324934490025,0.000191917511983775,0.000157090660650283,0.000227850061492063,0.000200201233383268,0.000249014876317233,0.000294913537800312,0.000300970539683476,0.000284220412140712,0.000284950423520058,0.000232698759646155,0.000220544665353373,0.000189759550266899,0.000205130243557505,0.000240158769884147,0.000255335151450709,0.000249952980084345,0.000264558533672243,0.000305044959532097,0.000213786552194506,0.000220952133531682,0.000225536365178414,
2467.0,0.000204268377274275,0.000247191928792745,0.000208363693673164,0.000181286974111572,0.00017906742868945,0.000180428454768844,0.000233392740483396,0.000231499652727507,0.000204127471079119,0.000210483485716395,0.000221969428821467,0.000215123203815892,0.00023440936638508,0.000250835786573589,0.000222757706069387,0.000234263919992372,0.000218596309423447,0.000223002600250766,0.000304087647236884,0.000272111152298748,0.000195235988940112,0.000282305671134964,0.000186943201697432,0.000199664340470918,0.000228025921387598,0.00024215379380621,0.00026469212025404,0.000184779550181702,0.000144277713843621,0.000207781049539335,0.000187115947483107,0.000246609939495102,0.000279045139905065,0.000285774614894763,0.000263362628174946,0.000260769971646369,0.000214575484278612,0.000223273862502538,0.000189666840014979,0.000200331749510951,0.000239806046010926,0.000247974705416709,0.000231518235523254,0.000243878646870144,0.000295429927064106,0.000197369634406641,0.000200391747057438,0.000220667163375765,
2468.0,0.000173180480487645,0.000226164251216687,0.000185303288162686,0.000171455743839033,0.000172536689206026,0.000156581532792188,0.00024455165839754,0.00022780268045608,0.00019808359502349,0.000207727411179803,0.000209218706004322,0.00021218360052444,0.000229556462727487,0.000236762440181337,0.000206973374588415,0.000233223458053544,0.000236818494158797,0.000205998556339182,0.000262056768406183,0.000216398679185659,0.0001541582896607,0.000258964981185272,0.000180777133209631,0.000207014250918292,0.000228487246204168,0.000247357966145501,0.000245299568632618,0.000192156207049266,0.000107513362308964,0.000177833178895526,0.000168930477229878,0.000238226712099276,0.000266746646957472,0.000260862230788916,0.000237792191910557,0.000230749064940028,0.000194948835996911,0.00023313719430007,0.000211271093576215,0.0001965997798834,0.000235618324950337,0.000237856133026071,0.000193313855561428,0.000210488418815657,0.000288782903226092,0.000171867708559148,0.000179629641934298,0.000220748508581892,
2469.0,0.000177337555214763,0.000200721915462054,0.000158619091962464,0.000159589151735418,0.000170443003298715,0.000165566176292486,0.000233407728956081,0.000209778576390818,0.000188254984095693,0.000198241395992227,0.000199211368453689,0.000199647693079896,0.000220085916225798,0.000232676975429058,0.000188567995792255,0.000223341019591317,0.00021288737480063,0.000210832004086114,0.000249185046413913,0.000207962628337555,0.000152414184412919,0.000246205396251753,0.000183553842362016,0.00021362466213759,0.000223255890887231,0.000245533621637151,0.000237603031564504,0.000183671203558333,9.68557724263519e-05,0.000152655193232931,0.000166053083376028,0.000232059857808053,0.000240161243709736,0.000249546894337982,0.000212774495594203,0.000211573074921034,0.000193540414329618,0.00023658576537855,0.000193391169887036,0.000183256852324121,0.000249295204412192,0.000220393238123506,0.000175930457771756,0.000204106589080766,0.000288901675958186,0.000163718272233382,0.000160053590661846,0.000216600834392011,
2470.0,0.00018722700770013,0.000186654491699301,0.000149796644109301,0.000164205965120345,0.000149743907968514,0.000185422162758186,0.000211679682251997,0.000191708400961943,0.000181248833541758,0.000190349557669833,0.000199931993847713,0.000175102250068448,0.000211689563002437,0.000221034453716129,0.000190165301319212,0.000216195126995444,0.000197119385120459,0.000211893522646278,0.000242306210566312,0.000190473816473968,0.000153444038005546,0.000253348029218614,0.000186820834642276,0.000199691712623462,0.000202176903258078,0.000238190550589934,0.000223720184294507,0.000167625301401131,8.18296612123959e-05,0.000139100811793469,0.000156717331265099,0.000235129104112275,0.000218755376408808,0.000243969960138202,0.000180060713319108,0.000188400503247976,0.000188984355190769,0.000229742217925377,0.000173926324350759,0.000169641221873462,0.000258413201663643,0.000215465377550572,0.000171581879840232,0.000213405801332556,0.000285112473648041,0.000162560769240372,0.000130938526126556,0.000211395716178231,
2471.0,0.000182266041520052,0.000181914016138762,0.00014803277736064,0.000170605140738189,0.000139784475322813,0.000191554761840962,0.000212121347431093,0.000194588836166076,0.00018474979151506,0.000172245112480596,0.000183173062396236,0.000173030930454843,0.000198741952772252,0.000198511756025255,0.00019010940741282,0.000208466546609998,0.000176222703885287,0.000208874786039814,0.000248758355155587,0.000199720059754327,0.000162506024935283,0.000249966891715303,0.000170016297488473,0.000198095280211419,0.000199620262719691,0.000229708995902911,0.000204043375561014,0.000153022672748193,9.70842447713949e-05,0.00015502781025134,0.000165029865456745,0.000233298211242072,0.000203925956157036,0.000229064826271497,0.00016676117957104,0.000187051628017798,0.000201552058570087,0.000210966245504096,0.0001783327315934,0.000150276740896516,0.000250816869083792,0.000208130077226087,0.000164672514074482,0.000222520771785639,0.000279637111816555,0.000151811400428414,0.000137256065499969,0.000206966200494207,
2472.0,0.000203384493943304,0.00014964779256843,0.000167091857292689,0.000182051546289586,0.000127221763250418,0.000187548997928388,0.000208872152143158,0.000194920037756674,0.000198083289433271,0.000167508216691203,0.00017653382383287,0.000158277995069511,0.000207542310818098,0.00019219407113269,0.000183979835128412,0.000176026049302891,0.000145053578307852,0.000193130719708279,0.000264406262431294,0.000213353472645395,0.000182725503691472,0.000228979071835056,0.0001615143410163,0.000190798135008663,0.000190181614016183,0.000198811030713841,0.000172071071574464,0.000134895570226945,0.000119186472147703,0.00017100949480664,0.000176155474036932,0.000234512452152558,0.000184365198947489,0.000212896964512765,0.000168170503457077,0.000188282661838457,0.000207516408408992,0.000167214777320623,0.000167258069268428,0.000147382379509509,0.000233865139307454,0.000185341748874635,0.000176094035850838,0.00022815506963525,0.000257040810538456,0.000143001321703196,0.000134511094074696,0.000194627980818041,
2473.0,0.000182262883754447,0.000145960162626579,0.000185040495125577,0.000183781492523849,0.000110956883872859,0.000181672017788514,0.000204509997274727,0.000184266362339258,0.000215158754144795,0.000160007242811844,0.000169881284818985,0.000155139467096888,0.000205312899197452,0.000204219642910175,0.000184542892384343,0.000172653351910412,0.000134563000756316,0.000191558850929141,0.000259442836977541,0.000197375746211037,0.000183280993951485,0.000225416384637356,0.000161875388585031,0.000185320983291604,0.000168556871358305,0.000182356277946383,0.000143417200888507,0.00013378587027546,0.000109774598968215,0.000177045134478249,0.000178747810423374,0.000220791102037765,0.000196419743588194,0.000213917912333272,0.000165051969815977,0.0002025667054113,0.00019947336113546,0.00012636196333915,0.000160007097292691,0.000152975058881566,0.000201139046112075,0.000176679415744729,0.000168402344570495,0.000223619514144957,0.000222807386307977,0.000154261928400956,0.000139669777126983,0.00018415781960357,
2474.0,0.000145322730531916,0.000162329350132495,0.000186280580237508,0.000172617685166188,0.000120095399324782,0.000147391736391,0.000214398038224317,0.000186565637704916,0.000215061896597035,0.00014926286530681,0.000159079048899002,0.000162664728122763,0.00020434582256712,0.000199180591152981,0.000165607998496853,0.000166229830938391,0.000134657486341894,0.000198591384105384,0.000239074055571109,0.000179576134542003,0.000186743229278363,0.000220331858145073,0.000149052750202827,0.000196283072000369,0.000171452775248326,0.000183166048373096,0.00014445224951487,0.000152602267917246,8.63971581566148e-05,0.000195786968106404,0.00017732939159032,0.000204365438548848,0.000202426672331057,0.000218611166928895,0.000182553558261134,0.000214265251997858,0.000179865892278031,0.000113444679300301,0.000176102708792314,0.000141322569106705,0.000171032748767175,0.000176449786522426,0.000152851862367243,0.000215929961996153,0.000194387481315061,0.000168086728081107,0.000158792405272834,0.000180447794264182,
2475.0,0.000145534388138913,0.00013989293074701,0.000176359637407586,0.000155672561959364,0.000118700438179076,0.000127735067508183,0.000205684918910265,0.000183103606104851,0.000197642817511223,0.000132132772705518,0.000166306854225695,0.000158001421368681,0.000185325989150442,0.000178259128006175,0.000174903165316209,0.000141623459057882,0.000129659005324356,0.000183468262548558,0.000210601283470169,0.000148736449773423,0.000178423244506121,0.00020222864986863,0.000154335997649468,0.000198265130165964,0.000157810034579597,0.000176294619450346,0.000146374004543759,0.000154043111251667,6.40033322270028e-05,0.000192908613826148,0.000153006039909087,0.000197960442164913,0.000200696886167862,0.000207305303774774,0.000185327851795591,0.000188775840797462,0.000145712692756206,0.000108325191831682,0.000167199759744108,0.000150372681673616,0.000163936972967349,0.000162533891852945,0.000139639101689681,0.000197817134903744,0.000164022159879096,0.000190852544619702,0.000175248729647137,0.000161426170961931,
2476.0,0.000131989407236688,0.000141808573971502,0.000133889989228919,0.000141481476020999,0.000110574052087031,0.000137309398269281,0.000186053119250573,0.000169437756994739,0.000168822647538036,0.000113514448457863,0.000155693138367496,0.000161035233759321,0.00015170760161709,0.000165492441738024,0.000196338092791848,0.000150543070049025,0.000127770341350697,0.000157485628733411,0.00016182946274057,0.000131237145978957,0.000163115721079521,0.00018631701823324,0.000153829139890149,0.000197158369701356,0.000149582760059275,0.000174612752743997,0.000135181631776504,0.000156910813529976,6.30619397270493e-05,0.000174273518496193,0.000132991932332516,0.000177957626874559,0.00021032131917309,0.000196631444850937,0.000186610806849785,0.000172062238561921,0.000130011248984374,0.000108294341771398,0.000142628588946536,0.000161227551870979,0.000163004457135685,0.000156291556777433,0.000113729969598353,0.000180081129656173,0.000158960407134145,0.000203361152671278,0.000179774011485279,0.000147789440234192,
2477.0,0.000108972330053803,0.000160915922606364,8.17030304460786e-05,0.000146025107824244,0.000104192651633639,0.000111271940113511,0.000168784696143121,0.000170321858604439,0.000143731507705525,0.000108542444650084,0.000139914554893039,0.000154111345182173,0.000125595121062361,0.000126778904814273,0.000199245128897019,0.000137067574542016,0.000126391445519403,0.000120942684588954,0.000129213847685605,0.000140351548907347,0.000153453293023631,0.000167116391821764,0.000136633141664788,0.000191142797120847,0.000171541585586965,0.000169335762620904,0.000144551057019271,0.000169212347827852,7.28289887774736e-05,0.000174350163433701,0.000123610530863516,0.000158169990754686,0.000215749969356693,0.000188855672604404,0.000195763146621175,0.000143213925184682,0.000125592690892518,0.00013225685688667,0.000130154236103408,0.000153619519551285,0.000177749403519556,0.000137934330268763,0.000103690552350599,0.000163174714543857,0.000170658648130484,0.0001798623270588,0.000168633152497932,0.000137290902785026,
2478.0,9.85191800282337e-05,0.000140926335006952,6.22238731011748e-05,0.000152819222421385,8.50316209835e-05,8.99209262570366e-05,0.000144474281114526,0.000176092245965265,0.000118675161502324,0.000101535726571456,0.000138535469886847,0.000148589097079821,9.09659502212889e-05,0.000103887905424926,0.000202274648472667,0.000104384584119543,0.000121156728710048,9.7810901934281e-05,0.000115220951556694,0.000143461729749106,0.000130092797917314,0.000156607347889803,0.000129266205476597,0.00017289473908022,0.000176327783265151,0.000148646475281566,0.000144022676977329,0.000156563663040288,8.62365413922817e-05,0.000155818663188256,0.000119593503768556,0.000152634296682663,0.000222395334276371,0.000174124361365102,0.000189504600712098,0.00010196867515333,0.000129709136672318,0.000134292960865423,0.0001167879163404,0.000160250929184258,0.000186195538844913,0.00012009299825877,0.000109449720184784,0.000134151458041742,0.000158587805344723,0.000145363577757962,0.0001809290406527,0.000121036478958558,
2479.0,7.51388506614603e-05,0.000135707887238823,4.60762057628017e-05,0.00015417106624227,6.83273901813664e-05,6.69836590532213e-05,0.00014723751519341,0.000169428414665163,9.11074675968848e-05,0.000105023529613391,0.000129747539176606,0.000152841632370837,9.31942631723359e-05,0.00012093906843802,0.00017333346477244,0.00010164626291953,0.000113910296931863,0.000121674529509619,0.00010162933904212,0.000151027386891656,0.000112126210296992,0.000132259679958224,0.000121138284157496,0.000146033373312093,0.000165802397532389,0.00012985743524041,0.000108890104456805,0.000142692777444609,0.000118045361887198,0.000122371333418414,0.000113190028059762,0.000142808319651522,0.000214030369534157,0.000179026785190217,0.000182857344043441,9.70204346231185e-05,0.000144951409311034,0.000122663637739606,0.000104651444416959,0.000166358557180502,0.000169034610735253,0.000106340499769431,0.000117902818601578,0.000101660516520496,0.00015092219109647,0.000121009528811555,0.00016122694069054,0.000120555276225787,
2480.0,5.02575821883511e-05,0.000139994299388491,3.84484628739301e-05,0.000162207070388831,5.62777349841781e-05,3.51612252416089e-05,0.000154488705447875,0.000161061077960767,7.61064293328673e-05,9.90860135061666e-05,0.000122606114018708,0.000154066947288811,9.82287820079364e-05,0.00012149965914432,0.000158765862579457,9.62222038651817e-05,9.91326669463888e-05,0.000158628172357567,0.000100686687801499,0.000154357694555074,0.000107527761429083,9.90475309663452e-05,0.000107925297925249,0.000105472550785635,0.000160313356900588,0.000120332209917251,9.85543592832983e-05,0.000138743838761002,0.000124701153254136,9.50407193158753e-05,0.000105110622826032,0.000130402826471254,0.00018686696421355,0.000172056927112862,0.000176395726157352,0.000114782873424701,0.000142283388413489,0.000132449204102159,7.96330641605891e-05,0.000143845696584322,0.000161764590302482,9.38507073442452e-05,0.000129141131765209,7.14918933226727e-05,0.000142893433803692,0.000106299070466775,0.000130156447994523,0.00011984082084382,
2481.0,5.31104524270631e-05,0.000108690008346457,5.46858464076649e-05,0.000155884001287632,3.76654206775129e-05,5.48365278518759e-05,0.000146532329381444,0.000155994304805063,6.27736953902058e-05,7.57666057324968e-05,0.000111043344077189,0.000139071620651521,8.25965908006765e-05,0.000129845677292906,0.000155133675434627,0.000109124906884972,7.26367143215612e-05,0.0001619922259124,8.44545211293735e-05,0.000146553255035542,9.34339986997657e-05,8.51003351272084e-05,9.29263696889393e-05,8.02338472567499e-05,0.00014427347923629,0.000104945604107343,9.77885938482359e-05,0.00012729485752061,0.000109731619886588,7.88013057899661e-05,0.000117220864922274,0.000120736804092303,0.000163559641805477,0.000127640014397912,0.000147125334478915,0.000123508449178189,0.000141180586069822,0.000113415371743031,5.65714253752958e-05,0.000126636456116103,0.00015226831601467,0.000100219418527558,0.000129400010337122,6.19804923189804e-05,0.000105862760392483,9.71290792222135e-05,0.000138599425554276,0.00010666318848962,
2482.0,5.84047811571509e-05,7.5021329394076e-05,4.83782205265015e-05,0.000136821254272945,2.9382621505647e-05,7.09785308572464e-05,0.000157561793457717,0.000154570079757832,6.79650111123919e-05,5.4138643463375e-05,9.24328924156725e-05,0.000120192999020219,9.51066831476055e-05,0.000130667292978615,0.000135621172375977,0.000139374067657627,6.53095048619434e-05,0.000144219826324843,6.55070398352109e-05,0.000126588958664797,7.81903800088912e-05,6.66230189381167e-05,9.51485199038871e-05,7.3906710895244e-05,0.000136142785777338,7.4931034760084e-05,8.86217676452361e-05,0.000111572917376179,9.18756340979598e-05,7.17967704986222e-05,0.000104969301901292,9.84796351986006e-05,0.000142666525789537,0.000101620389614254,0.000114833972475026,0.000114254762593191,0.000133241061121225,8.33298909128644e-05,4.31405896961223e-05,0.000120833268738352,0.00013267423491925,9.1326524852775e-05,0.000111391454993282,6.98760049999692e-05,8.77044658409432e-05,9.07291032490321e-05,0.000116910014185123,8.86798225110397e-05,
2483.0,6.29463393124752e-05,6.27873523626477e-05,3.07217633235268e-05,0.000109320862975437,3.32996096403804e-05,7.23826087778434e-05,0.00012805218284484,0.000147882834426127,8.84256369317882e-05,4.45956538897008e-05,7.6423108112067e-05,9.95434238575399e-05,8.5716754256282e-05,0.000109762986539863,0.00013685692101717,0.000153818895341828,6.41953301965259e-05,0.00012255682668183,5.8575769799063e-05,0.000103748832771089,6.92349349264987e-05,6.32753217360005e-05,8.49460629979149e-05,8.25087481644005e-05,0.000151712345541455,5.84580047870986e-05,0.00010403342457721,0.000114232621854171,5.32484154973645e-05,6.06767316639889e-05,9.71606932580471e-05,8.69687064550817e-05,0.000129330946947448,8.84514010977e-05,0.000104765065771062,0.000114400252641644,0.000118115691293497,6.92083049216308e-05,1.38642599267769e-05,9.52715854509734e-05,0.000114354370452929,6.71714296913706e-05,9.07467619981617e-05,8.35038881632499e-05,8.42356603243388e-05,7.9646211815998e-05,9.62209742283449e-05,6.65168554405682e-05,
2484.0,7.04242556821555e-05,5.98424740019254e-05,9.09792834136169e-06,8.5100342403166e-05,2.82789987977594e-05,7.93627332313918e-05,8.11616700957529e-05,0.000136274917167611,9.69040993368253e-05,4.9090274842456e-05,6.01899373577908e-05,7.96431631897576e-05,6.381947605405e-05,9.28401495912112e-05,0.000121294542623218,0.000146979946293868,4.92263061460108e-05,9.63869097176939e-05,4.44128017988987e-05,9.32932452997193e-05,5.71262826269958e-05,7.22534023225307e-05,5.4717998864362e-05,0.000100875593489036,0.00014122884022072,6.11866562394425e-05,0.000105385719507467,0.000106778032204602,1.95083393919049e-05,7.65746444812976e-05,0.000108338572317734,9.93718422250822e-05,0.000137148148496635,8.95635239430703e-05,9.29289381019771e-05,0.000114319489512127,0.000119382595585193,4.80737944599241e-05,1.00680399555131e-05,9.32761613512412e-05,9.76146911852993e-05,6.75836563459598e-05,7.93055514805019e-05,0.000108539352368098,7.05892380210571e-05,7.38685121177696e-05,9.87379826256074e-05,4.92065337311942e-05,
2485.0,6.57528726151213e-05,4.31331864092499e-05,-4.69792757940013e-06,6.76111303619109e-05,2.78648840321694e-05,5.43341120646801e-05,7.2246344643645e-05,0.000128877712995745,9.2186288384255e-05,5.53449099243153e-05,6.23877276666462e-05,8.88277281774208e-05,8.50771248224191e-05,6.73709655529819e-05,8.23167283670045e-05,0.000120553064334672,5.36627339897677e-05,9.65405342867598e-05,4.23942074121442e-05,7.03736805007793e-05,6.62971651763655e-05,6.52728485874832e-05,4.03958511014935e-05,9.59180324571207e-05,0.000100739453046117,5.62316563446075e-05,0.000100548713817261,8.81018495419994e-05,-5.40244741387141e-07,8.87343849171884e-05,6.30117647233419e-05,0.000102845435321797,0.000143868863233365,0.000110400033008773,9.45118590607308e-05,9.34071213123389e-05,0.000112005094706547,4.38669012510218e-05,3.37412166118156e-05,8.8088600023184e-05,8.24628441478126e-05,7.48516758903861e-05,7.27400474715978e-05,0.000110308479634114,8.0553705629427e-05,6.86929124640301e-05,8.77492493600585e-05,5.86145579291042e-05,
2486.0,7.06403880030848e-05,3.04801505990326e-05,9.12128962227143e-06,3.83557489840314e-05,2.57856718235416e-05,3.82630860258359e-05,4.90844759042375e-05,0.000110201632196549,8.07013857411221e-05,7.69411999499425e-05,6.61014491925016e-05,8.64456087583676e-05,9.10260205273516e-05,5.18089836987201e-05,5.73177530895919e-05,9.40030076890253e-05,5.08665252709761e-05,0.000117239243991207,3.87155341741163e-05,5.79153565922752e-05,7.16305003152229e-05,5.50517688679975e-05,2.97812657663599e-05,9.40901445574127e-05,8.14560335129499e-05,5.53119643882383e-05,9.63335842243396e-05,9.53478665906005e-05,-6.20102809989476e-06,8.69797731866129e-05,2.38069533224916e-05,0.000114494847366586,0.000131165754282847,0.000122461846331134,0.000116278228233568,8.00021225586534e-05,0.000105443010397721,5.59272193640936e-05,3.5957829823019e-05,6.86214843881316e-05,6.91424138494767e-05,6.87560968799517e-05,5.9349764342187e-05,8.98416838026606e-05,9.69854445429519e-05,7.9442143032793e-05,8.60033396747895e-05,6.67232670821249e-05,
2487.0,6.68544598738663e-05,1.23583995446097e-05,2.95388908853056e-05,3.49512192769907e-05,2.3501390387537e-05,2.89112704194849e-05,4.56696725450456e-05,7.34529749024659e-05,8.44900350784883e-05,8.49935531732626e-05,6.26189794274978e-05,6.49474968668073e-05,0.000104060301964637,4.48613427579403e-05,2.30455661949236e-05,6.47482593194582e-05,2.50645989581244e-05,0.000118899755761959,1.74902561411727e-05,7.31946056475863e-05,6.15675671724603e-05,7.32269036234356e-05,5.18708884555963e-06,8.29941927804612e-05,6.86176208546385e-05,4.71514576929621e-05,0.000111252251372207,6.99665906722657e-05,2.08961864700541e-06,9.97481110971421e-05,1.48867693496868e-05,0.000111125300463755,0.000105194732896052,0.000100191282399464,0.00013589310401585,5.65311529499013e-05,7.84633448347449e-05,6.04127635597251e-05,6.30069334874861e-05,8.81251980899833e-05,8.09485136414878e-05,9.46403233683668e-05,6.38215788058005e-05,9.23148763831705e-05,0.000101229401479941,7.620059477631e-05,7.41990807000548e-05,7.81012859079055e-05,
2488.0,6.30339636700228e-05,1.15818229460274e-05,5.21355905220844e-05,3.10922987409867e-05,2.22998514800565e-05,2.67935229203431e-05,4.70570776087698e-05,6.91640452714637e-05,7.2424067184329e-05,8.31302677397616e-05,6.5426022047177e-05,6.49164649075828e-05,0.000109299973701127,4.23552810389083e-05,1.48355002238532e-05,6.26169130555354e-05,1.85346161742928e-05,0.000120101787615567,1.01334089777083e-05,7.99129920778796e-05,5.92408905504271e-05,8.16272222436965e-05,3.07113919006952e-06,7.19908421160653e-05,6.22548686806113e-05,4.78909714729525e-05,0.000109866232378408,5.93823715462349e-05,6.62158936393098e-06,9.7482479759492e-05,9.67778760241345e-06,0.000111776484118309,8.89132934389636e-05,8.94100448931567e-05,0.000140797637868673,4.93903062306345e-05,6.96252027410083e-05,5.27847805642523e-05,6.22136940364726e-05,8.27744661364704e-05,8.01343194325455e-05,0.000100876561191399,5.91720672673546e-05,9.34543422772549e-05,0.000108062420622446,7.61914998292923e-05,7.26877915440127e-05,8.1804690125864e-05,
2489.0,5.60437074454967e-05,4.70416671305429e-05,9.72685156739317e-05,1.48215412991703e-05,2.77931103482842e-05,3.63756626029499e-05,5.35578619746957e-05,9.72931229625829e-05,3.69379959010985e-05,7.66555385780521e-05,7.21880642231554e-05,6.70944937155582e-05,9.34517156565562e-05,6.2390354287345e-05,4.45846671937034e-05,9.36358192120679e-05,1.77954680111725e-05,0.000122426470625214,2.27883651859884e-06,0.000105202780105174,4.93654915771913e-05,9.94234796962701e-05,1.84615473699523e-05,5.90670570090879e-05,8.61953085404821e-05,6.68097200104967e-05,9.76959199761041e-05,5.05494463141076e-05,1.89187085197773e-05,7.25210047676228e-05,3.94046728615649e-05,0.000128317522467114,5.58170067961328e-05,7.11637330823578e-05,0.000134271162096411,6.93162146490067e-05,7.67462406656705e-05,1.04383707366651e-05,2.18784825847251e-05,6.78063006489538e-05,6.93547481205314e-05,9.42144761211239e-05,4.17043193010613e-05,0.00011159288987983,0.00012357669766061,7.88935212767683e-05,7.45548313716426e-05,5.91446732869372e-05,
2490.0,5.22448935953435e-05,6.43814855720848e-05,0.000115295864816289,2.29322995437542e-05,2.91912474494893e-05,3.91444773413241e-05,6.08713417022955e-05,0.000102025012893137,3.0541490559699e-05,7.00361779308878e-05,7.2670889494475e-05,7.92804057709873e-05,8.25333409011364e-05,6.53817915008403e-05,5.96314421272837e-05,0.000103662241599523,1.62630440172507e-05,0.000126472601550631,9.48804881772958e-06,0.000106683677586261,4.27858067268971e-05,0.000106131665233988,2.28255503316177e-05,6.29038622719236e-05,8.78388382261619e-05,7.40610994398594e-05,8.92243988346308e-05,4.23534511355683e-05,2.57638766925083e-05,6.33137606200762e-05,5.97268917772453e-05,0.000130820175400004,4.2253581341356e-05,6.58356220810674e-05,0.000138223971589468,7.8129130997695e-05,7.23780394764617e-05,1.01128284768492e-06,1.23781119327759e-05,6.54796094750054e-05,6.177528121043e-05,8.9837696577888e-05,3.60594422090799e-05,0.000118490803288296,0.000125868056784384,7.6133779657539e-05,7.01607568771578e-05,5.7766679674387e-05,
2491.0,4.18067429563962e-05,8.40696011437103e-05,0.000122191646369174,5.37422420165967e-05,1.51505755638937e-05,5.40929286216851e-05,9.01601670193486e-05,0.00011255795834586,2.66344322881196e-05,4.80565540783573e-05,7.08164152456447e-05,0.000134116606204771,6.74536931910552e-05,5.72059725527652e-05,8.89232760528103e-05,0.000126854531117715,2.76062801276566e-05,0.00012941328168381,4.40380063082557e-05,7.64280121074989e-05,3.90084678656422e-05,8.50183787406422e-05,4.31072658102494e-05,7.71708000684157e-05,6.80966841173358e-05,8.06701355031691e-05,5.41466069989838e-05,4.62443604192231e-05,1.70420735230437e-05,4.73261388833635e-05,7.76654778746888e-05,0.000119978278235067,6.01809078943916e-05,7.99250774434768e-05,0.000141991607961245,8.98534781299531e-05,7.27850274415687e-05,7.75029820943018e-06,1.85369663086021e-06,4.59571165265515e-05,4.37863600382116e-05,6.77426069159992e-05,3.30779039359186e-05,9.86786399153061e-05,0.00011964442091994,7.62300915084779e-05,7.53546919440851e-05,7.60291586630046e-05,
2492.0,4.87349061586428e-05,9.23118859645911e-05,0.000122051234939136,7.97400571173057e-05,1.75531804416096e-05,5.47931413166225e-05,9.52734117163345e-05,0.000125182647025213,3.28671740135178e-05,3.72954818885773e-05,7.39529205020517e-05,0.000152501495904289,5.90982563153375e-05,5.62612585781608e-05,0.000106557956314646,0.000137487615575083,3.92581314372364e-05,0.000131175576825626,6.36996046523564e-05,6.71724919811822e-05,4.63062351627741e-05,8.60467553138733e-05,5.39938846486621e-05,8.58874336699955e-05,6.63308310322464e-05,8.17068430478685e-05,4.86055032524746e-05,5.01508729939815e-05,3.09038259729277e-05,4.96743596158922e-05,9.04613043530844e-05,0.000120980083011091,6.29623100394383e-05,8.57247214298695e-05,0.000139987751026638,9.52004556893371e-05,7.41498297429644e-05,1.14317745101289e-05,-2.80217636827729e-06,4.14369496866129e-05,4.2569747165544e-05,6.15155440755188e-05,2.973957634822e-05,0.000106324099760968,0.000115450537123252,7.55909859435633e-05,8.02559734438546e-05,8.17528052721173e-05,
2493.0,7.88143370300531e-05,7.42214469937608e-05,8.87096539372578e-05,0.000142451346619055,3.82363577955402e-05,3.06836955132894e-05,6.9160494604148e-05,0.000121107892482542,8.32925434224308e-05,3.69889094145037e-05,6.37759439996444e-05,0.000146459657116793,4.89003941765986e-05,4.16753136960324e-05,0.000106287574453745,0.00013096556358505,5.4603602620773e-05,0.000146168764331378,8.64889443619177e-05,5.16438776685391e-05,6.1962527979631e-05,9.50300818658434e-05,4.77778594358824e-05,0.000111237059172709,7.30528918211348e-05,6.1402068240568e-05,8.59841238707304e-05,4.72027895739302e-05,6.7789718741551e-05,8.54059908306226e-05,0.000100816323538311,0.000110206434328575,5.43770656804554e-05,9.55848227022216e-05,0.000142259785206988,9.15286509552971e-05,5.46202281839214e-05,4.33257046097424e-05,2.10680609598057e-05,7.58820824557915e-05,6.24130625510588e-05,6.49246358079836e-05,2.50094853981864e-05,0.000142047472763807,9.51692418311723e-05,7.32922053430229e-05,7.26483049220406e-05,8.7972468463704e-05,
2494.0,9.20418824534863e-05,7.48543607187457e-05,7.99419503891841e-05,0.00016474659787491,4.59178991150111e-05,2.50407629209803e-05,6.51327500236221e-05,0.000114484697405715,0.000106260369648226,3.58463839802425e-05,7.03332552802749e-05,0.000143667071824893,5.11238395120017e-05,4.34666180808563e-05,0.000110809742182028,0.00011987192556262,6.18217381997965e-05,0.000141528420499526,0.000103052516351454,4.60194714833051e-05,6.98578369338065e-05,0.00010990599548677,4.74334774480667e-05,0.000123817342682742,6.98645162628964e-05,5.82616266910918e-05,8.59989668242633e-05,5.5977601732593e-05,8.57088743941858e-05,9.47666994761676e-05,0.000110164131911006,0.000119868156616576,6.39235440758057e-05,0.000100361663498916,0.00014564320736099,8.87371716089547e-05,5.51600169274025e-05,6.21573053649627e-05,3.21202314808033e-05,8.1283382314723e-05,6.25422762823291e-05,6.61649901303463e-05,3.59979239874519e-05,0.000152548920596018,8.89189104782417e-05,6.87268693582155e-05,7.03661644365638e-05,9.79441538220271e-05,
2495.0,0.000109322420030367,8.43368979985826e-05,8.59058054629713e-05,0.000156304406118579,5.67116512684152e-05,2.66962615569355e-05,6.74832554068416e-05,0.000121621720609255,0.000112655718112364,3.63555227522738e-05,0.00011658498988254,0.000118580988782924,7.91629427112639e-05,6.73387330607511e-05,0.000123585530673154,8.47020928631537e-05,7.23376506357454e-05,0.000103845348348841,0.00010455464507686,7.025647937553e-05,9.65293875196949e-05,0.000152661261381581,5.16162108397111e-05,0.00011980342969764,6.32917508482933e-05,6.44599931547418e-05,7.09321902832016e-05,8.40803841128945e-05,0.000112269968667533,0.000101965037174523,0.00011466268915683,0.000161097763339058,8.50571886985563e-05,0.000101402802101802,0.000133277208078653,9.00923841982149e-05,8.42615045257844e-05,6.66801715851761e-05,3.26161753037013e-05,5.38053791387938e-05,5.97135585849173e-05,7.69982434576377e-05,6.34750176686794e-05,0.000170588857145049,9.77625313680619e-05,5.46840201423038e-05,7.11762477294542e-05,0.000106508850876708,
2496.0,0.000119263044325635,9.07964131329209e-05,8.48671697895043e-05,0.000150454594404437,6.98142393957824e-05,2.63933961832663e-05,5.73518773308024e-05,0.000121014105388895,0.000115720424219035,3.61177553713787e-05,0.00012357703235466,0.000105314094980713,8.46987459226511e-05,7.7986107498873e-05,0.000120440985483583,8.05130985099822e-05,7.25885911379009e-05,9.88244864856824e-05,0.000112409594294149,7.9353922046721e-05,0.000101957259175833,0.000173406806425191,5.31027289980557e-05,0.000120424949273001,7.21357937436551e-05,7.24295387044549e-05,7.0839116233401e-05,9.70584951573983e-05,0.000126040409668349,0.000103043144918047,0.000117395640700124,0.000178284739376977,9.56086660153233e-05,9.62354315561242e-05,0.000132504355860874,8.50820797495544e-05,9.9457218311727e-05,7.56455192458816e-05,3.88042426493485e-05,5.66451271879487e-05,6.15376047790051e-05,8.61345979501493e-05,7.98969631432556e-05,0.000172572472365573,9.75048169493675e-05,5.0766142521752e-05,8.10284909675829e-05,0.000106481886177789,
2497.0,0.00011154717503814,0.000105587554571684,9.39564852160402e-05,0.000107001251308247,7.21283722668886e-05,3.85753701266367e-05,4.79019035992678e-05,9.57605370786041e-05,0.000109569875348825,3.75848867406603e-05,0.000107699299405795,0.000113324545964133,6.62162856315263e-05,8.22044239612296e-05,9.42146798479371e-05,8.82986641954631e-05,4.66305973532144e-05,0.000100111406936776,0.00013430324906949,7.1709233452566e-05,7.1089350967668e-05,0.000192714534932747,4.4996093492955e-05,0.00012251157022547,8.61749067553319e-05,9.78710813797079e-05,5.46358969586436e-05,0.000104617960460018,0.000112535199150443,7.11611937731504e-05,0.000118143085273914,0.000193300496903248,0.000123320496641099,8.29749187687412e-05,0.00015482799790334,6.37444536550902e-05,0.000125432721688412,8.99669976206496e-05,5.02749608131126e-05,6.79489094181918e-05,4.95331150887068e-05,9.4361967057921e-05,0.000114052476419602,0.000141676820931025,9.39072560868226e-05,5.63439753022976e-05,0.000103343380033039,0.000107470754301175,
2498.0,0.000109698186861351,0.00011874019401148,9.46583313634619e-05,9.38932498684153e-05,7.79094698373228e-05,4.34451321780216e-05,4.94932246510871e-05,8.99554215720855e-05,0.00010195004142588,4.0282651752932e-05,0.000106921361293644,0.000100024335552007,8.04691953817382e-05,9.80886252364144e-05,9.31243484956212e-05,8.91422314452939e-05,4.46854792244267e-05,0.000106835497717839,0.000133294932311401,8.14041122794151e-05,7.0219837652985e-05,0.000192306950339116,4.91440441692248e-05,0.00012605739175342,8.88590438989922e-05,0.000110507651697844,4.23069104726892e-05,0.000120167453133035,0.000111460271000396,7.0006113674026e-05,0.000121265235065948,0.000207795776077546,0.000131428692839108,7.61497649364173e-05,0.000160121460794471,5.86508103879169e-05,0.000126538434415124,9.85889419098385e-05,5.87568574701436e-05,7.27881924831308e-05,4.2754880269058e-05,0.000102746627817396,0.000126245635328814,0.000116734547191299,9.55691357376054e-05,4.8390884330729e-05,0.000113000212877523,0.000105462873762008,
2499.0,0.000120053475257009,0.000131132153910585,7.90562626207247e-05,0.000108011707197875,0.000102969956060406,2.90021544060437e-05,4.13656271120999e-05,0.000102022931969259,7.838306191843e-05,4.23572564614005e-05,7.70240440033376e-05,6.10496790613979e-05,0.000115404589450918,0.000131921842694283,0.000104689876025077,0.000120274169603363,5.50356671737973e-05,0.000155394634930417,0.000113806003355421,0.000100166384072509,9.08154179342091e-05,0.000161648742505349,6.37848497717641e-05,0.000139581155963242,0.000109248583612498,0.000123998077469878,3.94291164411698e-05,0.000140065123559907,0.000125597798614763,9.50028115767054e-05,0.000123651319881901,0.000221604204853065,0.000108431820990518,6.6165164753329e-05,0.000157189424498938,6.12093135714531e-05,0.000104773593193386,9.8898155556526e-05,6.7688524723053e-05,0.000107824598671868,4.19854841311462e-05,0.000116337439976633,9.8983095085714e-05,7.96175736468285e-05,9.58009986788966e-05,3.28032983816229e-05,0.000128460524138063,8.7860127678141e-05,
2500.00.0001115055856644180.0001382892078254377.83649666118436e-050.0001049002312356610.0001043978336383593.51956441591028e-053.94721173506696e-050.0001023821241687987.539291982539e-055.05780590174254e-057.48894090065733e-055.07333606947213e-050.0001238036347785960.0001348060322925459.87283710855991e-050.000130517233628786.39761856291443e-050.0001702716399449860.0001030617568176240.0001119335065595818.8362256065011e-050.0001488414127379667.00389427947812e-050.000130332147818990.0001104212205973450.0001244260056409985.44105896551628e-050.0001432454300811510.0001188513488159510.0001026236277539280.000121012562885880.0002122498117387290.0001037829351844275.73418474232312e-050.0001555109192850076.1368198657874e-058.61386797623709e-050.0001067739140125927.20493335393257e-050.0001142355758929634.92327271786053e-050.0001220600606757220.000103294398286387.17935472493991e-050.0001011756830848753.43289684678894e-050.0001349635131191468.08004260761663e-05